7.642489348132490195e-11 3.617496247893628257e-14 1.261313684050608928e-06 -2.454568602934901952e-12 -1.305664728508584666e-09 -1.427087599074610025e-07 -1.193653158309535163e-11 -2.065836137125694757e-09 4.842634283481166810e-12 1.702964576088374060e-12 2.187598250454785696e-13 -5.351614188591992759e-12 3.082976644621419413e-08 9.966974939350078451e-10 2.979482857087793995e-08 1.637202438438327883e-09 8.266587456948956579e-08 6.894051727566552763e-10 5.947102207733842004e-08 5.373253026050519752e-09 7.347187408630645671e-07 5.053929487909448388e-09 7.612234643270126356e-07 5.048341297763107957e-09
3.617496247893628257e-14 7.601221562241810083e-12 5.970302752970048236e-10 -1.161845611663727309e-15 -6.180234006529590986e-13 1.438513489532542642e-08 4.376709819373486714e-13 -8.184150838435495488e-11 1.017552849020421643e-09 3.578334341890260714e-10 4.596665166014109373e-11 -1.124501654612934300e-09 3.017068488949684004e-09 1.149526954549464671e-10 2.957270887968774976e-09 1.190523026295525749e-10 8.563260703278282901e-09 7.049784254131912629e-11 2.815001623466329182e-11 2.543375826290241839e-12 3.477718014718246783e-10 2.392227208546767540e-12 3.603175484548701433e-10 2.389582094374402010e-12
1.261313684050608928e-06 5.970302752970048236e-10 2.081668673409604875e-02 -4.051008313943731318e-08 -2.154864288381659699e-05 -2.355258116958833942e-03 -1.969999924531784040e-07 -3.409448672910653206e-05 7.992266146352904764e-08 2.810566590530436654e-08 3.610404257914172078e-09 -8.832284743865384281e-08 5.088134190421557878e-04 1.644945710128581934e-05 4.917328425845086080e-04 2.702032551099442249e-05 1.364314735034732884e-03 1.137791704562938343e-05 9.815084633249281966e-04 8.867995623707660487e-05 1.212581219614233471e-02 8.340985187354887497e-05 1.256324742442217757e-02 8.331762458744441566e-05
-2.454568602934901952e-12 -1.161845611663727309e-15 -4.051008313943731318e-08 7.883442542778763980e-14 4.193455344528218269e-11 4.583439176154653342e-09 3.833705562668903871e-13 6.634927397365918621e-11 -1.555328051506647470e-13 -5.469478844620614637e-14 -7.025996029800481403e-15 1.718799145788071366e-13 -9.901716632805549401e-10 -3.201133458579254220e-11 -9.569321509724413718e-10 -5.258269110933617453e-11 -2.655012350672387244e-09 -2.214190191305824461e-11 -1.910052203972111700e-09 -1.725749429475282327e-10 -2.359714981650303498e-08 -1.623191028188327834e-10 -2.444840686068929749e-08 -1.621396246943157716e-10
-1.305664728508584666e-09 -6.180234006529590986e-13 -2.154864288381659699e-05 4.193455344528218269e-11 2.230634952495482670e-08 2.438077379039939933e-06 2.039271236539983447e-10 3.529333504477336885e-08 -8.273294850614902877e-11 -2.909393365992653317e-11 -3.737355389932972748e-12 9.142850671241167249e-11 -5.267045395502932968e-07 -1.702786506458402751e-08 -5.090233649672949646e-07 -2.797043476915622294e-08 -1.412287426069054291e-06 -1.177799512112751112e-08 -1.016019890633893451e-06 -9.179819187327454795e-08 -1.255214255469766510e-05 -8.634277727268182868e-08 -1.300495669277712057e-05 -8.624730703452990018e-08
-1.427087599074610025e-07 1.438513489532542642e-08 -2.355258116958833942e-03 4.583439176154653342e-09 2.438077379039939933e-06 2.939613724245109081e-04 2.313210633477725119e-08 3.703798971107537382e-06 1.925695086672864557e-06 6.771914447517149943e-07 8.699081836144353296e-08 -2.128093207792738168e-06 -5.185982508581669866e-05 -1.643470596044148922e-06 -5.004004368479363850e-05 -2.832272114560917323e-06 -1.381550579293108110e-04 -1.153909626255020928e-06 -1.110505106036085098e-04 -1.003351783316798648e-05 -1.371938021262760496e-03 -9.437242706119490675e-06 -1.421430065494651805e-03 -9.426807837529280025e-06
-1.193653158309535163e-11 4.376709819373486714e-13 -1.969999924531784040e-07 3.833705562668903871e-13 2.039271236539983447e-10 2.313210633477725119e-08 1.890180671249781122e-12 3.179393966755186271e-10 5.858970793133779321e-11 2.060370308575776952e-11 2.646715334552009470e-12 -6.474771743469216492e-11 -4.640078946430905126e-09 -1.489938368188338029e-10 -4.481894655865538088e-09 -2.488106200822870104e-10 -1.241413872851534008e-08 -1.035831677103667273e-10 -9.288559642042665525e-09 -8.392293785293805440e-10 -1.147527594649935673e-07 -7.893553756004515708e-10 -1.188924190112377198e-07 -7.884825760886747841e-10
-2.065836137125694757e-09 -8.184150838435495488e-11 -3.409448672910653206e-05 6.634927397365918621e-11 3.529333504477336885e-08 3.703798971107537382e-06 3.179393966755186271e-10 5.670172706294440411e-08 -1.095587878144167857e-08 -3.852752716267612263e-09 -4.949178254709644971e-10 1.210738423334985653e-08 -8.652984908542316960e-07 -2.815954127921527366e-08 -8.366922235475695578e-07 -4.551337436677847334e-08 -2.325217707486205123e-06 -1.938176811939648371e-08 -1.607557312030811267e-06 -1.452440372051511701e-07 -1.986013875040525188e-05 -1.366124241676693072e-07 -2.057658647382165924e-05 -1.364613701773774993e-07
4.842634283481166810e-12 1.017552849020421643e-09 7.992266146352904764e-08 -1.555328051506647470e-13 -8.273294850614902877e-11 1.925695086672864557e-06 5.858970793133779321e-11 -1.095587878144167857e-08 1.362167643045797325e-07 4.790209373444714862e-08 6.153418474813854134e-09 -1.505336805348708597e-07 4.038859572141146796e-07 1.538837427748247655e-08 3.958810308081280881e-07 1.593717645584789879e-08 1.146338161219117874e-06 9.437335792626799784e-09 3.768358676131518552e-09 3.404741325986492165e-10 4.655517335922147943e-08 3.202403181581802622e-10 4.823463507347099686e-08 3.198862246167639185e-10
1.702964576088374060e-12 3.578334341890260714e-10 2.810566590530436654e-08 -5.469478844620614637e-14 -2.909393365992653317e-11 6.771914447517149943e-07 2.060370308575776952e-11 -3.852752716267612263e-09 4.790209373444714862e-08 1.684528820573699933e-08 2.163915992688232593e-09 -5.293679279284899013e-08 1.420308518586428294e-07 5.411487830222790288e-09 1.392158331461409473e-07 5.604480036333367499e-09 4.031221756720673081e-07 3.318740941361000492e-09 1.325183971736336760e-09 1.197314009255290949e-10 1.637162881381730114e-08 1.126159618455416530e-10 1.696222963842441254e-08 1.124914410326204254e-10
2.187598250454785696e-13 4.596665166014109373e-11 3.610404257914172078e-09 -7.025996029800481403e-15 -3.737355389932972748e-12 8.699081836144353296e-08 2.646715334552009470e-12 -4.949178254709644971e-10 6.153418474813854134e-09 2.163915992688232593e-09 2.779728300947372697e-10 -6.800166992710087014e-09 1.824503269982389102e-08 6.951501779213760798e-10 1.788342036249771261e-08 7.199416162003515193e-10 5.178436359169823582e-08 4.263196054403169052e-10 1.702307951133629477e-10 1.538048453040473077e-11 2.103070555075309365e-09 1.446644777936322743e-11 2.178938095097894155e-09 1.445045205541713157e-11
-5.351614188591992759e-12 -1.124501654612934300e-09 -8.832284743865384281e-08 1.718799145788071366e-13 9.142850671241167249e-11 -2.128093207792738168e-06 -6.474771743469216492e-11 1.210738423334985653e-08 -1.505336805348708597e-07 -5.293679279284899013e-08 -6.800166992710087014e-09 1.663553632669431774e-07 -4.463359570055469111e-07 -1.700575302004655098e-08 -4.374896813477142142e-07 -1.761223646746767151e-08 -1.266822803881342772e-06 -1.042923694471741835e-08 -4.164427989800968972e-09 -3.762593027455319657e-10 -5.144830509798692181e-08 -3.538988348453992910e-10 -5.330428483993650184e-08 -3.535075246804320976e-10
3.082976644621419413e-08 3.017068488949684004e-09 5.088134190421557878e-04 -9.901716632805549401e-10 -5.267045395502932968e-07 -5.185982508581669866e-05 -4.640078946430905126e-09 -8.652984908542316960e-07 4.038859572141146796e-07 1.420308518586428294e-07 1.824503269982389102e-08 -4.463359570055469111e-07 1.362269158867697119e-05 4.472872490315573807e-07 1.318177158829631203e-05 7.071662223851226461e-07 3.671440785082165907e-05 3.058234668969425054e-07 2.399058769913225473e-05 2.167567663798706243e-06 2.963854377121242253e-04 2.038752695931938151e-06 3.070774439734777744e-04 2.036498422643035965e-06
9.966974939350078451e-10 1.149526954549464671e-10 1.644945710128581934e-05 -3.201133458579254220e-11 -1.702786506458402751e-08 -1.643470596044148922e-06 -1.489938368188338029e-10 -2.815954127921527366e-08 1.538837427748247655e-08 5.411487830222790288e-09 6.951501779213760798e-10 -1.700575302004655098e-08 4.472872490315573807e-07 1.472264497417417377e-08 4.328968488975116835e-07 2.313298713715557365e-08 1.206470427696546311e-06 1.004774374904916275e-08 7.755928997663329483e-07 7.007544098582470058e-08 9.581847459341507375e-06 6.591097372561178844e-08 9.927509117884759121e-06 6.583809517911083169e-08
2.979482857087793995e-08 2.957270887968774976e-09 4.917328425845086080e-04 -9.569321509724413718e-10 -5.090233649672949646e-07 -5.004004368479363850e-05 -4.481894655865538088e-09 -8.366922235475695578e-07 3.958810308081280881e-07 1.392158331461409473e-07 1.788342036249771261e-08 -4.374896813477142142e-07 1.318177158829631203e-05 4.328968488975116835e-07 1.275532935118101596e-05 6.840725501200547402e-07 3.552844649535351682e-05 2.959401073525400950e-07 2.318523743678896229e-05 2.094803634632744297e-06 2.864359569616642940e-04 1.970312912541931939e-06 2.967690392202057548e-04 1.968134313936868107e-06
1.637202438438327883e-09 1.190523026295525749e-10 2.702032551099442249e-05 -5.258269110933617453e-11 -2.797043476915622294e-08 -2.832272114560917323e-06 -2.488106200822870104e-10 -4.551337436677847334e-08 1.593717645584789879e-08 5.604480036333367499e-09 7.199416162003515193e-10 -1.761223646746767151e-08 7.071662223851226461e-07 2.313298713715557365e-08 6.840725501200547402e-07 3.691319647345836735e-08 1.903537410318119779e-06 1.586058692458322337e-08 1.274009969744192829e-06 1.151078280382293090e-07 1.573940148304678248e-05 1.082671607503805958e-07 1.630719462321514890e-05 1.081474484656738256e-07
8.266587456948956579e-08 8.563260703278282901e-09 1.364314735034732884e-03 -2.655012350672387244e-09 -1.412287426069054291e-06 -1.381550579293108110e-04 -1.241413872851534008e-08 -2.325217707486205123e-06 1.146338161219117874e-06 4.031221756720673081e-07 5.178436359169823582e-08 -1.266822803881342772e-06 3.671440785082165907e-05 1.206470427696546311e-06 3.552844649535351682e-05 1.903537410318119779e-06 9.897562517729646746e-05 8.243947502541612464e-07 6.432753200555237332e-05 5.812041409044276290e-06 7.947175184849704669e-04 5.466641389108107235e-06 8.233866854883658930e-04 5.460596858293296280e-06
6.894051727566552763e-10 7.049784254131912629e-11 1.137791704562938343e-05 -2.214190191305824461e-11 -1.177799512112751112e-08 -1.153909626255020928e-06 -1.035831677103667273e-10 -1.938176811939648371e-08 9.437335792626799784e-09 3.318740941361000492e-09 4.263196054403169052e-10 -1.042923694471741835e-08 3.058234668969425054e-07 1.004774374904916275e-08 2.959401073525400950e-07 1.586058692458322337e-08 8.243947502541612464e-07 6.866707186746539681e-09 5.364694962092654821e-07 4.847044449751337696e-08 6.627665248466102983e-06 4.558992628642692694e-08 6.866755899698932049e-06 4.553951696251517668e-08
5.947102207733842004e-08 2.815001623466329182e-11 9.815084633249281966e-04 -1.910052203972111700e-09 -1.016019890633893451e-06 -1.110505106036085098e-04 -9.288559642042665525e-09 -1.607557312030811267e-06 3.768358676131518552e-09 1.325183971736336760e-09 1.702307951133629477e-10 -4.164427989800968972e-09 2.399058769913225473e-05 7.755928997663329483e-07 2.318523743678896229e-05 1.274009969744192829e-06 6.432753200555237332e-05 5.364694962092654821e-07 4.627821330361522190e-05 4.181265164934828275e-06 5.717340369505788389e-04 3.932779395766041951e-06 5.923592024773356637e-04 3.928430873311007651e-06
5.373253026050519752e-09 2.543375826290241839e-12 8.867995623707660487e-05 -1.725749429475282327e-10 -9.179819187327454795e-08 -1.003351783316798648e-05 -8.392293785293805440e-10 -1.452440372051511701e-07 3.404741325986492165e-10 1.197314009255290949e-10 1.538048453040473077e-11 -3.762593027455319657e-10 2.167567663798706243e-06 7.007544098582470058e-08 2.094803634632744297e-06 1.151078280382293090e-07 5.812041409044276290e-06 4.847044449751337696e-08 4.181265164934828275e-06 3.777807063459175672e-07 5.165626787064217306e-05 3.553298259647721084e-07 5.351974858515740389e-05 3.549369335636391942e-07
7.347187408630645671e-07 3.477718014718246783e-10 1.212581219614233471e-02 -2.359714981650303498e-08 -1.255214255469766510e-05 -1.371938021262760496e-03 -1.147527594649935673e-07 -1.986013875040525188e-05 4.655517335922147943e-08 1.637162881381730114e-08 2.103070555075309365e-09 -5.144830509798692181e-08 2.963854377121242253e-04 9.581847459341507375e-06 2.864359569616642940e-04 1.573940148304678248e-05 7.947175184849704669e-04 6.627665248466102983e-06 5.717340369505788389e-04 5.165626787064217306e-05 7.063442911758802643e-03 4.858641672251240564e-05 7.318256928872089034e-03 4.853269407830290434e-05
5.053929487909448388e-09 2.392227208546767540e-12 8.340985187354887497e-05 -1.623191028188327834e-10 -8.634277727268182868e-08 -9.437242706119490675e-06 -7.893553756004515708e-10 -1.366124241676693072e-07 3.202403181581802622e-10 1.126159618455416530e-10 1.446644777936322743e-11 -3.538988348453992910e-10 2.038752695931938151e-06 6.591097372561178844e-08 1.970312912541931939e-06 1.082671607503805958e-07 5.466641389108107235e-06 4.558992628642692694e-08 3.932779395766041951e-06 3.553298259647721084e-07 4.858641672251240564e-05 3.342131642874679630e-07 5.033915360823875931e-05 3.338436208314830431e-07
7.612234643270126356e-07 3.603175484548701433e-10 1.256324742442217757e-02 -2.444840686068929749e-08 -1.300495669277712057e-05 -1.421430065494651805e-03 -1.188924190112377198e-07 -2.057658647382165924e-05 4.823463507347099686e-08 1.696222963842441254e-08 2.178938095097894155e-09 -5.330428483993650184e-08 3.070774439734777744e-04 9.927509117884759121e-06 2.967690392202057548e-04 1.630719462321514890e-05 8.233866854883658930e-04 6.866755899698932049e-06 5.923592024773356637e-04 5.351974858515740389e-05 7.318256928872089034e-03 5.033915360823875931e-05 7.582263425009144742e-03 5.028349293845730481e-05
5.048341297763107957e-09 2.389582094374402010e-12 8.331762458744441566e-05 -1.621396246943157716e-10 -8.624730703452990018e-08 -9.426807837529280025e-06 -7.884825760886747841e-10 -1.364613701773774993e-07 3.198862246167639185e-10 1.124914410326204254e-10 1.445045205541713157e-11 -3.535075246804320976e-10 2.036498422643035965e-06 6.583809517911083169e-08 1.968134313936868107e-06 1.081474484656738256e-07 5.460596858293296280e-06 4.553951696251517668e-08 3.928430873311007651e-06 3.549369335636391942e-07 4.853269407830290434e-05 3.338436208314830431e-07 5.028349293845730481e-05 3.334744859841035754e-07
