2.014677218013490282e-10 6.142346219037855383e-14 3.458137295373105575e-06 -5.858643748367106201e-12 -2.607112342848575304e-09 -3.686214796436226367e-07 -2.766289857027632532e-11 -5.292225710351732242e-09 8.223446264933623852e-12 2.888468658950433641e-12 3.775498305044261724e-13 -8.278235013154459427e-12 7.836560706399689161e-08 2.433500450129831437e-09 7.590120134273462420e-08 3.953439037671404904e-09 2.154471362013616226e-07 1.665999038213315623e-09 1.452913048530320761e-07 1.304423437036286922e-08 1.710772858028961542e-06 1.228342550471824634e-08 1.768761405546364182e-06 1.226996919494805410e-08
6.142346219037855383e-14 1.182287563759567559e-11 1.054316609689610329e-09 -1.786182816518625925e-15 -7.948561932661732868e-13 2.342636822226856471e-08 6.939418915412804959e-13 2.222374260990703624e-11 1.582860669778238191e-09 5.559765685629656947e-10 7.267133004020670169e-11 -1.593406486204976681e-09 4.686859466772142315e-09 1.692221800264037891e-10 4.599834148300400997e-09 1.741757095784192114e-10 1.328679920725661131e-08 9.944099518122736917e-11 4.429640088465637304e-11 3.976925085004138093e-12 5.215802860225928298e-10 3.744969741611187604e-12 5.392598295448161828e-10 3.740867183012713183e-12
3.458137295373105575e-06 1.054316609689610329e-09 5.935803104808144715e-02 -1.005618308380016863e-07 -4.475035414833429878e-05 -6.327272965462480900e-03 -4.748254543090776084e-07 -9.083958267433040444e-05 1.411531632676594756e-07 4.957975950177927777e-08 6.480537616364837116e-09 -1.420935968304360698e-07 1.345124173558829260e-03 4.177034287317770719e-05 1.302823342264030097e-03 6.785965296601265552e-05 3.698090737624234493e-03 2.859640218124690555e-05 2.493889523287564323e-03 2.239005451117032476e-04 2.936514956972663057e-02 2.108414720522979629e-04 3.036051766644848326e-02 2.106104982663460612e-04
-5.858643748367106201e-12 -1.786182816518625925e-15 -1.005618308380016863e-07 1.703686251216393213e-13 7.581434632886163641e-11 1.071947133838293694e-08 8.044330509218637929e-13 1.538969283412644417e-10 -2.391362825354496305e-13 -8.399612952299225483e-14 -1.097907860704382222e-14 2.407295291784894384e-13 -2.278856381483512582e-09 -7.076577131193758951e-11 -2.207191909127184799e-09 -1.149653296255659008e-10 -6.265160927519164275e-09 -4.844695712724834006e-11 -4.225033094476794689e-09 -3.793241357534686911e-10 -4.974847330576598837e-08 -3.571999580442632164e-10 -5.143474458881898475e-08 -3.568086510195491311e-10
-2.607112342848575304e-09 -7.948561932661732868e-13 -4.475035414833429878e-05 7.581434632886163641e-11 3.373758698219934929e-08 4.770182009317727079e-06 3.579744062099571832e-10 6.848455336524575582e-08 -1.064162937181212093e-10 -3.737850522861063378e-11 -4.885719728956516092e-12 1.071252927612221665e-10 -1.014097626944397081e-06 -3.149094610389017573e-08 -9.822067485290474756e-07 -5.115985738308299881e-08 -2.788014266871907028e-06 -2.155902032756672321e-08 -1.880155858262825197e-06 -1.688001676702849642e-07 -2.213841190863422617e-05 -1.589548477384208874e-07 -2.288881784451935323e-05 -1.587807150727058367e-07
-3.686214796436226367e-07 2.342636822226856471e-08 -6.327272965462480900e-03 1.071947133838293694e-08 4.770182009317727079e-06 7.213260570614230763e-04 5.201273847452318948e-08 9.730538240202619665e-06 3.136350079011904220e-06 1.101636538645541542e-06 1.439941844419431109e-07 -3.157246018541708367e-06 -1.341001776795411446e-04 -4.117093481766814166e-06 -1.297628699686515430e-04 -6.889157330343979284e-06 -3.678765992239986537e-04 -2.851275384735674144e-06 -2.658357686433653923e-04 -2.386679396060273597e-05 -3.130130031163117724e-03 -2.247475728754092891e-05 -3.236228614079582604e-03 -2.245013654176111658e-05
-2.766289857027632532e-11 6.939418915412804959e-13 -4.748254543090776084e-07 8.044330509218637929e-13 3.579744062099571832e-10 5.201273847452318948e-08 3.840035983705930102e-12 7.280749555486042737e-10 9.290576582079022570e-11 3.263296085832453526e-11 4.265432723539133899e-12 -9.352475279228670326e-11 -1.048311321745146281e-08 -3.241272606310918563e-10 -1.014985877310646525e-08 -5.325585782203821768e-10 -2.879691925135603154e-08 -2.228756874341035665e-10 -1.994945735104730152e-08 -1.791063488466400167e-09 -2.348993234767191937e-07 -1.686599225097584677e-09 -2.428614704409906352e-07 -1.684751581418837475e-09
-5.292225710351732242e-09 2.222374260990703624e-11 -9.083958267433040444e-05 1.538969283412644417e-10 6.848455336524575582e-08 9.730538240202619665e-06 7.280749555486042737e-10 1.390661265991778883e-07 2.975340604585093537e-09 1.045082751511275028e-09 1.366020578582874022e-10 -2.995164799158649478e-09 -2.049134160224826084e-06 -6.358436419122518444e-08 -1.984572220773089560e-06 -1.035015975952171491e-07 -5.632785566824063993e-06 -4.356358567958849863e-08 -3.816563858321618400e-06 -3.426505789036408937e-07 -4.493919958080921348e-05 -3.226653812133481608e-07 -4.646246387990883353e-05 -3.223119060874537805e-07
8.223446264933623852e-12 1.582860669778238191e-09 1.411531632676594756e-07 -2.391362825354496305e-13 -1.064162937181212093e-10 3.136350079011904220e-06 9.290576582079022570e-11 2.975340604585093537e-09 2.119152730323647978e-07 7.443480425201475633e-08 9.729324153581705847e-09 -2.133271565279048655e-07 6.274823295622328186e-07 2.265566685762132290e-08 6.158312763098316811e-07 2.331885129008405575e-08 1.778852506594183351e-06 1.331327878875783895e-08 5.930454902506618893e-09 5.324354663257255065e-10 6.982978987392490612e-08 5.013810087251798776e-10 7.219674821720729932e-08 5.008317532944387532e-10
2.888468658950433641e-12 5.559765685629656947e-10 4.957975950177927777e-08 -8.399612952299225483e-14 -3.737850522861063378e-11 1.101636538645541542e-06 3.263296085832453526e-11 1.045082751511275028e-09 7.443480425201475633e-08 2.614507328724461230e-08 3.417405230474334872e-09 -7.493072804163185836e-08 2.204018807652603124e-07 7.957756694342386752e-09 2.163094721543483551e-07 8.190698870617926238e-09 6.248182946066765601e-07 4.676261967457226560e-09 2.083060137927859879e-09 1.870168671415187622e-10 2.452757063720668828e-08 1.761090525090121769e-10 2.535895990545297420e-08 1.759161276638343282e-10
3.775498305044261724e-13 7.267133004020670169e-11 6.480537616364837116e-09 -1.097907860704382222e-14 -4.885719728956516092e-12 1.439941844419431109e-07 4.265432723539133899e-12 1.366020578582874022e-10 9.729324153581705847e-09 3.417405230474334872e-09 4.466867785072021023e-10 -9.794145920519532039e-09 2.880858435010636130e-08 1.040153116845931593e-09 2.827366832440725511e-08 1.070600834739822024e-09 8.166958678934055033e-08 6.112311106393224669e-10 2.722754147548702585e-10 2.444485117380269631e-11 3.205982558691102440e-09 2.301909792806884042e-11 3.314652900881895734e-09 2.299388084898757521e-11
-8.278235013154459427e-12 -1.593406486204976681e-09 -1.420935968304360698e-07 2.407295291784894384e-13 1.071252927612221665e-10 -3.157246018541708367e-06 -9.352475279228670326e-11 -2.995164799158649478e-09 -2.133271565279048655e-07 -7.493072804163185836e-08 -9.794145920519532039e-09 2.147484522456731814e-07 -6.316629283114794388e-07 -2.280661057416791904e-08 -6.199342498267499237e-07 -2.347421348141385964e-08 -1.790704108357477907e-06 -1.340197869386803368e-08 -5.969966583166808323e-09 -5.359828200931837503e-10 -7.029503107209623014e-08 -5.047214620277507402e-10 -7.267775928122413340e-08 -5.041685471801894546e-10
7.836560706399689161e-08 4.686859466772142315e-09 1.345124173558829260e-03 -2.278856381483512582e-09 -1.014097626944397081e-06 -1.341001776795411446e-04 -1.048311321745146281e-08 -2.049134160224826084e-06 6.274823295622328186e-07 2.204018807652603124e-07 2.880858435010636130e-08 -6.316629283114794388e-07 3.232123457149414374e-05 1.013016209408382655e-06 3.132861936849253796e-05 1.606002909916123121e-06 8.901767659980643315e-05 6.870489283371459835e-07 5.651449474726771198e-05 5.073861084595091998e-06 6.654464627786116403e-04 4.777926584094982363e-06 6.880025303640681508e-04 4.772692436154566724e-06
2.433500450129831437e-09 1.692221800264037891e-10 4.177034287317770719e-05 -7.076577131193758951e-11 -3.149094610389017573e-08 -4.117093481766814166e-06 -3.241272606310918563e-10 -6.358436419122518444e-08 2.265566685762132290e-08 7.957756694342386752e-09 1.040153116845931593e-09 -2.280661057416791904e-08 1.013016209408382655e-06 3.179482336531226153e-08 9.820195585936084050e-07 5.021793785092629104e-08 2.790761638920800196e-06 2.153320531252339130e-08 1.754952373522408054e-06 1.575595048482757200e-07 2.066414262055455764e-05 1.483698010979278519e-07 2.136457593258304826e-05 1.482072642088139533e-07
7.590120134273462420e-08 4.599834148300400997e-09 1.302823342264030097e-03 -2.207191909127184799e-09 -9.822067485290474756e-07 -1.297628699686515430e-04 -1.014985877310646525e-08 -1.984572220773089560e-06 6.158312763098316811e-07 2.163094721543483551e-07 2.827366832440725511e-08 -6.199342498267499237e-07 3.132861936849253796e-05 9.820195585936084050e-07 3.036677897964507449e-05 1.556381207264354061e-06 8.628579374462322902e-05 6.659480566928179929e-07 5.473725403558220347e-05 4.914300598359735268e-06 6.445198617101557861e-04 4.627672510261605476e-06 6.663665992239089326e-04 4.622602963413935958e-06
3.953439037671404904e-09 1.741757095784192114e-10 6.785965296601265552e-05 -1.149653296255659008e-10 -5.115985738308299881e-08 -6.889157330343979284e-06 -5.325585782203821768e-10 -1.035015975952171491e-07 2.331885129008405575e-08 8.190698870617926238e-09 1.070600834739822024e-09 -2.347421348141385964e-08 1.606002909916123121e-06 5.021793785092629104e-08 1.556381207264354061e-06 8.010967519330469064e-08 4.421186552252423910e-06 3.413962311807300032e-08 2.851076791943357418e-06 2.559695065393988293e-07 3.357073681506478417e-05 2.410400112766452288e-07 3.470865282070227480e-05 2.407759555683592205e-07
2.154471362013616226e-07 1.328679920725661131e-08 3.698090737624234493e-03 -6.265160927519164275e-09 -2.788014266871907028e-06 -3.678765992239986537e-04 -2.879691925135603154e-08 -5.632785566824063993e-06 1.778852506594183351e-06 6.248182946066765601e-07 8.166958678934055033e-08 -1.790704108357477907e-06 8.901767659980643315e-05 2.790761638920800196e-06 8.628579374462322902e-05 4.421186552252423910e-06 2.451812982433488231e-04 1.892232678991817583e-06 1.553728060897788591e-04 1.394934486278296666e-05 1.829481857291492342e-03 1.313574508754758737e-05 1.891494215879620027e-03 1.312135507342945866e-05
1.665999038213315623e-09 9.944099518122736917e-11 2.859640218124690555e-05 -4.844695712724834006e-11 -2.155902032756672321e-08 -2.851275384735674144e-06 -2.228756874341035665e-10 -4.356358567958849863e-08 1.331327878875783895e-08 4.676261967457226560e-09 6.112311106393224669e-10 -1.340197869386803368e-08 6.870489283371459835e-07 2.153320531252339130e-08 6.659480566928179929e-07 3.413962311807300032e-08 1.892232678991817583e-06 1.460453009943128340e-08 1.201458344870661925e-06 1.078668276873245444e-07 1.414688945928443029e-05 1.015754634524204605e-07 1.462641362055498204e-05 1.014641890538822657e-07
1.452913048530320761e-07 4.429640088465637304e-11 2.493889523287564323e-03 -4.225033094476794689e-09 -1.880155858262825197e-06 -2.658357686433653923e-04 -1.994945735104730152e-08 -3.816563858321618400e-06 5.930454902506618893e-09 2.083060137927859879e-09 2.722754147548702585e-10 -5.969966583166808323e-09 5.651449474726771198e-05 1.754952373522408054e-06 5.473725403558220347e-05 2.851076791943357418e-06 1.553728060897788591e-04 1.201458344870661925e-06 1.047792186452520578e-04 9.407027449185062127e-06 1.233762818339931202e-03 8.858359281402813042e-06 1.275582840140708236e-03 8.848655074236936249e-06
1.304423437036286922e-08 3.976925085004138093e-12 2.239005451117032476e-04 -3.793241357534686911e-10 -1.688001676702849642e-07 -2.386679396060273597e-05 -1.791063488466400167e-09 -3.426505789036408937e-07 5.324354663257255065e-10 1.870168671415187622e-10 2.444485117380269631e-11 -5.359828200931837503e-10 5.073861084595091998e-06 1.575595048482757200e-07 4.914300598359735268e-06 2.559695065393988293e-07 1.394934486278296666e-05 1.078668276873245444e-07 9.407027449185062127e-06 8.445624926226626285e-07 1.107654281853354963e-04 7.953031433454602704e-07 1.145199399086356149e-04 7.944319007306246377e-07
1.710772858028961542e-06 5.215802860225928298e-10 2.936514956972663057e-02 -4.974847330576598837e-08 -2.213841190863422617e-05 -3.130130031163117724e-03 -2.348993234767191937e-07 -4.493919958080921348e-05 6.982978987392490612e-08 2.452757063720668828e-08 3.205982558691102440e-09 -7.029503107209623014e-08 6.654464627786116403e-04 2.066414262055455764e-05 6.445198617101557861e-04 3.357073681506478417e-05 1.829481857291492342e-03 1.414688945928443029e-05 1.233762818339931202e-03 1.107654281853354963e-04 1.452775865828147273e-02 1.043049802432022922e-04 1.502020463949601745e-02 1.041907154056787656e-04
1.228342550471824634e-08 3.744969741611187604e-12 2.108414720522979629e-04 -3.571999580442632164e-10 -1.589548477384208874e-07 -2.247475728754092891e-05 -1.686599225097584677e-09 -3.226653812133481608e-07 5.013810087251798776e-10 1.761090525090121769e-10 2.301909792806884042e-11 -5.047214620277507402e-10 4.777926584094982363e-06 1.483698010979278519e-07 4.627672510261605476e-06 2.410400112766452288e-07 1.313574508754758737e-05 1.015754634524204605e-07 8.858359281402813042e-06 7.953031433454602704e-07 1.043049802432022922e-04 7.489168604203524916e-07 1.078405078527547610e-04 7.480964332891265040e-07
1.768761405546364182e-06 5.392598295448161828e-10 3.036051766644848326e-02 -5.143474458881898475e-08 -2.288881784451935323e-05 -3.236228614079582604e-03 -2.428614704409906352e-07 -4.646246387990883353e-05 7.219674821720729932e-08 2.535895990545297420e-08 3.314652900881895734e-09 -7.267775928122413340e-08 6.880025303640681508e-04 2.136457593258304826e-05 6.663665992239089326e-04 3.470865282070227480e-05 1.891494215879620027e-03 1.462641362055498204e-05 1.275582840140708236e-03 1.145199399086356149e-04 1.502020463949601745e-02 1.078405078527547610e-04 1.552934321512363866e-02 1.077223698827018425e-04
1.226996919494805410e-08 3.740867183012713183e-12 2.106104982663460612e-04 -3.568086510195491311e-10 -1.587807150727058367e-07 -2.245013654176111658e-05 -1.684751581418837475e-09 -3.223119060874537805e-07 5.008317532944387532e-10 1.759161276638343282e-10 2.299388084898757521e-11 -5.041685471801894546e-10 4.772692436154566724e-06 1.482072642088139533e-07 4.622602963413935958e-06 2.407759555683592205e-07 1.312135507342945866e-05 1.014641890538822657e-07 8.848655074236936249e-06 7.944319007306246377e-07 1.041907154056787656e-04 7.480964332891265040e-07 1.077223698827018425e-04 7.472769049235803712e-07
