6.353103261533155440e-11 3.336310365673290639e-14 1.013184833759656026e-06 -2.040385566923247973e-12 -1.085371573542699906e-09 -1.175317220422124500e-07 -9.916969703046611339e-12 -1.541466262542498369e-09 4.466218746554199033e-12 1.570594318712465614e-12 2.017557626391382192e-13 -4.935636615319508755e-12 2.562983389801706298e-08 8.285862296275921083e-10 2.476947959367329485e-08 1.361026854982271404e-09 6.872304244751014383e-08 5.731217731360351669e-10 4.943939447963053701e-08 4.466677026262564242e-09 6.108517493304047214e-07 4.201226998729730428e-09 6.328896972122065396e-07 4.196581613329020568e-09
3.336310365673290639e-14 7.045239221130373096e-12 5.320705368795727367e-10 -1.071501475210309812e-15 -5.699791554377746537e-13 1.321065363300618436e-08 4.056321041183062996e-13 -5.199247749672539712e-11 9.431250703506238594e-10 3.316601719230208055e-10 4.260447788847950364e-11 -1.042251375089882705e-09 2.796330415376130903e-09 1.065419650517590220e-10 2.740909030668637200e-09 1.103400511165501109e-10 7.936754377039279039e-09 6.533961604860080498e-11 2.596292827061605396e-11 2.345660104891524051e-12 3.207866989224532382e-10 2.206259934302712567e-12 3.323598515896553647e-10 2.203820426108539996e-12
1.013184833759656026e-06 5.320705368795727367e-10 1.615815021217441999e-02 -3.253979064188371622e-08 -1.730936745793515300e-05 -1.874379567411075826e-03 -1.581545096056624598e-07 -2.458310947594985927e-05 7.122668894732880790e-08 2.504763857971563313e-08 3.217575260537388997e-09 -7.871290544921355831e-08 4.087413778679959081e-04 1.321418629687100048e-05 3.950205573622389858e-04 2.170548032914324690e-05 1.095986429828589136e-03 9.140072497829309237e-06 7.884537555439085190e-04 7.123398562743524600e-05 9.741813223544226741e-03 6.700062218256131982e-05 1.009327310615856788e-02 6.692653816819996149e-05
-2.040385566923247973e-12 -1.071501475210309812e-15 -3.253979064188371622e-08 6.552980917122679299e-14 3.485818627350318800e-11 3.774694867527484256e-09 3.184971423760058709e-13 4.950628292233913873e-11 -1.434386927644061928e-13 -5.044177385287985833e-14 -6.479660871428947280e-15 1.585146864384523748e-13 -8.231368770114910257e-10 -2.661117848931352205e-11 -7.955054261757515921e-10 -4.371123738555089344e-11 -2.207133809614501804e-09 -1.840658750105012719e-11 -1.587811918788828284e-09 -1.434534423297837685e-10 -1.961826381551177269e-08 -1.349281538403326353e-10 -2.032603858412887754e-08 -1.347789609624105478e-10
-1.085371573542699906e-09 -5.699791554377746537e-13 -1.730936745793515300e-05 3.485818627350318800e-11 1.854261462403314928e-08 2.007925739472983366e-06 1.694226713728690501e-10 2.633458938700458763e-08 -7.630140215197460374e-11 -2.683221658665460990e-11 -3.446818988343264863e-12 8.432099179082268635e-11 -4.378630698532100345e-07 -1.415566391945326959e-08 -4.231646765007375627e-07 -2.325194177124843937e-08 -1.174072470087958221e-06 -9.791279283701348506e-09 -8.446283475480605447e-07 -7.630923219982853852e-08 -1.043586085849292871e-05 -7.177425296758478622e-08 -1.081235963820513056e-05 -7.169489066130840615e-08
-1.175317220422124500e-07 1.321065363300618436e-08 -1.874379567411075826e-03 3.774694867527484256e-09 2.007925739472983366e-06 2.424362885832986229e-04 1.912027320635598590e-08 2.755272841133838151e-06 1.768470631216323498e-06 6.219018985764370819e-07 7.988841577484651351e-08 -1.954344128157086556e-06 -4.217230268426099904e-05 -1.332982954792309098e-06 -4.068421268671682249e-05 -2.311364206595539101e-06 -1.122529386702983992e-04 -9.377439918294353644e-07 -9.146223315407844086e-05 -8.263306400863348991e-06 -1.130063882242252071e-03 -7.772226753343997711e-06 -1.170833559689897540e-03 -7.763632840370428891e-06
-9.916969703046611339e-12 4.056321041183062996e-13 -1.581545096056624598e-07 3.184971423760058709e-13 1.694226713728690501e-10 1.912027320635598590e-08 1.571962483458250448e-12 2.376327042531398546e-10 5.430075431918979058e-11 1.909545020071554142e-11 2.452967677779276036e-12 -6.000798653140117743e-11 -3.838443853038754086e-09 -1.231518080433999883e-10 -3.707351115115547337e-09 -2.060587412414930799e-10 -1.026669852220293722e-08 -8.566958078259879878e-11 -7.717309794509276049e-09 -6.972326038122504315e-10 -9.535156430403174202e-08 -6.557967937245556776e-10 -9.879159718215819010e-08 -6.550716654641185994e-10
-1.541466262542498369e-09 -5.199247749672539712e-11 -2.458310947594985927e-05 4.950628292233913873e-11 2.633458938700458763e-08 2.755272841133838151e-06 2.376327042531398546e-10 3.777274766930414551e-08 -6.960077448880903868e-09 -2.447586616188620634e-09 -3.144126464637616980e-10 7.691609645437555430e-09 -6.420791785543441259e-07 -2.087501239325870032e-08 -6.208048789658906884e-07 -3.381928791371373216e-08 -1.724838768397046915e-06 -1.437826971616129240e-08 -1.199558116936639740e-06 -1.083758835483719123e-07 -1.482122460182215925e-05 -1.019352159442295064e-07 -1.535593607193050709e-05 -1.018225040213041081e-07
4.466218746554199033e-12 9.431250703506238594e-10 7.122668894732880790e-08 -1.434386927644061928e-13 -7.630140215197460374e-11 1.768470631216323498e-06 5.430075431918979058e-11 -6.960077448880903868e-09 1.262533286268832983e-07 4.439835341841822362e-08 5.703333813615262563e-09 -1.395230690362323209e-07 3.743363773668444526e-07 1.426245366762680074e-08 3.669172826168062620e-07 1.477089207087097111e-08 1.062469536333920103e-06 8.746818650238833283e-09 3.475579435432781488e-09 3.140064917524434550e-10 4.294275448017391566e-08 2.953454084921514281e-10 4.449201776115492479e-08 2.950188388378036221e-10
1.570594318712465614e-12 3.316601719230208055e-10 2.504763857971563313e-08 -5.044177385287985833e-14 -2.683221658665460990e-11 6.219018985764370819e-07 1.909545020071554142e-11 -2.447586616188620634e-09 4.439835341841822362e-08 1.561316333328355055e-08 2.005639280938133876e-09 -4.906480262561961286e-08 1.316394508802575991e-07 5.015546739042575322e-09 1.290304456471426058e-07 5.194344625263688946e-09 3.736289470837310958e-07 3.075913775853910069e-09 1.222225247737669051e-09 1.104237924750331108e-10 1.510128589079030424e-08 1.038614199150551261e-10 1.564610114533193022e-08 1.037465781500424780e-10
2.017557626391382192e-13 4.260447788847950364e-11 3.217575260537388997e-09 -6.479660871428947280e-15 -3.446818988343264863e-12 7.988841577484651351e-08 2.452967677779276036e-12 -3.144126464637616980e-10 5.703333813615262563e-09 2.005639280938133876e-09 2.576408668534726750e-10 -6.302777573400282405e-09 1.691017059447885926e-08 6.442882436433339369e-10 1.657502240629008161e-08 6.672563031937640824e-10 4.799571245068026036e-08 3.951264314664697119e-10 1.570048892050562116e-10 1.418484467849534765e-11 1.939884422373313907e-09 1.334185392983964554e-11 2.009870424438467965e-09 1.332710156023863454e-11
-4.935636615319508755e-12 -1.042251375089882705e-09 -7.871290544921355831e-08 1.585146864384523748e-13 8.432099179082268635e-11 -1.954344128157086556e-06 -6.000798653140117743e-11 7.691609645437555430e-09 -1.395230690362323209e-07 -4.906480262561961286e-08 -6.302777573400282405e-09 1.541875154548189914e-07 -4.136806605389177721e-07 -1.576149600190464682e-08 -4.054817885585095200e-07 -1.632337336400930858e-08 -1.174139428030061617e-06 -9.666145131835568147e-09 -3.840877057525245810e-09 -3.470098591584435270e-10 -4.745621368771512568e-08 -3.263874196751042709e-10 -4.916831087806493912e-08 -3.260265262135593534e-10
2.562983389801706298e-08 2.796330415376130903e-09 4.087413778679959081e-04 -8.231368770114910257e-10 -4.378630698532100345e-07 -4.217230268426099904e-05 -3.838443853038754086e-09 -6.420791785543441259e-07 3.743363773668444526e-07 1.316394508802575991e-07 1.691017059447885926e-08 -4.136806605389177721e-07 1.143888363540460297e-05 3.761824605196778486e-07 1.107008449912568772e-05 5.923706639472631229e-07 3.084517889616457891e-05 2.569004282398560087e-07 1.994495665453162089e-05 1.801956948176500031e-06 2.464313699181837304e-04 1.694868492516852217e-06 2.553219781490367879e-04 1.692994440566379466e-06
8.285862296275921083e-10 1.065419650517590220e-10 1.321418629687100048e-05 -2.661117848931352205e-11 -1.415566391945326959e-08 -1.332982954792309098e-06 -1.231518080433999883e-10 -2.087501239325870032e-08 1.426245366762680074e-08 5.015546739042575322e-09 6.442882436433339369e-10 -1.576149600190464682e-08 3.761824605196778486e-07 1.240466740963871126e-08 3.641336361482856904e-07 1.940187107449413817e-08 1.015292097512253410e-06 8.454320656308742358e-09 6.447997425034124004e-07 5.825542398816042892e-08 7.966862017799735980e-06 5.479336416588430543e-08 8.254285638875288799e-06 5.473277798873200659e-08
2.476947959367329485e-08 2.740909030668637200e-09 3.950205573622389858e-04 -7.955054261757515921e-10 -4.231646765007375627e-07 -4.068421268671682249e-05 -3.707351115115547337e-09 -6.208048789658906884e-07 3.669172826168062620e-07 1.290304456471426058e-07 1.657502240629008161e-08 -4.054817885585095200e-07 1.107008449912568772e-05 3.641336361482856904e-07 1.071336540601445618e-05 5.730839329923949347e-07 2.985286893480224973e-05 2.486316023084336124e-07 1.927543514518804474e-05 1.741468007427038714e-06 2.381590537160318069e-04 1.637974347312671031e-06 2.467512182607458715e-04 1.636163204418901451e-06
1.361026854982271404e-09 1.103400511165501109e-10 2.170548032914324690e-05 -4.371123738555089344e-11 -2.325194177124843937e-08 -2.311364206595539101e-06 -2.060587412414930799e-10 -3.381928791371373216e-08 1.477089207087097111e-08 5.194344625263688946e-09 6.672563031937640824e-10 -1.632337336400930858e-08 5.923706639472631229e-07 1.940187107449413817e-08 5.730839329923949347e-07 3.086310847067710208e-08 1.595191577089574616e-06 1.329001863863951342e-08 1.059141112599211439e-06 9.568973531975113599e-08 1.308628071862514516e-05 9.000299299033155871e-08 1.355839959970800985e-05 8.990347478538798706e-08
6.872304244751014383e-08 7.936754377039279039e-09 1.095986429828589136e-03 -2.207133809614501804e-09 -1.174072470087958221e-06 -1.122529386702983992e-04 -1.026669852220293722e-08 -1.724838768397046915e-06 1.062469536333920103e-06 3.736289470837310958e-07 4.799571245068026036e-08 -1.174139428030061617e-06 3.084517889616457891e-05 1.015292097512253410e-06 2.985286893480224973e-05 1.595191577089574616e-06 8.319934223507467167e-05 6.928953126610442107e-07 5.347978593878505513e-05 4.831711583640814336e-06 6.607733063642265469e-04 4.544567917579665360e-06 6.846123004899468600e-04 4.539542892741199210e-06
5.731217731360351669e-10 6.533961604860080498e-11 9.140072497829309237e-06 -1.840658750105012719e-11 -9.791279283701348506e-09 -9.377439918294353644e-07 -8.566958078259879878e-11 -1.437826971616129240e-08 8.746818650238833283e-09 3.075913775853910069e-09 3.951264314664697119e-10 -9.666145131835568147e-09 2.569004282398560087e-07 8.454320656308742358e-09 2.486316023084336124e-07 1.329001863863951342e-08 6.928953126610442107e-07 5.770617227725197005e-09 4.459992027466502393e-07 4.029448011327503705e-08 5.510571082225911461e-06 3.789982063238454544e-08 5.709378155016811466e-06 3.785791400159279877e-08
4.943939447963053701e-08 2.596292827061605396e-11 7.884537555439085190e-04 -1.587811918788828284e-09 -8.446283475480605447e-07 -9.146223315407844086e-05 -7.717309794509276049e-09 -1.199558116936639740e-06 3.475579435432781488e-09 1.222225247737669051e-09 1.570048892050562116e-10 -3.840877057525245810e-09 1.994495665453162089e-05 6.447997425034124004e-07 1.927543514518804474e-05 1.059141112599211439e-06 5.347978593878505513e-05 4.459992027466502393e-07 3.847342834291270306e-05 3.475935120130934738e-06 4.753626118817602729e-04 3.269363798907512960e-06 4.925125034049932177e-04 3.265748793393527900e-06
4.466677026262564242e-09 2.345660104891524051e-12 7.123398562743524600e-05 -1.434534423297837685e-10 -7.630923219982853852e-08 -8.263306400863348991e-06 -6.972326038122504315e-10 -1.083758835483719123e-07 3.140064917524434550e-10 1.104237924750331108e-10 1.418484467849534765e-11 -3.470098591584435270e-10 1.801956948176500031e-06 5.825542398816042892e-08 1.741468007427038714e-06 9.568973531975113599e-08 4.831711583640814336e-06 4.029448011327503705e-08 3.475935120130934738e-06 3.140387315666932857e-07 4.294711625760093854e-05 2.953757337228668855e-07 4.449653606165939249e-05 2.950491305564900111e-07
6.108517493304047214e-07 3.207866989224532382e-10 9.741813223544226741e-03 -1.961826381551177269e-08 -1.043586085849292871e-05 -1.130063882242252071e-03 -9.535156430403174202e-08 -1.482122460182215925e-05 4.294275448017391566e-08 1.510128589079030424e-08 1.939884422373313907e-09 -4.745621368771512568e-08 2.464313699181837304e-04 7.966862017799735980e-06 2.381590537160318069e-04 1.308628071862514516e-05 6.607733063642265469e-04 5.510571082225911461e-06 4.753626118817602729e-04 4.294711625760093854e-05 5.873449655236394860e-03 4.039481006998219643e-05 6.085350408583731739e-03 4.035014463171661522e-05
4.201226998729730428e-09 2.206259934302712567e-12 6.700062218256131982e-05 -1.349281538403326353e-10 -7.177425296758478622e-08 -7.772226753343997711e-06 -6.557967937245556776e-10 -1.019352159442295064e-07 2.953454084921514281e-10 1.038614199150551261e-10 1.334185392983964554e-11 -3.263874196751042709e-10 1.694868492516852217e-06 5.479336416588430543e-08 1.637974347312671031e-06 9.000299299033155871e-08 4.544567917579665360e-06 3.789982063238454544e-08 3.269363798907512960e-06 2.953757337228668855e-07 4.039481006998219643e-05 2.778218586871399132e-07 4.185214927192123813e-05 2.775146652112676289e-07
6.328896972122065396e-07 3.323598515896553647e-10 1.009327310615856788e-02 -2.032603858412887754e-08 -1.081235963820513056e-05 -1.170833559689897540e-03 -9.879159718215819010e-08 -1.535593607193050709e-05 4.449201776115492479e-08 1.564610114533193022e-08 2.009870424438467965e-09 -4.916831087806493912e-08 2.553219781490367879e-04 8.254285638875288799e-06 2.467512182607458715e-04 1.355839959970800985e-05 6.846123004899468600e-04 5.709378155016811466e-06 4.925125034049932177e-04 4.449653606165939249e-05 6.085350408583731739e-03 4.185214927192123813e-05 6.304896096883128194e-03 4.180587242052239756e-05
4.196581613329020568e-09 2.203820426108539996e-12 6.692653816819996149e-05 -1.347789609624105478e-10 -7.169489066130840615e-08 -7.763632840370428891e-06 -6.550716654641185994e-10 -1.018225040213041081e-07 2.950188388378036221e-10 1.037465781500424780e-10 1.332710156023863454e-11 -3.260265262135593534e-10 1.692994440566379466e-06 5.473277798873200659e-08 1.636163204418901451e-06 8.990347478538798706e-08 4.539542892741199210e-06 3.785791400159279877e-08 3.265748793393527900e-06 2.950491305564900111e-07 4.035014463171661522e-05 2.775146652112676289e-07 4.180587242052239756e-05 2.772078114057055734e-07
