par.Ct_1S0 = -0.107684493704953
par.Ct_3S1 = -0.718085864415801E-01
par.Ct_1S0 = -0.104031058090885
par.Ct_3S1 = -0.538865461032180E-01
par.Ct_1S0 = -0.104031062631768
par.Ct_3S1 = -0.538865371958494E-01
