3.680405415211587587e-10 9.044557828522943136e-14 6.090502784646460949e-06 -9.663403222709308728e-12 -3.308756160391440388e-09 -6.439624530122075000e-07 -4.415295268618724612e-11 -7.203022558088802957e-09 1.193857104369546715e-11 4.185765519971519465e-12 5.578736858529729679e-13 -1.073315741524535550e-11 1.359677346318614637e-07 4.059497910760129236e-09 1.319748825055374377e-07 6.552190220973148669e-09 3.796123166743348205e-07 2.696186426705837161e-09 2.449277715333590951e-07 2.183099748680871215e-08 2.742771967571565422e-06 2.058518657032143654e-08 2.829867109458428011e-06 2.056285599336177036e-08
9.044557828522943136e-14 1.626235360725618558e-11 1.496734691586905335e-09 -2.374771238703456916e-15 -8.131233670468187595e-13 3.257765907366001279e-08 9.617410428335265896e-13 3.284645749465375401e-10 2.146586572376767368e-09 7.526116842126916736e-10 1.003071606100393712e-10 -1.929850021618677476e-09 6.292506806304029921e-09 2.157718898723017834e-10 6.184118423890120753e-09 2.205764953804886596e-10 1.769180197858841689e-08 1.195098953270366669e-10 6.019074377754020847e-11 5.364944807647743895e-12 6.740333434088947334e-10 5.058788077440710897e-12 6.954368834679142768e-10 5.053300361499928636e-12
6.090502784646460949e-06 1.496734691586905335e-09 1.007885891157686425e-01 -1.599140267847369564e-07 -5.475480267137854633e-05 -1.065655488872655973e-02 -7.306620830119702083e-07 -1.191989092947310969e-04 1.975649201482924240e-07 6.926795739375221046e-08 9.231948259628756643e-09 -1.776171854469435828e-07 2.250056991467254495e-03 6.717838662482845176e-05 2.183981470294259902e-03 1.084285652509951796e-04 6.281999401823247335e-03 4.461770358570456659e-05 4.053188127893181392e-03 3.612690460252675271e-04 4.538911974914314890e-02 3.406527970499257795e-04 4.683043297249829540e-02 3.402832605453551826e-04
-9.663403222709308728e-12 -2.374771238703456916e-15 -1.599140267847369564e-07 2.537265877320514444e-13 8.687588568050898939e-11 1.690817256460545810e-08 1.159298100550526090e-12 1.891251063855108100e-10 -3.134633630245358368e-13 -1.099029467279250388e-13 -1.464772971026795034e-14 2.818135946392561073e-13 -3.570015177195799900e-09 -1.065877010957201785e-10 -3.465177394525044367e-09 -1.720367846330252568e-10 -9.967232306352001432e-09 -7.079207188113889179e-11 -6.430884796145929269e-09 -5.732030031930411077e-10 -7.201413482081204500e-08 -5.404925526367478536e-10 -7.430088459783627851e-08 -5.399062329179068121e-10
-3.308756160391440388e-09 -8.131233670468187595e-13 -5.475480267137854633e-05 8.687588568050898939e-11 2.974636249077502891e-08 5.789348544066977974e-06 3.969436700820995243e-10 6.475657577295527946e-08 -1.073300792450685606e-10 -3.763084738721881378e-11 -5.015393106329792712e-12 9.649317591912125796e-11 -1.222376400461431662e-06 -3.649567779432191917e-08 -1.186479881678691673e-06 -5.890546790593211483e-08 -3.412788637817312607e-06 -2.423924160530303881e-08 -2.201948120401944771e-06 -1.962649256815730384e-07 -2.465804373344731746e-05 -1.850648429005521739e-07 -2.544104551606461714e-05 -1.848640866622701016e-07
-6.439624530122075000e-07 3.257765907366001279e-08 -1.065655488872655973e-02 1.690817256460545810e-08 5.789348544066977974e-06 1.192646672031934989e-03 7.921266355588859003e-08 1.326792425494039435e-05 4.300162650292522581e-06 1.507673945663445561e-06 2.009409312843678205e-07 -3.865983825427907497e-06 -2.253038090893257506e-04 -6.670592434296286625e-06 -2.185337014575134426e-04 -1.102363595535163883e-05 -6.287837422887404028e-04 -4.478296290482441863e-06 -4.285493817962519685e-04 -3.819785511238759680e-05 -4.798959518341070797e-03 -3.601805353482380407e-05 -4.951346339172995811e-03 -3.597898159576951759e-05
-4.415295268618724612e-11 9.617410428335265896e-13 -7.306620830119702083e-07 1.159298100550526090e-12 3.969436700820995243e-10 7.921266355588859003e-08 5.355099828451223669e-12 8.838796801745162634e-10 1.269472076933683369e-10 4.450878262338246205e-11 5.932075800243566221e-12 -1.141296053323166146e-10 -1.593738767430383797e-08 -4.741637176478780875e-10 -1.546479817693951316e-08 -7.729556059691327172e-10 -4.448867696202493397e-08 -3.163473997712015292e-10 -2.938332860864929628e-08 -2.619014807660259831e-09 -3.290407186620979650e-07 -2.469557830980682536e-09 -3.394891649270066377e-07 -2.466878884052196148e-09
-7.203022558088802957e-09 3.284645749465375401e-10 -1.191989092947310969e-04 1.891251063855108100e-10 6.475657577295527946e-08 1.326792425494039435e-05 8.838796801745162634e-10 1.476783198763680802e-07 4.335643222536128153e-08 1.520113821614340504e-08 2.025988992646172492e-09 -3.897882163524842630e-08 -2.533960237252744335e-06 -7.508818539363680393e-08 -2.457996119266864100e-06 -1.237882240643857686e-07 -7.072128825871465055e-06 -5.035440490502598296e-08 -4.793549114630765956e-06 -4.272604409111087500e-07 -5.367956034750088150e-05 -4.028783331203580942e-07 -5.538412410001103967e-05 -4.024412952657459811e-07
1.193857104369546715e-11 2.146586572376767368e-09 1.975649201482924240e-07 -3.134633630245358368e-13 -1.073300792450685606e-10 4.300162650292522581e-06 1.269472076933683369e-10 4.335643222536128153e-08 2.833436085960947317e-07 9.934269974053329607e-08 1.324027306732089564e-08 -2.547349665421361521e-07 8.305938371870099693e-07 2.848130407148818747e-08 8.162868647019584566e-07 2.911549896411769902e-08 2.335269889026427686e-06 1.577498195937872997e-08 7.945014942279544468e-09 7.081581647433999477e-10 8.897057342103054702e-08 6.677463066580913710e-10 9.179578266596669804e-08 6.670219430366995526e-10
4.185765519971519465e-12 7.526116842126916736e-10 6.926795739375221046e-08 -1.099029467279250388e-13 -3.763084738721881378e-11 1.507673945663445561e-06 4.450878262338246205e-11 1.520113821614340504e-08 9.934269974053329607e-08 3.483040490172506853e-08 4.642153516784878936e-09 -8.931226889437605921e-08 2.912133275279067432e-07 9.985789962150145920e-09 2.861971800871854151e-07 1.020814414101601448e-08 8.187656675682957628e-07 5.530844230322798470e-09 2.785590457836902097e-09 2.482863332890883013e-10 3.119384692438287614e-08 2.341175888430877532e-10 3.218438954109469244e-08 2.338636207375767928e-10
5.578736858529729679e-13 1.003071606100393712e-10 9.231948259628756643e-09 -1.464772971026795034e-14 -5.015393106329792712e-12 2.009409312843678205e-07 5.932075800243566221e-12 2.025988992646172492e-09 1.324027306732089564e-08 4.642153516784878936e-09 6.187005136391275873e-10 -1.190342937370271437e-08 3.881255466299272707e-08 1.330893809489377641e-09 3.814400869655136004e-08 1.360528901102189748e-09 1.091240825480812956e-07 7.371441196217765766e-10 3.712600739067665054e-10 3.309129745349446641e-11 4.157477596243669915e-09 3.120290460149946124e-11 4.289495899361619702e-09 3.116905604442368813e-11
-1.073315741524535550e-11 -1.929850021618677476e-09 -1.776171854469435828e-07 2.818135946392561073e-13 9.649317591912125796e-11 -3.865983825427907497e-06 -1.141296053323166146e-10 -3.897882163524842630e-08 -2.547349665421361521e-07 -8.931226889437605921e-08 -1.190342937370271437e-08 2.290148914136259789e-07 -7.467304318055390717e-07 -2.560560419190049628e-08 -7.338680056241229482e-07 -2.617576570325316439e-08 -2.099482345855781726e-06 -1.418221380420886489e-08 -7.142822678362822518e-09 -6.366568520003322880e-10 -7.998739250756994128e-08 -6.003252983597250249e-10 -8.252734602118109732e-08 -5.996740722836656489e-10
1.359677346318614637e-07 6.292506806304029921e-09 2.250056991467254495e-03 -3.570015177195799900e-09 -1.222376400461431662e-06 -2.253038090893257506e-04 -1.593738767430383797e-08 -2.533960237252744335e-06 8.305938371870099693e-07 2.912133275279067432e-07 3.881255466299272707e-08 -7.467304318055390717e-07 5.264051267025504144e-05 1.582390818492369055e-06 5.112406692199174556e-05 2.504896463230645719e-06 1.470161495470766026e-04 1.041812781564658221e-06 9.048540255508649927e-05 8.065173369206918020e-06 1.013283500661386720e-03 7.604924912816822218e-06 1.045459775014267925e-03 7.596675175397635264e-06
4.059497910760129236e-09 2.157718898723017834e-10 6.717838662482845176e-05 -1.065877010957201785e-10 -3.649567779432191917e-08 -6.670592434296286625e-06 -4.741637176478780875e-10 -7.508818539363680393e-08 2.848130407148818747e-08 9.985789962150145920e-09 1.330893809489377641e-09 -2.560560419190049628e-08 1.582390818492369055e-06 4.761288186790096317e-08 1.536931028391464915e-06 7.516272124392676460e-08 4.419555586922533692e-06 3.130861881134883551e-08 2.701557957549370276e-06 2.407965952827111912e-07 3.025275170576393043e-05 2.270552648672468810e-07 3.121340868190921751e-05 2.268089579366912052e-07
1.319748825055374377e-07 6.184118423890120753e-09 2.183981470294259902e-03 -3.465177394525044367e-09 -1.186479881678691673e-06 -2.185337014575134426e-04 -1.546479817693951316e-08 -2.457996119266864100e-06 8.162868647019584566e-07 2.861971800871854151e-07 3.814400869655136004e-08 -7.338680056241229482e-07 5.112406692199174556e-05 1.536931028391464915e-06 4.965164880196048310e-05 2.432365897573127117e-06 1.427815238587692439e-04 1.011777051424888953e-06 8.782819546352314767e-05 7.828330020017392260e-06 9.835273632122531248e-04 7.381597299385841533e-06 1.014758749389109730e-03 7.373589825207459386e-06
6.552190220973148669e-09 2.205764953804886596e-10 1.084285652509951796e-04 -1.720367846330252568e-10 -5.890546790593211483e-08 -1.102363595535163883e-05 -7.729556059691327172e-10 -1.237882240643857686e-07 2.911549896411769902e-08 1.020814414101601448e-08 1.360528901102189748e-09 -2.617576570325316439e-08 2.504896463230645719e-06 7.516272124392676460e-08 2.432365897573127117e-06 1.195963385421460480e-07 6.995158238149657890e-06 4.960019004760596657e-08 4.360420848835412533e-06 3.886552433487652765e-07 4.882911470453347888e-05 3.664761925307472321e-07 5.037965194019076998e-05 3.660786433975354393e-07
3.796123166743348205e-07 1.769180197858841689e-08 6.281999401823247335e-03 -9.967232306352001432e-09 -3.412788637817312607e-06 -6.287837422887404028e-04 -4.448867696202493397e-08 -7.072128825871465055e-06 2.335269889026427686e-06 8.187656675682957628e-07 1.091240825480812956e-07 -2.099482345855781726e-06 1.470161495470766026e-04 4.419555586922533692e-06 1.427815238587692439e-04 6.995158238149657890e-06 4.105924227338443372e-04 2.909570889233021539e-06 2.526287963048583370e-04 2.251739603959957767e-05 2.829013537771836624e-03 2.123241484798043001e-05 2.918847305291512144e-03 2.120938216311969206e-05
2.696186426705837161e-09 1.195098953270366669e-10 4.461770358570456659e-05 -7.079207188113889179e-11 -2.423924160530303881e-08 -4.478296290482441863e-06 -3.163473997712015292e-10 -5.035440490502598296e-08 1.577498195937872997e-08 5.530844230322798470e-09 7.371441196217765766e-10 -1.418221380420886489e-08 1.041812781564658221e-06 3.130861881134883551e-08 1.011777051424888953e-06 4.960019004760596657e-08 2.909570889233021539e-06 2.062024066119216741e-08 1.794287234715895287e-06 1.599292560608421958e-07 2.009290735712202086e-05 1.508027114601294076e-07 2.073094514048345831e-05 1.506391224131128401e-07
2.449277715333590951e-07 6.019074377754020847e-11 4.053188127893181392e-03 -6.430884796145929269e-09 -2.201948120401944771e-06 -4.285493817962519685e-04 -2.938332860864929628e-08 -4.793549114630765956e-06 7.945014942279544468e-09 2.785590457836902097e-09 3.712600739067665054e-10 -7.142822678362822518e-09 9.048540255508649927e-05 2.701557957549370276e-06 8.782819546352314767e-05 4.360420848835412533e-06 2.526287963048583370e-04 1.794287234715895287e-06 1.629980893154358527e-04 1.452832076597783615e-05 1.825323423645607533e-03 1.369924435530133041e-05 1.883286055218161715e-03 1.368438355582830967e-05
2.183099748680871215e-08 5.364944807647743895e-12 3.612690460252675271e-04 -5.732030031930411077e-10 -1.962649256815730384e-07 -3.819785511238759680e-05 -2.619014807660259831e-09 -4.272604409111087500e-07 7.081581647433999477e-10 2.482863332890883013e-10 3.309129745349446641e-11 -6.366568520003322880e-10 8.065173369206918020e-06 2.407965952827111912e-07 7.828330020017392260e-06 3.886552433487652765e-07 2.251739603959957767e-05 1.599292560608421958e-07 1.452832076597783615e-05 1.294945918478736670e-06 1.626918043777302405e-04 1.221048369070779401e-06 1.678579767405143856e-04 1.219723789971546102e-06
2.742771967571565422e-06 6.740333434088947334e-10 4.538911974914314890e-02 -7.201413482081204500e-08 -2.465804373344731746e-05 -4.798959518341070797e-03 -3.290407186620979650e-07 -5.367956034750088150e-05 8.897057342103054702e-08 3.119384692438287614e-08 4.157477596243669915e-09 -7.998739250756994128e-08 1.013283500661386720e-03 3.025275170576393043e-05 9.835273632122531248e-04 4.882911470453347888e-05 2.829013537771836624e-03 2.009290735712202086e-05 1.825323423645607533e-03 1.626918043777302405e-04 2.044147409912936211e-02 1.534075639152232909e-04 2.109060347912336889e-02 1.532411485316372446e-04
2.058518657032143654e-08 5.058788077440710897e-12 3.406527970499257795e-04 -5.404925526367478536e-10 -1.850648429005521739e-07 -3.601805353482380407e-05 -2.469557830980682536e-09 -4.028783331203580942e-07 6.677463066580913710e-10 2.341175888430877532e-10 3.120290460149946124e-11 -6.003252983597250249e-10 7.604924912816822218e-06 2.270552648672468810e-07 7.381597299385841533e-06 3.664761925307472321e-07 2.123241484798043001e-05 1.508027114601294076e-07 1.369924435530133041e-05 1.221048369070779401e-06 1.534075639152232909e-04 1.151367868248295441e-06 1.582789205037804904e-04 1.150118877768166326e-06
2.829867109458428011e-06 6.954368834679142768e-10 4.683043297249829540e-02 -7.430088459783627851e-08 -2.544104551606461714e-05 -4.951346339172995811e-03 -3.394891649270066377e-07 -5.538412410001103967e-05 9.179578266596669804e-08 3.218438954109469244e-08 4.289495899361619702e-09 -8.252734602118109732e-08 1.045459775014267925e-03 3.121340868190921751e-05 1.014758749389109730e-03 5.037965194019076998e-05 2.918847305291512144e-03 2.073094514048345831e-05 1.883286055218161715e-03 1.678579767405143856e-04 2.109060347912336889e-02 1.582789205037804904e-04 2.176034665835697643e-02 1.581072206989347364e-04
2.056285599336177036e-08 5.053300361499928636e-12 3.402832605453551826e-04 -5.399062329179068121e-10 -1.848640866622701016e-07 -3.597898159576951759e-05 -2.466878884052196148e-09 -4.024412952657459811e-07 6.670219430366995526e-10 2.338636207375767928e-10 3.116905604442368813e-11 -5.996740722836656489e-10 7.596675175397635264e-06 2.268089579366912052e-07 7.373589825207459386e-06 3.660786433975354393e-07 2.120938216311969206e-05 1.506391224131128401e-07 1.368438355582830967e-05 1.219723789971546102e-06 1.532411485316372446e-04 1.150118877768166326e-06 1.581072206989347364e-04 1.148871242178659149e-06
