7.286748270052641036e-11 3.305967211819736039e-14 1.347866917432694709e-06 -2.579609848915981489e-12 -1.550464227077476250e-09 -1.455226332339307976e-07 -1.292184338092496642e-11 -2.778466343790497723e-09 4.365591386617289410e-12 1.536222919695207492e-12 1.943360013932490694e-13 -5.208084727586761049e-12 3.011150098169737328e-08 1.011603076548119026e-09 2.903744684712990649e-08 1.686837159933132687e-09 7.824275746173720735e-08 6.928563268856572519e-10 6.093357572797649931e-08 5.537728740745180788e-09 7.877610823332205002e-07 5.203257787808422975e-09 8.179105856038829292e-07 5.197453651529460263e-09
3.305967211819736039e-14 7.536721070744043096e-12 6.115215827123442338e-10 -1.170358198711575255e-15 -7.034391346938263109e-13 1.412297138604199316e-08 4.211539728374096970e-13 -2.456867453435638146e-10 9.952380795593711201e-10 3.502177398139943975e-10 4.430341085259701858e-11 -1.187304029038376262e-09 2.932307652141251992e-09 1.178082211124052427e-10 2.870975083695589393e-09 1.226588286890807558e-10 8.290901904793339354e-09 7.407326498252449146e-11 2.764530844073880567e-11 2.512444367002004639e-12 3.574039080840156318e-10 2.360696294647223897e-12 3.710826116115003130e-10 2.358062982294435133e-12
1.347866917432694709e-06 6.115215827123442338e-10 2.493219553147285952e-02 -4.771631924192066419e-08 -2.867972486629654817e-05 -2.691803476564478843e-03 -2.390217853725777076e-07 -5.139470740862613269e-05 8.075256599313272919e-08 2.841629728791646781e-08 3.594731935610029665e-09 -9.633659414380761988e-08 5.569878438073580778e-04 1.871213419800559267e-05 5.371205186563849645e-04 3.120228023140449148e-05 1.447296262869665964e-03 1.281611506049224557e-05 1.127120474055444107e-03 1.024341651575620671e-04 1.457167342068236768e-02 9.624728535955898244e-05 1.512936737304628257e-02 9.613992329785910247e-05
-2.579609848915981489e-12 -1.170358198711575255e-15 -4.771631924192066419e-08 9.132185437923553054e-14 5.488858467825876388e-11 5.151709599674148394e-09 4.574514770986955263e-13 9.836155532458379456e-11 -1.545479838018887966e-13 -5.438441987356428057e-14 -6.879763711412363664e-15 1.843734154125171508e-13 -1.065988650600187922e-09 -3.581215748002527338e-11 -1.027965643928269287e-09 -5.971638576994912547e-11 -2.769901648396408048e-09 -2.452807663021658737e-11 -2.157130276961465737e-09 -1.960433246258318834e-10 -2.788769657164249883e-08 -1.842025902896831000e-10 -2.895502276966176884e-08 -1.839971158200874934e-10
-1.550464227077476250e-09 -7.034391346938263109e-13 -2.867972486629654817e-05 5.488858467825876388e-11 3.299056364497781406e-08 3.096410686128229907e-06 2.749492074507940264e-10 5.911982280682782580e-08 -9.289045022688613255e-11 -3.268753898922872559e-11 -4.135054581655184663e-12 1.108169071095961608e-10 -6.407083504018935966e-07 -2.152475067800573151e-08 -6.178547748881418882e-07 -3.589228837979534658e-08 -1.664838569161723545e-06 -1.474250125684434623e-08 -1.296536120249800547e-06 -1.178310285301042943e-07 -1.676186725160612182e-05 -1.107142018404403401e-07 -1.740338397144694930e-05 -1.105907022306869665e-07
-1.455226332339307976e-07 1.412297138604199316e-08 -2.691803476564478843e-03 5.151709599674148394e-09 3.096410686128229907e-06 3.173346597088814438e-04 2.660998023452570981e-08 5.088666749464631093e-06 1.864964725197267177e-06 6.562688286288318303e-07 8.301963112844707690e-08 -2.224874804080598731e-06 -5.464044873763720977e-05 -1.799331076845448087e-06 -5.261002052748323641e-05 -3.139276839248616563e-06 -1.407154409600331604e-04 -1.244831523686870481e-06 -1.216893926716542052e-04 -1.105932483435721944e-05 -1.573216544813988739e-03 -1.039135762067971360e-05 -1.633427107653802769e-03 -1.037976626082988659e-05
-1.292184338092496642e-11 4.211539728374096970e-13 -2.390217853725777076e-07 4.574514770986955263e-13 2.749492074507940264e-10 2.660998023452570981e-08 2.315670408972122956e-12 4.788663026662275707e-10 5.561416747504026534e-11 1.957026040929575726e-11 2.475686363513972218e-12 -6.634686439378559401e-11 -5.174410802320949652e-09 -1.727423015015386755e-10 -4.987392437550587297e-09 -2.922264544524751526e-10 -1.340732152164322089e-08 -1.186875729286499795e-10 -1.080555280542640309e-08 -9.820248288732082575e-10 -1.396959283535667318e-07 -9.227119378398761150e-10 -1.450424165940015309e-07 -9.216826702153823932e-10
-2.778466343790497723e-09 -2.456867453435638146e-10 -5.139470740862613269e-05 9.836155532458379456e-11 5.911982280682782580e-08 5.088666749464631093e-06 4.788663026662275707e-10 1.138711269223438723e-07 -3.244339343004039843e-08 -1.141661669734941140e-08 -1.444230276814403893e-09 3.870447884056575858e-08 -1.242819490952181881e-06 -4.237863540860953876e-08 -1.199892076680754867e-06 -6.827295843647364099e-08 -3.251162290579120766e-06 -2.881099691696291313e-08 -2.323421771730134725e-06 -2.111558164161200852e-07 -3.003765046215871838e-05 -1.984023047920650317e-07 -3.118726337206958722e-05 -1.981809907477175498e-07
4.365591386617289410e-12 9.952380795593711201e-10 8.075256599313272919e-08 -1.545479838018887966e-13 -9.289045022688613255e-11 1.864964725197267177e-06 5.561416747504026534e-11 -3.244339343004039843e-08 1.314230460587938338e-07 4.624690565686085206e-08 5.850348045711353451e-09 -1.567857118807373898e-07 3.872166980289369570e-07 1.555679535886566395e-08 3.791176179317715601e-07 1.619732713902535503e-08 1.094829069210396183e-06 9.781512823839713895e-09 3.650614561259889251e-09 3.317729664228800630e-10 4.719585293815811527e-08 3.117343503336433094e-10 4.900215126237389112e-08 3.113866165241705069e-10
1.536222919695207492e-12 3.502177398139943975e-10 2.841629728791646781e-08 -5.438441987356428057e-14 -3.268753898922872559e-11 6.562688286288318303e-07 1.957026040929575726e-11 -1.141661669734941140e-08 4.624690565686085206e-08 1.627398244752204072e-08 2.058699046556858262e-09 -5.517186203033113314e-08 1.362590102353429818e-07 5.474334091456655005e-09 1.334089971723584093e-07 5.699733016096483750e-09 3.852631518785540529e-07 3.442050101630011251e-09 1.284627273058737692e-09 1.167487265872912414e-10 1.660791047345710605e-08 1.096972692729138193e-10 1.724353498219901640e-08 1.095749040305540128e-10
1.943360013932490694e-13 4.430341085259701858e-11 3.594731935610029665e-09 -6.879763711412363664e-15 -4.135054581655184663e-12 8.301963112844707690e-08 2.475686363513972218e-12 -1.444230276814403893e-09 5.850348045711353451e-09 2.058699046556858262e-09 2.604305239343646833e-10 -6.979377079792936597e-09 1.723710207008727157e-08 6.925168097158181298e-10 1.687656836407311168e-08 7.210303315088543265e-10 4.873674231672438480e-08 4.354278559536452821e-10 1.625085294256461150e-10 1.476900285850249158e-11 2.100941779132953887e-09 1.387697605633108758e-11 2.181349852661357744e-09 1.386149655032657547e-11
-5.208084727586761049e-12 -1.187304029038376262e-09 -9.633659414380761988e-08 1.843734154125171508e-13 1.108169071095961608e-10 -2.224874804080598731e-06 -6.634686439378559401e-11 3.870447884056575858e-08 -1.567857118807373898e-07 -5.517186203033113314e-08 -6.979377079792936597e-09 1.870429920735906594e-07 -4.619436821997544912e-07 -1.855902248397912935e-08 -4.522816017073203765e-07 -1.932316724512025139e-08 -1.306114572597348389e-06 -1.166919741994578480e-08 -4.355128149937600249e-09 -3.958001485952644244e-10 -5.630394119204093456e-08 -3.718943816159955185e-10 -5.845882786637936705e-08 -3.714795404222141931e-10
3.011150098169737328e-08 2.932307652141251992e-09 5.569878438073580778e-04 -1.065988650600187922e-09 -6.407083504018935966e-07 -5.464044873763720977e-05 -5.174410802320949652e-09 -1.242819490952181881e-06 3.872166980289369570e-07 1.362590102353429818e-07 1.723710207008727157e-08 -4.619436821997544912e-07 1.357343843445742385e-05 4.634756477696931255e-07 1.310603731475620731e-05 7.442667766382894973e-07 3.552972861275194473e-05 3.148771896736981815e-07 2.517998156229799819e-05 2.288391328373724772e-06 3.255319124348844814e-04 2.150175732215329993e-06 3.379908044922475398e-04 2.147777251463324653e-06
1.011603076548119026e-09 1.178082211124052427e-10 1.871213419800559267e-05 -3.581215748002527338e-11 -2.152475067800573151e-08 -1.799331076845448087e-06 -1.727423015015386755e-10 -4.237863540860953876e-08 1.555679535886566395e-08 5.474334091456655005e-09 6.925168097158181298e-10 -1.855902248397912935e-08 4.634756477696931255e-07 1.587103218271927120e-08 4.476174095064037879e-07 2.531591321786307316e-08 1.214766431867545427e-06 1.076722397945771891e-08 8.459270897398240206e-07 7.687906216166593549e-08 1.093630171212269280e-05 7.223567627927984050e-08 1.135485996270991583e-05 7.215509874431095694e-08
2.903744684712990649e-08 2.870975083695589393e-09 5.371205186563849645e-04 -1.027965643928269287e-09 -6.178547748881418882e-07 -5.261002052748323641e-05 -4.987392437550587297e-09 -1.199892076680754867e-06 3.791176179317715601e-07 1.334089971723584093e-07 1.687656836407311168e-08 -4.522816017073203765e-07 1.310603731475620731e-05 4.476174095064037879e-07 1.265495878349483924e-05 7.184190175657738882e-07 3.430979640771157451e-05 3.040691368649089273e-07 2.428183122369829443e-05 2.206766160012596492e-06 3.139204531016615268e-04 2.073480608027111504e-06 3.259349468659611263e-04 2.071167679243458374e-06
1.686837159933132687e-09 1.226588286890807558e-10 3.120228023140449148e-05 -5.971638576994912547e-11 -3.589228837979534658e-08 -3.139276839248616563e-06 -2.922264544524751526e-10 -6.827295843647364099e-08 1.619732713902535503e-08 5.699733016096483750e-09 7.210303315088543265e-10 -1.932316724512025139e-08 7.442667766382894973e-07 2.531591321786307316e-08 7.184190175657738882e-07 4.102066129453902647e-08 1.944788624174611419e-06 1.723212210590741218e-08 1.410574202879181137e-06 1.281950033596546645e-07 1.823616221029159185e-05 1.204522077692072246e-07 1.893410342035831508e-05 1.203178456034030305e-07
7.824275746173720735e-08 8.290901904793339354e-09 1.447296262869665964e-03 -2.769901648396408048e-09 -1.664838569161723545e-06 -1.407154409600331604e-04 -1.340732152164322089e-08 -3.251162290579120766e-06 1.094829069210396183e-06 3.852631518785540529e-07 4.873674231672438480e-08 -1.306114572597348389e-06 3.552972861275194473e-05 1.214766431867545427e-06 3.430979640771157451e-05 1.944788624174611419e-06 9.305719182239809454e-05 8.247593508334768793e-07 6.542852345880672074e-05 5.946234650375604097e-06 8.458730553987104913e-04 5.587090503710690509e-06 8.782466542671499591e-04 5.580858209012147857e-06
6.928563268856572519e-10 7.407326498252449146e-11 1.281611506049224557e-05 -2.452807663021658737e-11 -1.474250125684434623e-08 -1.244831523686870481e-06 -1.186875729286499795e-10 -2.881099691696291313e-08 9.781512823839713895e-09 3.442050101630011251e-09 4.354278559536452821e-10 -1.166919741994578480e-08 3.148771896736981815e-07 1.076722397945771891e-08 3.040691368649089273e-07 1.723212210590741218e-08 8.247593508334768793e-07 7.309836095263909219e-09 5.793833694972928672e-07 5.265518127151654902e-08 7.490377569850174326e-06 4.947488320766080467e-08 7.777052178547615694e-06 4.941969490690963703e-08
6.093357572797649931e-08 2.764530844073880567e-11 1.127120474055444107e-03 -2.157130276961465737e-09 -1.296536120249800547e-06 -1.216893926716542052e-04 -1.080555280542640309e-08 -2.323421771730134725e-06 3.650614561259889251e-09 1.284627273058737692e-09 1.625085294256461150e-10 -4.355128149937600249e-09 2.517998156229799819e-05 8.459270897398240206e-07 2.428183122369829443e-05 1.410574202879181137e-06 6.542852345880672074e-05 5.793833694972928672e-07 5.095423151079705814e-05 4.630782934077810055e-06 6.587492246119267458e-04 4.351090097540312697e-06 6.839612167984381085e-04 4.346236536569658000e-06
5.537728740745180788e-09 2.512444367002004639e-12 1.024341651575620671e-04 -1.960433246258318834e-10 -1.178310285301042943e-07 -1.105932483435721944e-05 -9.820248288732082575e-10 -2.111558164161200852e-07 3.317729664228800630e-10 1.167487265872912414e-10 1.476900285850249158e-11 -3.958001485952644244e-10 2.288391328373724772e-06 7.687906216166593549e-08 2.206766160012596492e-06 1.281950033596546645e-07 5.946234650375604097e-06 5.265518127151654902e-08 4.630782934077810055e-06 4.208522214104360844e-07 5.986759911928943870e-05 3.954333472469286390e-07 6.215887388929202230e-05 3.949922488139374316e-07
7.877610823332205002e-07 3.574039080840156318e-10 1.457167342068236768e-02 -2.788769657164249883e-08 -1.676186725160612182e-05 -1.573216544813988739e-03 -1.396959283535667318e-07 -3.003765046215871838e-05 4.719585293815811527e-08 1.660791047345710605e-08 2.100941779132953887e-09 -5.630394119204093456e-08 3.255319124348844814e-04 1.093630171212269280e-05 3.139204531016615268e-04 1.823616221029159185e-05 8.458730553987104913e-04 7.490377569850174326e-06 6.587492246119267458e-04 5.986759911928943870e-05 8.516590475753798434e-03 5.625167497847347801e-05 8.842544895908278912e-03 5.618892720491940176e-05
5.203257787808422975e-09 2.360696294647223897e-12 9.624728535955898244e-05 -1.842025902896831000e-10 -1.107142018404403401e-07 -1.039135762067971360e-05 -9.227119378398761150e-10 -1.984023047920650317e-07 3.117343503336433094e-10 1.096972692729138193e-10 1.387697605633108758e-11 -3.718943816159955185e-10 2.150175732215329993e-06 7.223567627927984050e-08 2.073480608027111504e-06 1.204522077692072246e-07 5.587090503710690509e-06 4.947488320766080467e-08 4.351090097540312697e-06 3.954333472469286390e-07 5.625167497847347801e-05 3.715497370276592395e-07 5.840455964701792203e-05 3.711352803135530195e-07
8.179105856038829292e-07 3.710826116115003130e-10 1.512936737304628257e-02 -2.895502276966176884e-08 -1.740338397144694930e-05 -1.633427107653802769e-03 -1.450424165940015309e-07 -3.118726337206958722e-05 4.900215126237389112e-08 1.724353498219901640e-08 2.181349852661357744e-09 -5.845882786637936705e-08 3.379908044922475398e-04 1.135485996270991583e-05 3.259349468659611263e-04 1.893410342035831508e-05 8.782466542671499591e-04 7.777052178547615694e-06 6.839612167984381085e-04 6.215887388929202230e-05 8.842544895908278912e-03 5.840455964701792203e-05 9.180974611473982291e-03 5.833941036599428985e-05
5.197453651529460263e-09 2.358062982294435133e-12 9.613992329785910247e-05 -1.839971158200874934e-10 -1.105907022306869665e-07 -1.037976626082988659e-05 -9.216826702153823932e-10 -1.981809907477175498e-07 3.113866165241705069e-10 1.095749040305540128e-10 1.386149655032657547e-11 -3.714795404222141931e-10 2.147777251463324653e-06 7.215509874431095694e-08 2.071167679243458374e-06 1.203178456034030305e-07 5.580858209012147857e-06 4.941969490690963703e-08 4.346236536569658000e-06 3.949922488139374316e-07 5.618892720491940176e-05 3.711352803135530195e-07 5.833941036599428985e-05 3.707212859181203756e-07
