1.310808313914769472e-10 4.308123324962900339e-14 2.681010516644266246e-06 -4.640845896477909398e-12 -2.789199618077165114e-09 -2.714848581948910975e-07 -2.327495351653474984e-11 -6.016362922803872073e-09 5.688955337446654282e-12 2.001907532947339365e-12 2.532461993121060042e-13 -6.786841424362253242e-12 5.416015478186147066e-08 1.819540753637386884e-09 5.222816898307144485e-08 3.034231401863582299e-09 1.407308152814256994e-07 1.246225787527279226e-09 1.096014195127677143e-07 9.962014468347829429e-09 1.416515993158488339e-06 9.360340382348946851e-09 1.470717833667390975e-06 9.349899345587040590e-09
4.308123324962900339e-14 9.741213213788851283e-12 8.811451543766301024e-10 -1.525267748299834990e-15 -9.167027554722358533e-13 1.892648984777037603e-08 5.444329389567779609e-13 -4.068557055200085138e-10 1.286344951749198156e-09 4.526566823130114007e-10 5.726217744943818887e-11 -1.534590919897968859e-09 3.790119339762454919e-09 1.522738264558883223e-10 3.710841328868435026e-09 1.585475330911047182e-10 1.071628159332696549e-08 9.574390206330198753e-11 3.602177578824085819e-11 3.274131422506199005e-12 4.655543854527204492e-10 3.076384266312463630e-12 4.833684480333080716e-10 3.072952698665747262e-12
2.681010516644266246e-06 8.811451543766301024e-10 5.483505772935502037e-02 -9.491959563941754086e-08 -5.704779948167417266e-05 -5.552699431571233094e-03 -4.760447041517618182e-07 -1.230533246689364049e-04 1.163568229472683683e-07 4.094523273525377606e-08 5.179672087865968077e-09 -1.388120066020707619e-07 1.107743835599127443e-03 3.721525522705184985e-05 1.068228722778748153e-03 6.205944650068006717e-05 2.878383223030184582e-03 2.548918790471734204e-05 2.241693665715194673e-03 2.037540888623874202e-04 2.897235171854730881e-02 1.914479820949500672e-04 3.008095926877282431e-02 1.912344304381106703e-04
-4.640845896477909398e-12 -1.525267748299834990e-15 -9.491959563941754086e-08 1.643069337208705607e-13 9.875011206271025044e-11 9.611796985319605579e-09 8.240381625595848125e-13 2.130060761686528530e-10 -2.014143849194518075e-13 -7.087645281487929686e-14 -8.966044634430196301e-15 2.402844477121377833e-13 -1.917510305912939744e-09 -6.441987815139750033e-11 -1.849109387292767112e-09 -1.074253631432985878e-10 -4.982497141101723706e-09 -4.412195821894920020e-11 -3.880370109413906332e-09 -3.526999070792455688e-10 -5.015053833615479430e-08 -3.313979643450611341e-10 -5.206949932630921716e-08 -3.310283050779758254e-10
-2.789199618077165114e-09 -9.167027554722358533e-13 -5.704779948167417266e-05 9.875011206271025044e-11 5.934990237080295370e-08 5.776783263552299642e-06 4.952554457738859650e-10 1.280190017089611572e-07 -1.210522689390437126e-10 -4.259753060077019207e-11 -5.388691808753228031e-12 1.444136057721184842e-10 -1.152445241387923165e-06 -3.871704513390189949e-08 -1.111335538139490244e-06 -6.456380500056406010e-08 -2.994536479587588197e-06 -2.651777905560843295e-08 -2.332150313724938606e-06 -2.119764374473985299e-07 -3.014128036167213585e-05 -1.991737331741057346e-07 -3.129461184205844501e-05 -1.989515638799091249e-07
-2.714848581948910975e-07 1.892648984777037603e-08 -5.552699431571233094e-03 9.611796985319605579e-09 5.776783263552299642e-06 5.994013670215523129e-04 4.928314498902801353e-08 1.167028333442945057e-05 2.499277469394989940e-06 8.794799883812739287e-07 1.112563697444042009e-07 -2.981601860420849949e-06 -1.048085165978167738e-04 -3.472413871616602309e-06 -1.009606493880524418e-04 -5.976724665225067554e-06 -2.706422181545484369e-04 -2.394989352240192140e-06 -2.269976286710970550e-04 -2.063259600873729597e-05 -2.933748750264209611e-03 -1.938645364250670102e-05 -3.046005604162182155e-03 -1.936482894372564226e-05
-2.327495351653474984e-11 5.444329389567779609e-13 -4.760447041517618182e-07 8.240381625595848125e-13 4.952554457738859650e-10 4.928314498902801353e-08 4.164036419208200553e-12 1.045329992307640457e-09 7.189336072648367499e-11 2.529882117729871685e-11 3.200362734027739613e-12 -8.576774070453258405e-11 -9.402978211420083222e-09 -3.144848521128934731e-10 -9.064388330468756811e-09 -5.298346900648744575e-10 -2.438369429362566546e-08 -2.158790995502220986e-10 -1.946099894878839235e-08 -1.768874223770851606e-09 -2.515176433829990146e-07 -1.662039875666161989e-09 -2.611417321110873162e-07 -1.660185945936284972e-09
-6.016362922803872073e-09 -4.068557055200085138e-10 -1.230533246689364049e-04 2.130060761686528530e-10 1.280190017089611572e-07 1.167028333442945057e-05 1.045329992307640457e-09 2.929678736123533859e-07 -5.372603762566043255e-08 -1.890585367732584654e-08 -2.391636746334170468e-09 6.409438482809668668e-08 -2.642639735136410576e-06 -8.981766709423745825e-08 -2.550696550592820541e-06 -1.458138411591067650e-07 -6.902762743724672536e-06 -6.116184131826713178e-08 -5.030498345984122456e-06 -4.572376759410753826e-07 -6.501540805587756702e-05 -4.296219702667196150e-07 -6.750317005390064245e-05 -4.291427463725996276e-07
5.688955337446654282e-12 1.286344951749198156e-09 1.163568229472683683e-07 -2.014143849194518075e-13 -1.210522689390437126e-10 2.499277469394989940e-06 7.189336072648367499e-11 -5.372603762566043255e-08 1.698641955834190465e-07 5.977413901497516306e-08 7.561574821640790441e-09 -2.026455259902102592e-07 5.004921661281240822e-07 2.010803612085311444e-08 4.900233603609743159e-07 2.093649051050435222e-08 1.415104513274167808e-06 1.264315665595923802e-08 4.756741119331050644e-09 4.323550192479094359e-10 6.147730480262701287e-08 4.062421470098904075e-10 6.382968422303807035e-08 4.057890022503977375e-10
2.001907532947339365e-12 4.526566823130114007e-10 4.094523273525377606e-08 -7.087645281487929686e-14 -4.259753060077019207e-11 8.794799883812739287e-07 2.529882117729871685e-11 -1.890585367732584654e-08 5.977413901497516306e-08 2.103414328381829843e-08 2.660870555187019566e-09 -7.130968418610004694e-08 1.761200373892066828e-07 7.075891260367981101e-09 1.724361306091863519e-07 7.367419140339133789e-09 4.979663560708973671e-07 4.449047186566356889e-09 1.673867223499448124e-09 1.521430066989270285e-10 2.163347611299162305e-08 1.429540515150198914e-10 2.246126360502207132e-08 1.427945927297526628e-10
2.532461993121060042e-13 5.726217744943818887e-11 5.179672087865968077e-09 -8.966044634430196301e-15 -5.388691808753228031e-12 1.112563697444042009e-07 3.200362734027739613e-12 -2.391636746334170468e-09 7.561574821640790441e-09 2.660870555187019566e-09 3.366066323550607209e-10 -9.020849440279100163e-09 2.227961556750793679e-08 8.951175486436763452e-10 2.181359234958325407e-08 9.319965384615023569e-10 6.299396217294398029e-08 5.628153496090719535e-10 2.117482978499296157e-10 1.924646246807050018e-11 2.736687642101448024e-09 1.808403716236078903e-11 2.841404784572578247e-09 1.806386523600995603e-11
-6.786841424362253242e-12 -1.534590919897968859e-09 -1.388120066020707619e-07 2.402844477121377833e-13 1.444136057721184842e-10 -2.981601860420849949e-06 -8.576774070453258405e-11 6.409438482809668668e-08 -2.026455259902102592e-07 -7.130968418610004694e-08 -9.020849440279100163e-09 2.417531825182399094e-07 -5.970799100843354059e-07 -2.398859636665512958e-08 -5.845907762349644827e-07 -2.497693047169985360e-08 -1.688199204052403030e-06 -1.508310307632082495e-08 -5.674723345547940914e-09 -5.157932837891142762e-10 -7.334153525893196654e-08 -4.846410049436522739e-10 -7.614788987494421384e-08 -4.841004098005115189e-10
5.416015478186147066e-08 3.790119339762454919e-09 1.107743835599127443e-03 -1.917510305912939744e-09 -1.152445241387923165e-06 -1.048085165978167738e-04 -9.402978211420083222e-09 -2.642639735136410576e-06 5.004921661281240822e-07 1.761200373892066828e-07 2.227961556750793679e-08 -5.970799100843354059e-07 2.383881325485161915e-05 8.105373261275701418e-07 2.301009793428767151e-05 1.314699718679612355e-06 6.227936308988375248e-05 5.518358331949952649e-07 4.528528218014446239e-05 4.116118185433100302e-06 5.852789831188886550e-04 3.867517668775730517e-06 6.076742305750529706e-04 3.863203627143104785e-06
1.819540753637386884e-09 1.522738264558883223e-10 3.721525522705184985e-05 -6.441987815139750033e-11 -3.871704513390189949e-08 -3.472413871616602309e-06 -3.144848521128934731e-10 -8.981766709423745825e-08 2.010803612085311444e-08 7.075891260367981101e-09 8.951175486436763452e-10 -2.398859636665512958e-08 8.105373261275701418e-07 2.761883004235667274e-08 7.824948014061356878e-07 4.457149314730554526e-08 2.119630850723011543e-06 1.878334200751024410e-08 1.521383100091013959e-06 1.382833239017834119e-07 1.966270840366279979e-05 1.299314506204296293e-07 2.041508538933174113e-05 1.297865179723314782e-07
5.222816898307144485e-08 3.710841328868435026e-09 1.068228722778748153e-03 -1.849109387292767112e-09 -1.111335538139490244e-06 -1.009606493880524418e-04 -9.064388330468756811e-09 -2.550696550592820541e-06 4.900233603609743159e-07 1.724361306091863519e-07 2.181359234958325407e-08 -5.845907762349644827e-07 2.301009793428767151e-05 7.824948014061356878e-07 2.221049284194334818e-05 1.268706576936595197e-06 6.011900557519065725e-05 5.326981928139661623e-07 4.366987925265157397e-05 3.969289157730796100e-06 5.644011218475383177e-04 3.729556648463146726e-06 5.859974950114993407e-04 3.725396496110658861e-06
3.034231401863582299e-09 1.585475330911047182e-10 6.205944650068006717e-05 -1.074253631432985878e-10 -6.456380500056406010e-08 -5.976724665225067554e-06 -5.298346900648744575e-10 -1.458138411591067650e-07 2.093649051050435222e-08 7.367419140339133789e-09 9.319965384615023569e-10 -2.497693047169985360e-08 1.314699718679612355e-06 4.457149314730554526e-08 1.268706576936595197e-06 7.278391033782761923e-08 3.430179826466229465e-06 3.038927218658185901e-08 2.537029246721956269e-06 2.305986322431374468e-07 3.278914948810638985e-05 2.166712079505518132e-07 3.404379854424746308e-05 2.164295210350637454e-07
1.407308152814256994e-07 1.071628159332696549e-08 2.878383223030184582e-03 -4.982497141101723706e-09 -2.994536479587588197e-06 -2.706422181545484369e-04 -2.438369429362566546e-08 -6.902762743724672536e-06 1.415104513274167808e-06 4.979663560708973671e-07 6.299396217294398029e-08 -1.688199204052403030e-06 6.227936308988375248e-05 2.119630850723011543e-06 6.011900557519065725e-05 3.430179826466229465e-06 1.627786456294219738e-04 1.442395618688950908e-06 1.176701558793532518e-04 1.069540304727826457e-05 1.520799696826688344e-03 1.004943456213526914e-05 1.578991905286804579e-03 1.003822487118079325e-05
1.246225787527279226e-09 9.574390206330198753e-11 2.548918790471734204e-05 -4.412195821894920020e-11 -2.651777905560843295e-08 -2.394989352240192140e-06 -2.158790995502220986e-10 -6.116184131826713178e-08 1.264315665595923802e-08 4.449047186566356889e-09 5.628153496090719535e-10 -1.508310307632082495e-08 5.518358331949952649e-07 1.878334200751024410e-08 5.326981928139661623e-07 3.038927218658185901e-08 1.442395618688950908e-06 1.278126176752136984e-08 1.042014153358301424e-06 9.471194123728499649e-08 1.346724034449930752e-05 8.899164069062222363e-08 1.398255316164225722e-05 8.889237454190009420e-08
1.096014195127677143e-07 3.602177578824085819e-11 2.241693665715194673e-03 -3.880370109413906332e-09 -2.332150313724938606e-06 -2.269976286710970550e-04 -1.946099894878839235e-08 -5.030498345984122456e-06 4.756741119331050644e-09 1.673867223499448124e-09 2.117482978499296157e-10 -5.674723345547940914e-09 4.528528218014446239e-05 1.521383100091013959e-06 4.366987925265157397e-05 2.537029246721956269e-06 1.176701558793532518e-04 1.042014153358301424e-06 9.164197047872317992e-05 8.329595007173280113e-06 1.184413436339661063e-03 7.826513483968587512e-06 1.229734324038110269e-03 7.817783356192274050e-06
9.962014468347829429e-09 3.274131422506199005e-12 2.037540888623874202e-04 -3.526999070792455688e-10 -2.119764374473985299e-07 -2.063259600873729597e-05 -1.768874223770851606e-09 -4.572376759410753826e-07 4.323550192479094359e-10 1.521430066989270285e-10 1.924646246807050018e-11 -5.157932837891142762e-10 4.116118185433100302e-06 1.382833239017834119e-07 3.969289157730796100e-06 2.305986322431374468e-07 1.069540304727826457e-05 9.471194123728499649e-08 8.329595007173280113e-06 7.571034218759917780e-07 1.076535607218419716e-04 7.113767837490750013e-07 1.117728320176268326e-04 7.105832752013787175e-07
1.416515993158488339e-06 4.655543854527204492e-10 2.897235171854730881e-02 -5.015053833615479430e-08 -3.014128036167213585e-05 -2.933748750264209611e-03 -2.515176433829990146e-07 -6.501540805587756702e-05 6.147730480262701287e-08 2.163347611299162305e-08 2.736687642101448024e-09 -7.334153525893196654e-08 5.852789831188886550e-04 1.966270840366279979e-05 5.644011218475383177e-04 3.278914948810638985e-05 1.520799696826688344e-03 1.346724034449930752e-05 1.184413436339661063e-03 1.076535607218419716e-04 1.530814741725160591e-02 1.011516070843681626e-04 1.589391458267637794e-02 1.010387767549432203e-04
9.360340382348946851e-09 3.076384266312463630e-12 1.914479820949500672e-04 -3.313979643450611341e-10 -1.991737331741057346e-07 -1.938645364250670102e-05 -1.662039875666161989e-09 -4.296219702667196150e-07 4.062421470098904075e-10 1.429540515150198914e-10 1.808403716236078903e-11 -4.846410049436522739e-10 3.867517668775730517e-06 1.299314506204296293e-07 3.729556648463146726e-06 2.166712079505518132e-07 1.004943456213526914e-05 8.899164069062222363e-08 7.826513483968587512e-06 7.113767837490750013e-07 1.011516070843681626e-04 6.684118896930397744e-07 1.050220862955185809e-04 6.676663065450445682e-07
1.470717833667390975e-06 4.833684480333080716e-10 3.008095926877282431e-02 -5.206949932630921716e-08 -3.129461184205844501e-05 -3.046005604162182155e-03 -2.611417321110873162e-07 -6.750317005390064245e-05 6.382968422303807035e-08 2.246126360502207132e-08 2.841404784572578247e-09 -7.614788987494421384e-08 6.076742305750529706e-04 2.041508538933174113e-05 5.859974950114993407e-04 3.404379854424746308e-05 1.578991905286804579e-03 1.398255316164225722e-05 1.229734324038110269e-03 1.117728320176268326e-04 1.589391458267637794e-02 1.050220862955185809e-04 1.650209642809050484e-02 1.049049386049898705e-04
9.349899345587040590e-09 3.072952698665747262e-12 1.912344304381106703e-04 -3.310283050779758254e-10 -1.989515638799091249e-07 -1.936482894372564226e-05 -1.660185945936284972e-09 -4.291427463725996276e-07 4.057890022503977375e-10 1.427945927297526628e-10 1.806386523600995603e-11 -4.841004098005115189e-10 3.863203627143104785e-06 1.297865179723314782e-07 3.725396496110658861e-06 2.164295210350637454e-07 1.003822487118079325e-05 8.889237454190009420e-08 7.817783356192274050e-06 7.105832752013787175e-07 1.010387767549432203e-04 6.676663065450445682e-07 1.049049386049898705e-04 6.669215550613554354e-07
