5.265879589852307083e-11 2.878162122461082874e-14 9.165690950667904079e-07 -1.864085967524580675e-12 -1.120437619988261331e-09 -1.032949182516412660e-07 -9.328690286238364249e-12 -1.716336197425819019e-09 3.800667743474766466e-12 1.337429224668085342e-12 1.691881364352532511e-13 -4.534137589587520053e-12 2.176266303734734313e-08 7.311185259255949424e-10 2.098644445420461896e-08 1.219082609570678101e-09 5.654910722372991928e-08 5.007479511796129280e-10 4.403766758045507234e-08 4.001862380055100493e-09 5.694429388562424312e-07 3.760150921264890731e-09 5.912399868626861636e-07 3.755956477677682529e-09
2.878162122461082874e-14 6.611867098992057522e-12 5.009674845439556233e-10 -1.018850038857600206e-15 -6.123955292568899781e-13 1.217177160984694633e-08 3.694299156183267909e-13 -1.720715999410738499e-10 8.731096073835216539e-10 3.072413544325260828e-10 3.886679850680149328e-11 -1.041606201295641234e-09 2.572399272934867195e-09 1.033477323023996865e-10 2.518596484271361336e-09 1.076005897717029848e-10 7.273302417948894131e-09 6.498102146634151982e-11 2.406958697571606588e-11 2.187290560872774161e-12 3.112393797756638423e-10 2.055178773395630931e-12 3.231529522155857709e-10 2.052886224078558352e-12
9.165690950667904079e-07 5.009674845439556233e-10 1.595363627898522402e-02 -3.244591132866923103e-08 -1.950212587236949425e-05 -1.797930580828955129e-03 -1.623733646218637877e-07 -2.987422611745522681e-05 6.615370775371084799e-08 2.327904148091322214e-08 2.944856874444897226e-09 -7.892034590480006692e-08 3.787968598542849788e-04 1.272571012981097537e-05 3.652861456528688202e-04 2.121911993607448739e-05 9.842831972347459730e-04 8.715924100135667176e-06 7.665119044786236104e-04 6.965565284012764321e-05 9.911644174206223068e-03 6.544846849507815489e-05 1.029104109333937520e-02 6.537546079975613028e-05
-1.864085967524580675e-12 -1.018850038857600206e-15 -3.244591132866923103e-08 6.598743766821827923e-14 3.966273983743521555e-11 3.656574128697590800e-09 3.302295292620916017e-13 6.075714434889162305e-11 -1.345410825732451460e-13 -4.734409528392081341e-14 -5.989146269616906056e-15 1.605054219672436613e-13 -7.703835314177495086e-10 -2.588110784874739020e-11 -7.429059143706317443e-10 -4.315471152950257598e-11 -2.001800176890648995e-09 -1.772614216993472708e-11 -1.558902395930349145e-09 -1.416632658584949269e-10 -2.015782545659205941e-08 -1.331068431716119948e-10 -2.092942212430538102e-08 -1.329583626871451873e-10
-1.120437619988261331e-09 -6.123955292568899781e-13 -1.950212587236949425e-05 3.966273983743521555e-11 2.383990065130191544e-08 2.197838290555803257e-06 1.984894570839922499e-10 3.651902035575338528e-08 -8.086799267213737322e-11 -2.845689864019293300e-11 -3.599868733869363499e-12 9.647425929333826593e-11 -4.630509640357117132e-07 -1.555623695871961431e-08 -4.465351191733312664e-07 -2.593880101810035057e-08 -1.203212981117375208e-06 -1.065457033926274365e-08 -9.370031410005216116e-07 -8.514887455878527606e-08 -1.211621277764759502e-05 -8.000590449466068104e-08 -1.257999523701477842e-05 -7.991665801052238958e-08
-1.032949182516412660e-07 1.217177160984694633e-08 -1.797930580828955129e-03 3.656574128697590800e-09 2.197838290555803257e-06 2.252378259273880444e-04 1.899173767874609016e-08 3.050244763680110594e-06 1.607305559376507199e-06 5.655999330527587218e-07 7.154980388270674786e-08 -1.917490565158193817e-06 -3.795389210592164697e-05 -1.243757871398458295e-06 -3.652999058965815447e-05 -2.193570958946861658e-06 -9.753171494234235989e-05 -8.625894137896280801e-07 -8.638370350926519593e-05 -7.850011554282327516e-06 -1.117007828715500025e-03 -7.375873030900338184e-06 -1.159764376080952815e-03 -7.367645256092873176e-06
-9.328690286238364249e-12 3.694299156183267909e-13 -1.623733646218637877e-07 3.302295292620916017e-13 1.984894570839922499e-10 1.899173767874609016e-08 1.673825958924414503e-12 2.943610967409066743e-10 4.878392162706247442e-11 1.716673172023199856e-11 2.171634417057304561e-12 -5.819846144513810258e-11 -3.710291763437195178e-09 -1.236887198187552145e-10 -3.575805546481107612e-09 -2.099074829807389991e-10 -9.607626082502046976e-09 -8.504390944069555355e-11 -7.801422243438690497e-09 -7.089440474230529940e-10 -1.008785643857197786e-07 -6.661240166797445744e-10 -1.047399733814128662e-07 -6.653809562886729959e-10
-1.716336197425819019e-09 -1.720715999410738499e-10 -2.987422611745522681e-05 6.075714434889162305e-11 3.651902035575338528e-08 3.050244763680110594e-06 2.943610967409066743e-10 6.037088216174479314e-08 -2.272238179867131221e-08 -7.995851991423789824e-09 -1.011495249523328081e-09 2.710744815416512790e-08 -7.755952141786889453e-07 -2.649432563161596808e-08 -7.489139201754563431e-07 -4.250197181106166130e-08 -2.030588952268515198e-06 -1.799595432158566997e-08 -1.435343257036383820e-06 -1.304348314307225919e-07 -1.856016165690257757e-05 -1.225566010156240641e-07 -1.927060471982974295e-05 -1.224198892806125141e-07
3.800667743474766466e-12 8.731096073835216539e-10 6.615370775371084799e-08 -1.345410825732451460e-13 -8.086799267213737322e-11 1.607305559376507199e-06 4.878392162706247442e-11 -2.272238179867131221e-08 1.152957823778405054e-07 4.057180409864031329e-08 5.132434541835224874e-09 -1.375460767067082719e-07 3.396902104572400983e-07 1.364726428696936054e-08 3.325854500356406594e-07 1.420886219208798845e-08 9.604533999973503746e-07 8.580867274812380054e-09 3.178434672388578807e-09 2.888358725601718835e-10 4.109975120958629293e-08 2.713902601229203840e-10 4.267296107706842280e-08 2.710875246316945014e-10
1.337429224668085342e-12 3.072413544325260828e-10 2.327904148091322214e-08 -4.734409528392081341e-14 -2.845689864019293300e-11 5.655999330527587218e-07 1.716673172023199856e-11 -7.995851991423789824e-09 4.057180409864031329e-08 1.427694314294874053e-08 1.806068948843261972e-09 -4.840153262754318753e-08 1.195346823595199871e-07 4.802379855298522856e-09 1.170345653097436690e-07 5.000002353020961231e-09 3.379770411017193125e-07 3.019549063221205842e-09 1.118469623061933040e-09 1.016393863368043111e-10 1.446272393376185468e-08 9.550039353599105897e-11 1.501632582480607278e-08 9.539386296803854905e-11
1.691881364352532511e-13 3.886679850680149328e-11 2.944856874444897226e-09 -5.989146269616906056e-15 -3.599868733869363499e-12 7.154980388270674786e-08 2.171634417057304561e-12 -1.011495249523328081e-09 5.132434541835224874e-09 1.806068948843261972e-09 2.284722312578839110e-10 -6.122914723713596174e-09 1.512143582565866631e-08 6.075130419379232899e-10 1.480516477619446375e-08 6.325127813398290001e-10 4.275493969555533060e-08 3.819804956283243159e-10 1.414892001086831292e-10 1.285763616143189328e-11 1.829570691107692337e-09 1.208103824327191827e-11 1.899602712682441893e-09 1.206756186042277762e-11
-4.534137589587520053e-12 -1.041606201295641234e-09 -7.892034590480006692e-08 1.605054219672436613e-13 9.647425929333826593e-11 -1.917490565158193817e-06 -5.819846144513810258e-11 2.710744815416512790e-08 -1.375460767067082719e-07 -4.840153262754318753e-08 -6.122914723713596174e-09 1.640903339055158863e-07 -4.052451433613776760e-07 -1.628097440518161531e-08 -3.967692745205359306e-07 -1.695095198476165093e-08 -1.145805984652382663e-06 -1.023684142325926832e-08 -3.791823199053915513e-09 -3.445767100518304536e-10 -4.903136483719990821e-08 -3.237643653631469015e-10 -5.090817977355483338e-08 -3.234032066239149794e-10
2.176266303734734313e-08 2.572399272934867195e-09 3.787968598542849788e-04 -7.703835314177495086e-10 -4.630509640357117132e-07 -3.795389210592164697e-05 -3.710291763437195178e-09 -7.755952141786889453e-07 3.396902104572400983e-07 1.195346823595199871e-07 1.512143582565866631e-08 -4.052451433613776760e-07 9.985586363269567737e-06 3.420220512891593830e-07 9.644121807554193891e-06 5.452299956604565245e-07 2.617512777677458312e-05 2.320060985561402119e-07 1.819975319099548355e-05 1.653877147414266196e-06 2.353377634590017879e-04 1.553983388150499071e-06 2.443459888729328450e-04 1.552249921582387321e-06
7.311185259255949424e-10 1.033477323023996865e-10 1.272571012981097537e-05 -2.588110784874739020e-11 -1.555623695871961431e-08 -1.243757871398458295e-06 -1.236887198187552145e-10 -2.649432563161596808e-08 1.364726428696936054e-08 4.802379855298522856e-09 6.075130419379232899e-10 -1.628097440518161531e-08 3.420220512891593830e-07 1.175382999043297724e-08 3.304138596470163089e-07 1.859082419422033129e-08 8.978977071943788747e-07 7.959929621219606880e-09 6.114220494267464482e-07 5.556214850539991529e-08 7.906181454964291596e-06 5.220620918477397225e-08 8.208812927069659209e-06 5.214797322689909583e-08
2.098644445420461896e-08 2.518596484271361336e-09 3.652861456528688202e-04 -7.429059143706317443e-10 -4.465351191733312664e-07 -3.652999058965815447e-05 -3.575805546481107612e-09 -7.489139201754563431e-07 3.325854500356406594e-07 1.170345653097436690e-07 1.480516477619446375e-08 -3.967692745205359306e-07 9.644121807554193891e-06 3.304138596470163089e-07 9.314530058928826591e-06 5.263967736730981154e-07 2.528309493882875258e-05 2.241024155071214848e-07 1.755061464571321171e-05 1.594887572570797282e-06 2.269438741812405372e-04 1.498556768409537064e-06 2.356307996441716170e-04 1.496885130164785252e-06
1.219082609570678101e-09 1.076005897717029848e-10 2.121911993607448739e-05 -4.315471152950257598e-11 -2.593880101810035057e-08 -2.193570958946861658e-06 -2.099074829807389991e-10 -4.250197181106166130e-08 1.420886219208798845e-08 5.000002353020961231e-09 6.325127813398290001e-10 -1.695095198476165093e-08 5.452299956604565245e-07 1.859082419422033129e-08 5.263967736730981154e-07 2.995195350530270339e-08 1.426277739679503847e-06 1.263913421201163325e-08 1.019498130160484510e-06 9.264551087049171386e-08 1.318293423072686554e-05 8.704974614259273618e-08 1.368754832618216290e-05 8.695264226544926926e-08
5.654910722372991928e-08 7.273302417948894131e-09 9.842831972347459730e-04 -2.001800176890648995e-09 -1.203212981117375208e-06 -9.753171494234235989e-05 -9.607626082502046976e-09 -2.030588952268515198e-06 9.604533999973503746e-07 3.379770411017193125e-07 4.275493969555533060e-08 -1.145805984652382663e-06 2.617512777677458312e-05 8.978977071943788747e-07 2.528309493882875258e-05 1.426277739679503847e-06 6.865989646510196149e-05 6.086202381271433738e-07 4.729107551347963649e-05 4.297510697619663986e-06 6.115123734378706153e-04 4.037942147679409804e-06 6.349197545603906890e-04 4.033437828206754602e-06
5.007479511796129280e-10 6.498102146634151982e-11 8.715924100135667176e-06 -1.772614216993472708e-11 -1.065457033926274365e-08 -8.625894137896280801e-07 -8.504390944069555355e-11 -1.799595432158566997e-08 8.580867274812380054e-09 3.019549063221205842e-09 3.819804956283243159e-10 -1.023684142325926832e-08 2.320060985561402119e-07 7.959929621219606880e-09 2.241024155071214848e-07 1.263913421201163325e-08 6.086202381271433738e-07 5.395021970051782887e-09 4.187670691353221350e-07 3.805488517599115098e-08 5.414998004050184791e-06 3.575637995877899742e-08 5.622272411349898639e-06 3.571649376313896139e-08
4.403766758045507234e-08 2.406958697571606588e-11 7.665119044786236104e-04 -1.558902395930349145e-09 -9.370031410005216116e-07 -8.638370350926519593e-05 -7.801422243438690497e-09 -1.435343257036383820e-06 3.178434672388578807e-09 1.118469623061933040e-09 1.414892001086831292e-10 -3.791823199053915513e-09 1.819975319099548355e-05 6.114220494267464482e-07 1.755061464571321171e-05 1.019498130160484510e-06 4.729107551347963649e-05 4.187670691353221350e-07 3.682800512515240523e-05 3.346689523698749536e-06 4.762177145609690137e-04 3.144550272964257183e-06 4.944463446600005745e-04 3.141042530213509041e-06
4.001862380055100493e-09 2.187290560872774161e-12 6.965565284012764321e-05 -1.416632658584949269e-10 -8.514887455878527606e-08 -7.850011554282327516e-06 -7.089440474230529940e-10 -1.304348314307225919e-07 2.888358725601718835e-10 1.016393863368043111e-10 1.285763616143189328e-11 -3.445767100518304536e-10 1.653877147414266196e-06 5.556214850539991529e-08 1.594887572570797282e-06 9.264551087049171386e-08 4.297510697619663986e-06 3.805488517599115098e-08 3.346689523698749536e-06 3.041258943578205377e-07 4.327539192179925576e-05 2.857567698116933214e-07 4.493187977396133776e-05 2.854380085151929875e-07
5.694429388562424312e-07 3.112393797756638423e-10 9.911644174206223068e-03 -2.015782545659205941e-08 -1.211621277764759502e-05 -1.117007828715500025e-03 -1.008785643857197786e-07 -1.856016165690257757e-05 4.109975120958629293e-08 1.446272393376185468e-08 1.829570691107692337e-09 -4.903136483719990821e-08 2.353377634590017879e-04 7.906181454964291596e-06 2.269438741812405372e-04 1.318293423072686554e-05 6.115123734378706153e-04 5.414998004050184791e-06 4.762177145609690137e-04 4.327539192179925576e-05 6.157963084329462489e-03 4.066156615853673502e-05 6.393678781222880518e-03 4.061620818744148730e-05
3.760150921264890731e-09 2.055178773395630931e-12 6.544846849507815489e-05 -1.331068431716119948e-10 -8.000590449466068104e-08 -7.375873030900338184e-06 -6.661240166797445744e-10 -1.225566010156240641e-07 2.713902601229203840e-10 9.550039353599105897e-11 1.208103824327191827e-11 -3.237643653631469015e-10 1.553983388150499071e-06 5.220620918477397225e-08 1.498556768409537064e-06 8.704974614259273618e-08 4.037942147679409804e-06 3.575637995877899742e-08 3.144550272964257183e-06 2.857567698116933214e-07 4.066156615853673502e-05 2.684971356843462792e-07 4.221800238290373083e-05 2.681976274881139598e-07
5.912399868626861636e-07 3.231529522155857709e-10 1.029104109333937520e-02 -2.092942212430538102e-08 -1.257999523701477842e-05 -1.159764376080952815e-03 -1.047399733814128662e-07 -1.927060471982974295e-05 4.267296107706842280e-08 1.501632582480607278e-08 1.899602712682441893e-09 -5.090817977355483338e-08 2.443459888729328450e-04 8.208812927069659209e-06 2.356307996441716170e-04 1.368754832618216290e-05 6.349197545603906890e-04 5.622272411349898639e-06 4.944463446600005745e-04 4.493187977396133776e-05 6.393678781222880518e-03 4.221800238290373083e-05 6.638417291811648385e-03 4.217090820651809283e-05
3.755956477677682529e-09 2.052886224078558352e-12 6.537546079975613028e-05 -1.329583626871451873e-10 -7.991665801052238958e-08 -7.367645256092873176e-06 -6.653809562886729959e-10 -1.224198892806125141e-07 2.710875246316945014e-10 9.539386296803854905e-11 1.206756186042277762e-11 -3.234032066239149794e-10 1.552249921582387321e-06 5.214797322689909583e-08 1.496885130164785252e-06 8.695264226544926926e-08 4.033437828206754602e-06 3.571649376313896139e-08 3.141042530213509041e-06 2.854380085151929875e-07 4.061620818744148730e-05 2.681976274881139598e-07 4.217090820651809283e-05 2.678984533928938602e-07
