8.927791130820437187e-11 3.252455890176988153e-14 2.146908071921628481e-06 -3.824483718444582747e-12 -2.637248212509868902e-09 -2.073224447122606924e-07 -2.026497997675043649e-11 -5.934919366558057941e-09 4.021786587240112231e-12 1.415573292291451448e-12 1.746507883050181076e-13 -5.366920054871634117e-12 3.785274049913625788e-08 1.355214839424277092e-09 3.635421240885245121e-08 2.347350156127360459e-09 9.220335936887194344e-08 8.792811493067034727e-10 8.531132915078670528e-08 7.831706527393979564e-09 1.200643065619194039e-06 7.345911116411355024e-09 1.251974272021259778e-06 7.337581053250324049e-09
3.252455890176988153e-14 8.996260722092515373e-12 7.821334193274669047e-10 -1.393285798768230154e-15 -9.607677147626332615e-13 1.630947205040546715e-08 4.589629021390500407e-13 -5.544429071146404133e-10 1.112422179704268417e-09 3.915461681477800226e-10 4.830823476057745854e-11 -1.484484762239924380e-09 3.182011713188257887e-09 1.405510930141314497e-10 3.110498923336392995e-09 1.473806670868775291e-10 8.909072152766513406e-09 8.977219467739052457e-11 3.107950566153145494e-11 2.853144708686670711e-12 4.374025504799688573e-10 2.676166089595008637e-12 4.561028630394705374e-10 2.673131390127174026e-12
2.146908071921628481e-06 7.821334193274669047e-10 5.162776180868300369e-02 -9.196905142144355329e-08 -6.341914774442775949e-05 -4.985572229156578876e-03 -4.873211052945983605e-07 -1.427198018852415308e-04 9.671380033387654261e-08 3.404095909914776450e-08 4.199909940406127449e-09 -1.290608597134650743e-07 9.102629441690086084e-04 3.258948375327805222e-05 8.742271330782228024e-04 5.644782378256020923e-05 2.217258074567833408e-03 2.114448659361791702e-05 2.051525072177560593e-03 1.883326824135645795e-04 2.887261590343070256e-02 1.766505295561190188e-04 3.010701372013081453e-02 1.764502125899728129e-04
-3.824483718444582747e-12 -1.393285798768230154e-15 -9.196905142144355329e-08 1.638333440369003114e-13 1.129743480009686814e-10 8.881290078166887102e-09 8.681114134979556762e-13 2.542398589312276822e-10 -1.722851385608016925e-13 -6.064027406134524020e-14 -7.481683728239188149e-15 2.299079141522339345e-13 -1.621533720749878630e-09 -5.805465720049110874e-11 -1.557339829552603637e-09 -1.005557257091417134e-10 -3.949803104167636921e-09 -3.766661697308382356e-11 -3.654555992492920913e-09 -3.354944803517723050e-10 -5.143268033796254469e-08 -3.146839982776587211e-10 -5.363157717572498630e-08 -3.143271553661532374e-10
-2.637248212509868902e-09 -9.607677147626332615e-13 -6.341914774442775949e-05 1.129743480009686814e-10 7.790368382681159290e-08 6.124256391057276215e-06 5.986227179317627453e-10 1.753161034724592643e-07 -1.188026168265026902e-10 -4.181569752360020463e-11 -5.159142642601159501e-12 1.585375387262428803e-10 -1.118160906972722266e-06 -4.003272390075485347e-08 -1.073894744382477509e-06 -6.934016518446882099e-08 -2.723665215066943121e-06 -2.597375570592559903e-08 -2.520076008311695018e-06 -2.313467492486576155e-07 -3.546669214449158479e-05 -2.169964687678064848e-07 -3.698300258800363153e-05 -2.167504006887925289e-07
-2.073224447122606924e-07 1.630947205040546715e-08 -4.985572229156578876e-03 8.881290078166887102e-09 6.124256391057276215e-06 5.112908271353897678e-04 4.790906219525567486e-08 1.277627853376357132e-05 2.016728843577832555e-06 7.098406181607426342e-07 8.757880948685062421e-08 -2.691247338623453671e-06 -8.213180931455510046e-05 -2.892011928528639694e-06 -7.878115871859812307e-05 -5.184183306368561465e-06 -1.979508538915213068e-04 -1.878959641946852769e-06 -1.981106381221766667e-04 -1.818691139580953505e-05 -2.788119226464921829e-03 -1.705879055480244289e-05 -2.907319251920597453e-03 -1.703944636372625157e-05
-2.026497997675043649e-11 4.589629021390500407e-13 -4.873211052945983605e-07 8.681114134979556762e-13 5.986227179317627453e-10 4.790906219525567486e-08 4.624077503628117558e-12 1.318524216776975833e-09 5.675252450898373516e-11 1.997554018865587629e-11 2.464544816476597153e-12 -7.573406969444232862e-11 -8.427867679029848434e-09 -3.003567788205942113e-10 -8.091399119524925985e-09 -5.252239657332279437e-10 -2.046893198573781575e-08 -1.949489618451623792e-10 -1.936458664290615510e-08 -1.777700897412261252e-09 -2.725294995943193985e-07 -1.667431368083072419e-09 -2.841809432080851054e-07 -1.665540546978616922e-09
-5.934919366558057941e-09 -5.544429071146404133e-10 -1.427198018852415308e-04 2.542398589312276822e-10 1.753161034724592643e-07 1.277627853376357132e-05 1.318524216776975833e-09 4.284396627159904207e-07 -6.855899483523034062e-08 -2.413113630182939422e-08 -2.977254531946112323e-09 9.148934992189812795e-08 -2.710830570358700756e-06 -9.868862997723649147e-08 -2.606856394174404487e-06 -1.650397968222669499e-07 -6.674260935867305040e-06 -6.394335163478460423e-08 -5.671232903958831599e-06 -5.206276294503109837e-07 -7.981501697494631771e-05 -4.883334534557541884e-07 -8.322735549098968059e-05 -4.877796966260826560e-07
4.021786587240112231e-12 1.112422179704268417e-09 9.671380033387654261e-08 -1.722851385608016925e-13 -1.188026168265026902e-10 2.016728843577832555e-06 5.675252450898373516e-11 -6.855899483523034062e-08 1.375552746128267007e-07 4.841618668050909676e-08 5.973498688991620776e-09 -1.835622402278799836e-07 3.934679676684119357e-07 1.737968225417818481e-08 3.846251366203958969e-07 1.822418531175782260e-08 1.101640982973850269e-06 1.110067653280500608e-08 3.843100206340980209e-09 3.528022979544217095e-10 5.408650482026937352e-08 3.309182121886956220e-10 5.639887027081926928e-08 3.305429599476756881e-10
1.415573292291451448e-12 3.915461681477800226e-10 3.404095909914776450e-08 -6.064027406134524020e-14 -4.181569752360020463e-11 7.098406181607426342e-07 1.997554018865587629e-11 -2.413113630182939422e-08 4.841618668050909676e-08 1.704134727027244572e-08 2.102529580557480408e-09 -6.460954606940373735e-08 1.384913715779532794e-07 6.117235123368696806e-09 1.353789052234473282e-07 6.414480127357430004e-09 3.877514396603781134e-07 3.907174324691307358e-09 1.352679932644209826e-09 1.241780237819146339e-10 1.903716418973340786e-08 1.164753457149691317e-10 1.985106186837145400e-08 1.163432658448082967e-10
1.746507883050181076e-13 4.830823476057745854e-11 4.199909940406127449e-09 -7.481683728239188149e-15 -5.159142642601159501e-12 8.757880948685062421e-08 2.464544816476597153e-12 -2.977254531946112323e-09 5.973498688991620776e-09 2.102529580557480408e-09 2.594061712694644555e-10 -7.971405084500596535e-09 1.708680675492020248e-08 7.547330403458778551e-10 1.670279647044495953e-08 7.914065736715423569e-10 4.784004837494312341e-08 4.820598684049053641e-10 1.668911231015864520e-10 1.532085259121109248e-11 2.348769754420755393e-09 1.437051056103393045e-11 2.449186929589683748e-09 1.435421479339796541e-11
-5.366920054871634117e-12 -1.484484762239924380e-09 -1.290608597134650743e-07 2.299079141522339345e-13 1.585375387262428803e-10 -2.691247338623453671e-06 -7.573406969444232862e-11 9.148934992189812795e-08 -1.835622402278799836e-07 -6.460954606940373735e-08 -7.971405084500596535e-09 2.449567746631550531e-07 -5.250679188728593465e-07 -2.319251992607897525e-08 -5.132674997771026182e-07 -2.431947688663330632e-08 -1.470097660481246319e-06 -1.481342740767111480e-08 -5.128469927199689298e-09 -4.708011445407293688e-10 -7.217636761514917297e-08 -4.415976708532833482e-10 -7.526213067759378438e-08 -4.410969111201963621e-10
3.785274049913625788e-08 3.182011713188257887e-09 9.102629441690086084e-04 -1.621533720749878630e-09 -1.118160906972722266e-06 -8.213180931455510046e-05 -8.427867679029848434e-09 -2.710830570358700756e-06 3.934679676684119357e-07 1.384913715779532794e-07 1.708680675492020248e-08 -5.250679188728593465e-07 1.716485636323952056e-05 6.239186578463814629e-07 1.650450631825214600e-05 1.046849737688039125e-06 4.221878741781879554e-05 4.043068132302946315e-07 3.617097311219803426e-05 3.320547331527906585e-06 5.090587895635364634e-04 3.114576023605491504e-06 5.308226468643368560e-04 3.111044178865734911e-06
1.355214839424277092e-09 1.405510930141314497e-10 3.258948375327805222e-05 -5.805465720049110874e-11 -4.003272390075485347e-08 -2.892011928528639694e-06 -3.003567788205942113e-10 -9.868862997723649147e-08 1.737968225417818481e-08 6.117235123368696806e-09 7.547330403458778551e-10 -2.319251992607897525e-08 6.239186578463814629e-07 2.275227234994388156e-08 6.000665596802933577e-07 3.791332091887540277e-08 1.537799528291039569e-06 1.473987747910576246e-08 1.295002715039074574e-06 1.188832212257331828e-07 1.822541448184746699e-05 1.115089768749369142e-07 1.900460675792945938e-05 1.113825287426629179e-07
3.635421240885245121e-08 3.110498923336392995e-09 8.742271330782228024e-04 -1.557339829552603637e-09 -1.073894744382477509e-06 -7.878115871859812307e-05 -8.091399119524925985e-09 -2.606856394174404487e-06 3.846251366203958969e-07 1.353789052234473282e-07 1.670279647044495953e-08 -5.132674997771026182e-07 1.650450631825214600e-05 6.000665596802933577e-07 1.586986886135850828e-05 1.006293642585260826e-06 4.060114155029947622e-05 3.888424547210817829e-07 3.473902410809438698e-05 3.189092280844808682e-06 4.889060223296765170e-04 2.991275039880496081e-06 5.098082865679239538e-04 2.987883015096716045e-06
2.347350156127360459e-09 1.473806670868775291e-10 5.644782378256020923e-05 -1.005557257091417134e-10 -6.934016518446882099e-08 -5.184183306368561465e-06 -5.252239657332279437e-10 -1.650397968222669499e-07 1.822418531175782260e-08 6.414480127357430004e-09 7.914065736715423569e-10 -2.431947688663330632e-08 1.046849737688039125e-06 3.791332091887540277e-08 1.006293642585260826e-06 6.410450817084648520e-08 2.568826271849771385e-06 2.457554380283607608e-08 2.243057447243148933e-06 2.059160964079326886e-07 3.156800187625706392e-05 1.931432628397409418e-07 3.291763053765693489e-05 1.929242436597168476e-07
9.220335936887194344e-08 8.909072152766513406e-09 2.217258074567833408e-03 -3.949803104167636921e-09 -2.723665215066943121e-06 -1.979508538915213068e-04 -2.046893198573781575e-08 -6.674260935867305040e-06 1.101640982973850269e-06 3.877514396603781134e-07 4.784004837494312341e-08 -1.470097660481246319e-06 4.221878741781879554e-05 1.537799528291039569e-06 4.060114155029947622e-05 2.568826271849771385e-06 1.039810071611953489e-04 9.963443623658314992e-07 8.810682505694814926e-05 8.088334509158341643e-06 1.239986974518321504e-03 7.586620601694151129e-06 1.293000285569447308e-03 7.578017579965218227e-06
8.792811493067034727e-10 8.977219467739052457e-11 2.114448659361791702e-05 -3.766661697308382356e-11 -2.597375570592559903e-08 -1.878959641946852769e-06 -1.949489618451623792e-10 -6.394335163478460423e-08 1.110067653280500608e-08 3.907174324691307358e-09 4.820598684049053641e-10 -1.481342740767111480e-08 4.043068132302946315e-07 1.473987747910576246e-08 3.888424547210817829e-07 2.457554380283607608e-08 9.963443623658314992e-07 9.549314160758388864e-09 8.402148917897729228e-07 7.713298907695789942e-08 1.182489672316625408e-05 7.234848263156119410e-08 1.233044746620963277e-05 7.226644142584000909e-08
8.531132915078670528e-08 3.107950566153145494e-11 2.051525072177560593e-03 -3.654555992492920913e-09 -2.520076008311695018e-06 -1.981106381221766667e-04 -1.936458664290615510e-08 -5.671232903958831599e-06 3.843100206340980209e-09 1.352679932644209826e-09 1.668911231015864520e-10 -5.128469927199689298e-09 3.617097311219803426e-05 1.295002715039074574e-06 3.473902410809438698e-05 2.243057447243148933e-06 8.810682505694814926e-05 8.402148917897729228e-07 8.152119467585985870e-05 7.483742929274756525e-06 1.147311091876479332e-03 7.019531129467241198e-06 1.196362462121688432e-03 7.011571167341538973e-06
7.831706527393979564e-09 2.853144708686670711e-12 1.883326824135645795e-04 -3.354944803517723050e-10 -2.313467492486576155e-07 -1.818691139580953505e-05 -1.777700897412261252e-09 -5.206276294503109837e-07 3.528022979544217095e-10 1.241780237819146339e-10 1.532085259121109248e-11 -4.708011445407293688e-10 3.320547331527906585e-06 1.188832212257331828e-07 3.189092280844808682e-06 2.059160964079326886e-07 8.088334509158341643e-06 7.713298907695789942e-08 7.483742929274756525e-06 6.870191390124302288e-07 1.053235211307817105e-04 6.444038168988454219e-07 1.098264225359117923e-04 6.436730806117772175e-07
1.200643065619194039e-06 4.374025504799688573e-10 2.887261590343070256e-02 -5.143268033796254469e-08 -3.546669214449158479e-05 -2.788119226464921829e-03 -2.725294995943193985e-07 -7.981501697494631771e-05 5.408650482026937352e-08 1.903716418973340786e-08 2.348769754420755393e-09 -7.217636761514917297e-08 5.090587895635364634e-04 1.822541448184746699e-05 4.889060223296765170e-04 3.156800187625706392e-05 1.239986974518321504e-03 1.182489672316625408e-05 1.147311091876479332e-03 1.053235211307817105e-04 1.614738785006791452e-02 9.879035611577858384e-05 1.683775398293524406e-02 9.867833026006046229e-05
7.345911116411355024e-09 2.676166089595008637e-12 1.766505295561190188e-04 -3.146839982776587211e-10 -2.169964687678064848e-07 -1.705879055480244289e-05 -1.667431368083072419e-09 -4.883334534557541884e-07 3.309182121886956220e-10 1.164753457149691317e-10 1.437051056103393045e-11 -4.415976708532833482e-10 3.114576023605491504e-06 1.115089768749369142e-07 2.991275039880496081e-06 1.931432628397409418e-07 7.586620601694151129e-06 7.234848263156119410e-08 7.019531129467241198e-06 6.444038168988454219e-07 9.879035611577858384e-05 6.044318942663285014e-07 1.030139443909681215e-04 6.037464850530080607e-07
1.251974272021259778e-06 4.561028630394705374e-10 3.010701372013081453e-02 -5.363157717572498630e-08 -3.698300258800363153e-05 -2.907319251920597453e-03 -2.841809432080851054e-07 -8.322735549098968059e-05 5.639887027081926928e-08 1.985106186837145400e-08 2.449186929589683748e-09 -7.526213067759378438e-08 5.308226468643368560e-04 1.900460675792945938e-05 5.098082865679239538e-04 3.291763053765693489e-05 1.293000285569447308e-03 1.233044746620963277e-05 1.196362462121688432e-03 1.098264225359117923e-04 1.683775398293524406e-02 1.030139443909681215e-04 1.755763640244624446e-02 1.028971290827975388e-04
7.337581053250324049e-09 2.673131390127174026e-12 1.764502125899728129e-04 -3.143271553661532374e-10 -2.167504006887925289e-07 -1.703944636372625157e-05 -1.665540546978616922e-09 -4.877796966260826560e-07 3.305429599476756881e-10 1.163432658448082967e-10 1.435421479339796541e-11 -4.410969111201963621e-10 3.111044178865734911e-06 1.113825287426629179e-07 2.987883015096716045e-06 1.929242436597168476e-07 7.578017579965218227e-06 7.226644142584000909e-08 7.011571167341538973e-06 6.436730806117772175e-07 9.867833026006046229e-05 6.037464850530080607e-07 1.028971290827975388e-04 6.030618530750785652e-07
