6.060647788884700471e-11 2.883425905092677613e-14 1.218971455388691561e-06 -2.361200324058584313e-12 -1.541933305160317124e-09 -1.281214076078914392e-07 -1.216290667101755350e-11 -2.883343845233763886e-09 3.707646570623846510e-12 1.305042911242307347e-12 1.628922101559261900e-13 -4.706950063879797733e-12 2.543586104200532235e-08 8.844538805340159100e-10 2.447727614231266903e-08 1.501606185143281963e-09 6.392812070564994024e-08 5.912836657826252931e-10 5.426843520653295970e-08 4.957853359176582928e-09 7.327941916191667859e-07 4.654132234962811681e-09 7.624741182706941872e-07 4.648896816779782405e-09
2.883425905092677613e-14 7.228660297920409970e-12 5.799402959007922798e-10 -1.123369385363448002e-15 -7.335932710326014430e-13 1.314400415724989291e-08 3.878874850464177554e-13 -3.329758346564081241e-10 9.294956224279299619e-10 3.271702547625035907e-10 4.083657743086015033e-11 -1.180017942925716475e-09 2.704334038250912236e-09 1.142001518752957770e-10 2.645360328585025335e-09 1.193966672277255024e-10 7.604109236466905680e-09 7.261720673401525353e-11 2.581885919692362650e-11 2.358758223125721948e-12 3.486356291964932142e-10 2.214259254040600253e-12 3.627562104197115131e-10 2.211768441022126044e-12
1.218971455388691561e-06 5.799402959007922798e-10 2.451705390322242092e-02 -4.749052814939079060e-08 -3.101273447190824693e-05 -2.576889255029322055e-03 -2.446310813674824827e-07 -5.799237964642539757e-05 7.457148961698433118e-08 2.624818521263672638e-08 3.276233191455709159e-09 -9.467037137773048734e-08 5.115887642648364163e-04 1.778892163104658201e-05 4.923088516979553294e-04 3.020163620421543294e-05 1.285779425040556702e-03 1.189242281152398104e-05 1.091496138531428258e-03 9.971674183581860954e-05 1.473866502542338537e-02 9.360803174426159990e-05 1.533561757275976600e-02 9.350273235119376750e-05
-2.361200324058584313e-12 -1.123369385363448002e-15 -4.749052814939079060e-08 9.199135878179691726e-14 6.007301101705937762e-11 4.991557095172585095e-09 4.738615306359231435e-13 1.123337402521737019e-10 -1.444481941228875552e-13 -5.084386772903515724e-14 -6.346205105884283419e-15 1.833805956679447573e-13 -9.909691866629617633e-10 -3.445791979036213512e-11 -9.536231612534938617e-10 -5.850189323277600978e-11 -2.490609668300329464e-09 -2.303613996000602744e-11 -2.114270557235796891e-09 -1.931557211474232955e-10 -2.854918583091281755e-08 -1.813228876417968160e-10 -2.970549360961856418e-08 -1.811189181734691314e-10
-1.541933305160317124e-09 -7.335932710326014430e-13 -3.101273447190824693e-05 6.007301101705937762e-11 3.922944225626012565e-08 3.259629771361859029e-06 3.094453306428285049e-10 7.335723931227375047e-08 -9.432892209083185998e-11 -3.320254203209040032e-11 -4.144258711948537525e-12 1.197529261236649710e-10 -6.471321587956118979e-07 -2.250203206283764100e-08 -6.227441059445044081e-07 -3.820345108367090338e-08 -1.626441614297736080e-06 -1.504327612127527207e-08 -1.380682476227134354e-06 -1.261363404142448787e-07 -1.864354281666530519e-05 -1.184091513214424160e-07 -1.939865102008009551e-05 -1.182759532551192245e-07
-1.281214076078914392e-07 1.314400415724989291e-08 -2.576889255029322055e-03 4.991557095172585095e-09 3.259629771361859029e-06 2.949698838599559424e-04 2.643141592710448402e-08 5.489597077022446598e-06 1.690118755247008234e-06 5.948996083862184042e-07 7.425388950640237188e-08 -2.145648031364857011e-06 -4.885306187263352353e-05 -1.661878999751190611e-06 -4.693352150944171631e-05 -2.957575973751956299e-06 -1.213080224260996173e-04 -1.117827222723336047e-06 -1.147226704690333643e-04 -1.048084942542495614e-05 -1.549108642165386183e-03 -9.838786475766017525e-06 -1.611851055829267073e-03 -9.827718861088405322e-06
-1.216290667101755350e-11 3.878874850464177554e-13 -2.446310813674824827e-07 4.738615306359231435e-13 3.094453306428285049e-10 2.643141592710448402e-08 2.462372881771488086e-12 5.605891555093873175e-10 4.987642269995285028e-11 1.755584620904094030e-11 2.191277046191487837e-12 -6.331936689814071816e-11 -4.958015504108567659e-09 -1.713015882265798188e-10 -4.768827263232777093e-09 -2.948887784923435434e-10 -1.241704910050314622e-08 -1.147232696036284983e-10 -1.089093727101424096e-08 -9.949748054898341587e-10 -1.470614619563393467e-07 -9.340220555921769463e-10 -1.530177942448129511e-07 -9.329713774332844919e-10
-2.883343845233763886e-09 -3.329758346564081241e-10 -5.799237964642539757e-05 1.123337402521737019e-10 7.335723931227375047e-08 5.489597077022446598e-06 5.605891555093873175e-10 1.523865111497775534e-07 -4.281562146912022392e-08 -1.507053633121189936e-08 -1.881066869423050946e-09 5.435550186000115095e-08 -1.333609576745819537e-06 -4.729722607124829797e-08 -1.285320632489843482e-06 -7.688306537628885315e-08 -3.388803141916475166e-06 -3.144853730893576645e-08 -2.581812478682447402e-06 -2.358691087687923028e-07 -3.486257272393544201e-05 -2.214196230789542595e-07 -3.627459078306209098e-05 -2.211705488657405340e-07
3.707646570623846510e-12 9.294956224279299619e-10 7.457148961698433118e-08 -1.444481941228875552e-13 -9.432892209083185998e-11 1.690118755247008234e-06 4.987642269995285028e-11 -4.281562146912022392e-08 1.195189815447017258e-07 4.206911171328693790e-08 5.250961904287897104e-09 -1.517323355646689781e-07 3.477361718423544627e-07 1.468440023437338069e-08 3.401530509419519206e-07 1.535259296621904347e-08 9.777726410209712103e-07 9.337466813531296149e-09 3.319912074099672018e-09 3.033003837978225738e-10 4.482923224576749484e-08 2.847200170804005890e-10 4.664492393718657182e-08 2.843997364610961396e-10
1.305042911242307347e-12 3.271702547625035907e-10 2.624818521263672638e-08 -5.084386772903515724e-14 -3.320254203209040032e-11 5.948996083862184042e-07 1.755584620904094030e-11 -1.507053633121189936e-08 4.206911171328693790e-08 1.480777516674417338e-08 1.848269657115927058e-09 -5.340779011551355910e-08 1.223985656769359664e-07 5.168716105204467708e-09 1.197294066883591024e-07 5.403911173394742871e-09 3.441631289695320669e-07 3.286665731340538814e-09 1.168565459118091741e-09 1.067577527512222158e-10 1.577930112272253255e-08 1.002177076281106981e-10 1.641840075689487106e-08 1.001049730554189849e-10
1.628922101559261900e-13 4.083657743086015033e-11 3.276233191455709159e-09 -6.346205105884283419e-15 -4.144258711948537525e-12 7.425388950640237188e-08 2.191277046191487837e-12 -1.881066869423050946e-09 5.250961904287897104e-09 1.848269657115927058e-09 2.306964209579145343e-10 -6.666227512043507846e-09 1.527748456417053350e-08 6.451462870341136250e-10 1.494432677814228796e-08 6.745027504467077695e-10 4.295758581410036250e-08 4.102334411465650347e-10 1.458574340533342596e-10 1.332523716026368556e-11 1.969533119019800242e-09 1.250892499500734021e-11 2.049303945768100935e-09 1.249485374604797737e-11
-4.706950063879797733e-12 -1.180017942925716475e-09 -9.467037137773048734e-08 1.833805956679447573e-13 1.197529261236649710e-10 -2.145648031364857011e-06 -6.331936689814071816e-11 5.435550186000115095e-08 -1.517323355646689781e-07 -5.340779011551355910e-08 -6.666227512043507846e-09 1.926279959786233847e-07 -4.414597660624422451e-07 -1.864221347836909728e-08 -4.318328043999243065e-07 -1.949050086549053142e-08 -1.241306820036137438e-06 -1.185414771854998902e-08 -4.214711421076730596e-09 -3.850474239523761524e-10 -5.691183164777359088e-08 -3.614591836385753792e-10 -5.921689766501970545e-08 -3.610525793809209944e-10
2.543586104200532235e-08 2.704334038250912236e-09 5.115887642648364163e-04 -9.909691866629617633e-10 -6.471321587956118979e-07 -4.885306187263352353e-05 -4.958015504108567659e-09 -1.333609576745819537e-06 3.477361718423544627e-07 1.223985656769359664e-07 1.527748456417053350e-08 -4.414597660624422451e-07 1.167784030000020784e-05 4.135713040903723098e-07 1.125373866265809059e-05 6.744092452373248968e-07 2.965066024806317123e-05 2.750958738143261792e-07 2.277586084386508180e-05 2.080755509226570216e-06 3.075458185173950815e-04 1.953287147815760560e-06 3.200021697606634293e-04 1.951089901347723060e-06
8.844538805340159100e-10 1.142001518752957770e-10 1.778892163104658201e-05 -3.445791979036213512e-11 -2.250203206283764100e-08 -1.661878999751190611e-06 -1.713015882265798188e-10 -4.729722607124829797e-08 1.468440023437338069e-08 5.168716105204467708e-09 6.451462870341136250e-10 -1.864221347836909728e-08 4.135713040903723098e-07 1.469807409216479547e-08 3.986612304784663193e-07 2.378158979715646977e-08 1.052138321058618115e-06 9.767404110412804801e-09 7.919601844813586444e-07 7.235188384770816227e-08 1.069394093339017254e-05 6.791956353322648883e-08 1.112707105369083634e-05 6.784316104149849572e-08
2.447727614231266903e-08 2.645360328585025335e-09 4.923088516979553294e-04 -9.536231612534938617e-10 -6.227441059445044081e-07 -4.693352150944171631e-05 -4.768827263232777093e-09 -1.285320632489843482e-06 3.401530509419519206e-07 1.197294066883591024e-07 1.494432677814228796e-08 -4.318328043999243065e-07 1.125373866265809059e-05 3.986612304784663193e-07 1.084527223823150727e-05 6.496982660670275807e-07 2.857822755187255058e-05 2.651582342059927213e-07 2.191752190444608614e-05 2.002339412796850593e-06 2.959555507104506388e-04 1.879674869271937151e-06 3.079424682883500600e-04 1.877560429015182808e-06
1.501606185143281963e-09 1.193966672277255024e-10 3.020163620421543294e-05 -5.850189323277600978e-11 -3.820345108367090338e-08 -2.957575973751956299e-06 -2.948887784923435434e-10 -7.688306537628885315e-08 1.535259296621904347e-08 5.403911173394742871e-09 6.745027504467077695e-10 -1.949050086549053142e-08 6.744092452373248968e-07 2.378158979715646977e-08 6.496982660670275807e-07 3.915285797427183182e-08 1.708251633308303695e-06 1.583747457028458259e-08 1.344572405765882073e-06 1.228374245971824803e-07 1.815593399287244113e-05 1.153123294680314129e-07 1.889129259649645587e-05 1.151826150118490243e-07
6.392812070564994024e-08 7.604109236466905680e-09 1.285779425040556702e-03 -2.490609668300329464e-09 -1.626441614297736080e-06 -1.213080224260996173e-04 -1.241704910050314622e-08 -3.388803141916475166e-06 9.777726410209712103e-07 3.441631289695320669e-07 4.295758581410036250e-08 -1.241306820036137438e-06 2.965066024806317123e-05 1.052138321058618115e-06 2.857822755187255058e-05 1.708251633308303695e-06 7.536702631960376223e-05 6.994787174241654253e-07 5.724272009523384010e-05 5.229576903131426104e-06 7.729567498694409457e-04 4.909209814195731280e-06 8.042633673823803165e-04 4.903687459864166398e-06
5.912836657826252931e-10 7.261720673401525353e-11 1.189242281152398104e-05 -2.303613996000602744e-11 -1.504327612127527207e-08 -1.117827222723336047e-06 -1.147232696036284983e-10 -3.144853730893576645e-08 9.337466813531296149e-09 3.286665731340538814e-09 4.102334411465650347e-10 -1.185414771854998902e-08 2.750958738143261792e-07 9.767404110412804801e-09 2.651582342059927213e-07 1.583747457028458259e-08 6.994787174241654253e-07 6.492484111817825150e-09 5.294489432023618324e-07 4.836938031608898221e-08 7.149219963160636180e-06 4.540624263388807859e-08 7.438780493097501226e-06 4.535516530086850613e-08
5.426843520653295970e-08 2.581885919692362650e-11 1.091496138531428258e-03 -2.114270557235796891e-09 -1.380682476227134354e-06 -1.147226704690333643e-04 -1.089093727101424096e-08 -2.581812478682447402e-06 3.319912074099672018e-09 1.168565459118091741e-09 1.458574340533342596e-10 -4.214711421076730596e-09 2.277586084386508180e-05 7.919601844813586444e-07 2.191752190444608614e-05 1.344572405765882073e-06 5.724272009523384010e-05 5.294489432023618324e-07 4.859328098525668254e-05 4.439374561303212968e-06 6.561647962199560575e-04 4.167415649818235968e-06 6.827411329240449817e-04 4.162727735861486184e-06
4.957853359176582928e-09 2.358758223125721948e-12 9.971674183581860954e-05 -1.931557211474232955e-10 -1.261363404142448787e-07 -1.048084942542495614e-05 -9.949748054898341587e-10 -2.358691087687923028e-07 3.033003837978225738e-10 1.067577527512222158e-10 1.332523716026368556e-11 -3.850474239523761524e-10 2.080755509226570216e-06 7.235188384770816227e-08 2.002339412796850593e-06 1.228374245971824803e-07 5.229576903131426104e-06 4.836938031608898221e-08 4.439374561303212968e-06 4.055723492567252000e-07 5.994543142286832589e-05 3.807267416998770981e-07 6.237336389225144908e-05 3.802984634611799198e-07
7.327941916191667859e-07 3.486356291964932142e-10 1.473866502542338537e-02 -2.854918583091281755e-08 -1.864354281666530519e-05 -1.549108642165386183e-03 -1.470614619563393467e-07 -3.486257272393544201e-05 4.482923224576749484e-08 1.577930112272253255e-08 1.969533119019800242e-09 -5.691183164777359088e-08 3.075458185173950815e-04 1.069394093339017254e-05 2.959555507104506388e-04 1.815593399287244113e-05 7.729567498694409457e-04 7.149219963160636180e-06 6.561647962199560575e-04 5.994543142286832589e-05 8.860444223589504856e-03 5.627313154296698409e-05 9.219318049784522642e-03 5.620982999124037879e-05
4.654132234962811681e-09 2.214259254040600253e-12 9.360803174426159990e-05 -1.813228876417968160e-10 -1.184091513214424160e-07 -9.838786475766017525e-06 -9.340220555921769463e-10 -2.214196230789542595e-07 2.847200170804005890e-10 1.002177076281106981e-10 1.250892499500734021e-11 -3.614591836385753792e-10 1.953287147815760560e-06 6.791956353322648883e-08 1.879674869271937151e-06 1.153123294680314129e-07 4.909209814195731280e-06 4.540624263388807859e-08 4.167415649818235968e-06 3.807267416998770981e-07 5.627313154296698409e-05 3.574031912741046186e-07 5.855232700780976470e-05 3.570011496218593161e-07
7.624741182706941872e-07 3.627562104197115131e-10 1.533561757275976600e-02 -2.970549360961856418e-08 -1.939865102008009551e-05 -1.611851055829267073e-03 -1.530177942448129511e-07 -3.627459078306209098e-05 4.664492393718657182e-08 1.641840075689487106e-08 2.049303945768100935e-09 -5.921689766501970545e-08 3.200021697606634293e-04 1.112707105369083634e-05 3.079424682883500600e-04 1.889129259649645587e-05 8.042633673823803165e-04 7.438780493097501226e-06 6.827411329240449817e-04 6.237336389225144908e-05 9.219318049784522642e-03 5.855232700780976470e-05 9.592727408148137361e-03 5.848646159101849576e-05
4.648896816779782405e-09 2.211768441022126044e-12 9.350273235119376750e-05 -1.811189181734691314e-10 -1.182759532551192245e-07 -9.827718861088405322e-06 -9.329713774332844919e-10 -2.211705488657405340e-07 2.843997364610961396e-10 1.001049730554189849e-10 1.249485374604797737e-11 -3.610525793809209944e-10 1.951089901347723060e-06 6.784316104149849572e-08 1.877560429015182808e-06 1.151826150118490243e-07 4.903687459864166398e-06 4.535516530086850613e-08 4.162727735861486184e-06 3.802984634611799198e-07 5.620982999124037879e-05 3.570011496218593161e-07 5.848646159101849576e-05 3.565995602249589233e-07
