6.412947080792895979e-11 2.736629974586456062e-14 1.619039663163174617e-06 -3.019371227709513085e-12 -2.151946588789819158e-09 -1.552555475737733639e-07 -1.641847213984648566e-11 -4.747576748325317073e-09 3.214826182802009298e-12 1.131259737632853383e-12 1.381940563300403859e-13 -4.462038037121275595e-12 2.741631429190206531e-08 1.005003445818742838e-09 2.628251253920380785e-08 1.777322669742015316e-09 6.497865646757630710e-08 6.338726297818426266e-10 6.520869019352304574e-08 6.011639894022425319e-09 9.552968480985647629e-07 5.634574641409198854e-09 9.983286004818999372e-07 5.628135365842986273e-09
2.736629974586456062e-14 8.506323240488182591e-12 6.909011436453160699e-10 -1.288471852652826883e-15 -9.183112638227426531e-13 1.445690914215446321e-08 4.085133645409241879e-13 -4.899137140788509690e-10 9.992710350631549945e-10 3.516317911671291139e-10 4.295514278415350095e-11 -1.386944461164962902e-09 2.803016101536698197e-09 1.287572362591752124e-10 2.738756053168768602e-09 1.352519117977804127e-10 7.835224926131068237e-09 8.254835465724555328e-11 2.782684059901103545e-11 2.565378089533126164e-12 4.076587497446284391e-10 2.404471090040345144e-12 4.260219113219195311e-10 2.401723224775419891e-12
1.619039663163174617e-06 6.909011436453160699e-10 4.087499124491842523e-02 -7.622824186574949030e-08 -5.432894744116650176e-05 -3.919641412613284435e-03 -4.145073633946233200e-07 -1.198593204964191501e-04 8.116285749729706110e-08 2.856026038158599269e-08 3.488905421868038489e-09 -1.126504939073455258e-07 6.921639761944477394e-04 2.537273635300132330e-05 6.635395394475774190e-04 4.487102943870796600e-05 1.640478786080683303e-03 1.600301441301234424e-05 1.646288270578305513e-03 1.517723565267576030e-04 2.411795771647839981e-02 1.422528071727861224e-04 2.520436444615401297e-02 1.420902384996316277e-04
-3.019371227709513085e-12 -1.288471852652826883e-15 -7.622824186574949030e-08 1.421595107729837701e-13 1.013188799430904183e-10 7.309821324736274453e-09 7.730222600355149915e-13 2.235274527019961636e-10 -1.513618240591811004e-13 -5.326245578225678716e-14 -6.506511784461448375e-15 2.100835871052525646e-13 -1.290826322328365693e-09 -4.731801331409241571e-11 -1.237444181325465350e-09 -8.368068669241957577e-11 -3.059352428872469752e-09 -2.984426584011588562e-11 -3.070178410130639933e-09 -2.830426975954332318e-10 -4.497739069094579696e-08 -2.652895520641521174e-10 -4.700340918025564760e-08 -2.649863753482008666e-10
-2.151946588789819158e-09 -9.183112638227426531e-13 -5.432894744116650176e-05 1.013188799430904183e-10 7.221132636551242692e-08 5.209799502827819452e-06 5.509429099660762882e-10 1.593110232883879778e-07 -1.078776130604052569e-10 -3.796087045132186758e-11 -4.637278685833262021e-12 1.497294054055807635e-10 -9.199895503344173725e-07 -3.372417923792482386e-08 -8.819433792638634651e-07 -5.964034109645846051e-08 -2.180442077692048337e-06 -2.127040867900729174e-08 -2.188160941481252515e-06 -2.017282861410743664e-07 -3.205619595033684102e-05 -1.890753784052404263e-07 -3.350018058138112126e-05 -1.888593002610262393e-07
-1.552555475737733639e-07 1.445690914215446321e-08 -3.919641412613284435e-03 7.309821324736274453e-09 5.209799502827819452e-06 4.006659991686098020e-04 4.045811970652142328e-08 1.066075318002500066e-05 1.698309620052527335e-06 5.976152918439159635e-07 7.300434962392791517e-08 -2.357179416535341274e-06 -6.160833469854288505e-05 -2.213984192124521615e-06 -5.897232185539825339e-05 -4.073220839090282827e-06 -1.439813164619479580e-04 -1.394110816091508969e-06 -1.578679368785698798e-04 -1.455400860966632959e-05 -2.312723240867992254e-03 -1.364114497773073334e-05 -2.416900321028112551e-03 -1.362555568364011794e-05
-1.641847213984648566e-11 4.085133645409241879e-13 -4.145073633946233200e-07 7.730222600355149915e-13 5.509429099660762882e-10 4.045811970652142328e-08 4.223769098384349626e-12 1.191645434536250441e-09 4.798966104202532328e-11 1.688700080683932630e-11 2.062906555235740428e-12 -6.660754984077181392e-11 -6.882791357099930239e-09 -2.510330932742727799e-10 -6.595629998586653874e-09 -4.484616821901046096e-10 -1.625449550238593163e-08 -1.582653858337312933e-10 -1.669475441222260212e-08 -1.539104631281004919e-09 -2.445745570727819800e-07 -1.442568129671915412e-09 -2.555914933361143107e-07 -1.440919541883660284e-09
-4.747576748325317073e-09 -4.899137140788509690e-10 -1.198593204964191501e-04 2.235274527019961636e-10 1.593110232883879778e-07 1.066075318002500066e-05 1.191645434536250441e-09 3.794517154795254160e-07 -5.755207917407468744e-08 -2.025190323395142364e-08 -2.473961176602255431e-09 7.987976612392757348e-08 -2.189759193498192883e-06 -8.176193239270116951e-08 -2.102164629560640819e-06 -1.392911977197552881e-07 -5.258249414684466788e-06 -5.164542932464029077e-08 -4.827472300338682571e-06 -4.450484579762782563e-07 -7.072168231377195927e-05 -4.171338939616448336e-07 -7.390737015700264690e-05 -4.166571871603120364e-07
3.214826182802009298e-12 9.992710350631549945e-10 8.116285749729706110e-08 -1.513618240591811004e-13 -1.078776130604052569e-10 1.698309620052527335e-06 4.798966104202532328e-11 -5.755207917407468744e-08 1.173882745080101476e-07 4.130756047281195853e-08 5.046108484005581079e-09 -1.629297860553405619e-07 3.292812575678373368e-07 1.512561571489408921e-08 3.217323785393763467e-07 1.588857063438932885e-08 9.204344970097771936e-07 9.697277818703513137e-09 3.268927717124457952e-09 3.013649900566797390e-10 4.788926655115986370e-08 2.824626159770755529e-10 5.004645890947651128e-08 2.821398135053286005e-10
1.131259737632853383e-12 3.516317911671291139e-10 2.856026038158599269e-08 -5.326245578225678716e-14 -3.796087045132186758e-11 5.976152918439159635e-07 1.688700080683932630e-11 -2.025190323395142364e-08 4.130756047281195853e-08 1.453564764755925598e-08 1.775666573496266994e-09 -5.733308645023268247e-08 1.158702226360624669e-07 5.322527304741309719e-09 1.132138603933004978e-07 5.591002217161880237e-09 3.238901327197625143e-07 3.412358669058294641e-09 1.150297434547223974e-09 1.060468156647121312e-10 1.685167283463710211e-08 9.939529128188098975e-11 1.761076359672651090e-08 9.928170086711888710e-11
1.381940563300403859e-13 4.295514278415350095e-11 3.488905421868038489e-09 -6.506511784461448375e-15 -4.637278685833262021e-12 7.300434962392791517e-08 2.062906555235740428e-12 -2.473961176602255431e-09 5.046108484005581079e-09 1.775666573496266994e-09 2.169144343323190010e-10 -7.003777743921113877e-09 1.415464157801229682e-08 6.501969554733009279e-10 1.383014185310452148e-08 6.829937005428217432e-10 3.956623741143367222e-08 4.168518245845609714e-10 1.405196907401219067e-10 1.295461964201537316e-11 2.058590921484951312e-09 1.214207314657413050e-11 2.151321024129579231e-09 1.212819700508864614e-11
-4.462038037121275595e-12 -1.386944461164962902e-09 -1.126504939073455258e-07 2.100835871052525646e-13 1.497294054055807635e-10 -2.357179416535341274e-06 -6.660754984077181392e-11 7.987976612392757348e-08 -1.629297860553405619e-07 -5.733308645023268247e-08 -7.003777743921113877e-09 2.261394123393761083e-07 -4.570279712302081582e-07 -2.099369265491917499e-08 -4.465504575478419597e-07 -2.205264068765556214e-08 -1.277522790734098603e-06 -1.345939721138373156e-08 -4.537128598151596260e-09 -4.182814162473999683e-10 -6.646820594048677973e-08 -3.920457483331463783e-10 -6.946229451613059085e-08 -3.915977126305912084e-10
2.741631429190206531e-08 2.803016101536698197e-09 6.921639761944477394e-04 -1.290826322328365693e-09 -9.199895503344173725e-07 -6.160833469854288505e-05 -6.882791357099930239e-09 -2.189759193498192883e-06 3.292812575678373368e-07 1.158702226360624669e-07 1.415464157801229682e-08 -4.570279712302081582e-07 1.263684863411754519e-05 4.717645912478742011e-07 1.213120337305355562e-05 8.039657264384741485e-07 3.034135775732966746e-05 2.979892801452360467e-07 2.787770630663863122e-05 2.570066393836308374e-06 4.084043534685328331e-04 2.408865317059282780e-06 4.268011144665347567e-04 2.406112429776639653e-06
1.005003445818742838e-09 1.287572362591752124e-10 2.537273635300132330e-05 -4.731801331409241571e-11 -3.372417923792482386e-08 -2.213984192124521615e-06 -2.510330932742727799e-10 -8.176193239270116951e-08 1.512561571489408921e-08 5.322527304741309719e-09 6.501969554733009279e-10 -2.099369265491917499e-08 4.717645912478742011e-07 1.768588193778991909e-08 4.530341004176602177e-07 2.988227271301846138e-08 1.136097266898825674e-06 1.117498431405146672e-08 1.021916114030197698e-06 9.421127401264997088e-08 1.497089386314875378e-05 8.830210518622252534e-08 1.564526372504864888e-05 8.820119223633078682e-08
2.628251253920380785e-08 2.738756053168768602e-09 6.635395394475774190e-04 -1.237444181325465350e-09 -8.819433792638634651e-07 -5.897232185539825339e-05 -6.595629998586653874e-09 -2.102164629560640819e-06 3.217323785393763467e-07 1.132138603933004978e-07 1.383014185310452148e-08 -4.465504575478419597e-07 1.213120337305355562e-05 4.530341004176602177e-07 1.164608176133507648e-05 7.715344965407592053e-07 2.913400566650237194e-05 2.861656044525542081e-07 2.672482410560608681e-05 2.463781283502309595e-06 3.915148154667460827e-04 2.309246677508686561e-06 4.091507800890010972e-04 2.306607635885855779e-06
1.777322669742015316e-09 1.352519117977804127e-10 4.487102943870796600e-05 -8.368068669241957577e-11 -5.964034109645846051e-08 -4.073220839090282827e-06 -4.484616821901046096e-10 -1.392911977197552881e-07 1.588857063438932885e-08 5.591002217161880237e-09 6.829937005428217432e-10 -2.205264068765556214e-08 8.039657264384741485e-07 2.988227271301846138e-08 7.715344965407592053e-07 5.138426904450733476e-08 1.924301933741037855e-06 1.886842403648136835e-08 1.807232266921777866e-06 1.666102082658830543e-07 2.647563840492912676e-05 1.561599956332056721e-07 2.766824402682380296e-05 1.559815336844474348e-07
6.497865646757630710e-08 7.835224926131068237e-09 1.640478786080683303e-03 -3.059352428872469752e-09 -2.180442077692048337e-06 -1.439813164619479580e-04 -1.625449550238593163e-08 -5.258249414684466788e-06 9.204344970097771936e-07 3.238901327197625143e-07 3.956623741143367222e-08 -1.277522790734098603e-06 3.034135775732966746e-05 1.136097266898825674e-06 2.913400566650237194e-05 1.924301933741037855e-06 7.300517887653810338e-05 7.177847168668997546e-07 6.607218129255025400e-05 6.091244190131948900e-06 9.679475198128494832e-04 5.709185931575345655e-06 1.011549147833101488e-03 5.702661388762452219e-06
6.338726297818426266e-10 8.254835465724555328e-11 1.600301441301234424e-05 -2.984426584011588562e-11 -2.127040867900729174e-08 -1.394110816091508969e-06 -1.582653858337312933e-10 -5.164542932464029077e-08 9.697277818703513137e-09 3.412358669058294641e-09 4.168518245845609714e-10 -1.345939721138373156e-08 2.979892801452360467e-07 1.117498431405146672e-08 2.861656044525542081e-07 1.886842403648136835e-08 7.177847168668997546e-07 7.061202589158220204e-09 6.445398338322814478e-07 5.942063827701201089e-08 9.442401274888297610e-06 5.569362575375652620e-08 9.867738131304793715e-06 5.562997825333984068e-08
6.520869019352304574e-08 2.782684059901103545e-11 1.646288270578305513e-03 -3.070178410130639933e-09 -2.188160941481252515e-06 -1.578679368785698798e-04 -1.669475441222260212e-08 -4.827472300338682571e-06 3.268927717124457952e-09 1.150297434547223974e-09 1.405196907401219067e-10 -4.537128598151596260e-09 2.787770630663863122e-05 1.021916114030197698e-06 2.672482410560608681e-05 1.807232266921777866e-06 6.607218129255025400e-05 6.445398338322814478e-07 6.630621475394258689e-05 6.112805746471844398e-06 9.713818942608476665e-04 5.729394889355206794e-06 1.015138406655091610e-03 5.722847248328287047e-06
6.011639894022425319e-09 2.565378089533126164e-12 1.517723565267576030e-04 -2.830426975954332318e-10 -2.017282861410743664e-07 -1.455400860966632959e-05 -1.539104631281004919e-09 -4.450484579762782563e-07 3.013649900566797390e-10 1.060468156647121312e-10 1.295461964201537316e-11 -4.182814162473999683e-10 2.570066393836308374e-06 9.421127401264997088e-08 2.463781283502309595e-06 1.666102082658830543e-07 6.091244190131948900e-06 5.942063827701201089e-08 6.112805746471844398e-06 5.635446035957560680e-07 8.955150630283464246e-05 5.281976654061578884e-07 9.358538830139492316e-05 5.275940333337537385e-07
9.552968480985647629e-07 4.076587497446284391e-10 2.411795771647839981e-02 -4.497739069094579696e-08 -3.205619595033684102e-05 -2.312723240867992254e-03 -2.445745570727819800e-07 -7.072168231377195927e-05 4.788926655115986370e-08 1.685167283463710211e-08 2.058590921484951312e-09 -6.646820594048677973e-08 4.084043534685328331e-04 1.497089386314875378e-05 3.915148154667460827e-04 2.647563840492912676e-05 9.679475198128494832e-04 9.442401274888297610e-06 9.713818942608476665e-04 8.955150630283464246e-05 1.423097772264219664e-02 8.393459585183235181e-05 1.487203028381133343e-02 8.383867394119034967e-05
5.634574641409198854e-09 2.404471090040345144e-12 1.422528071727861224e-04 -2.652895520641521174e-10 -1.890753784052404263e-07 -1.364114497773073334e-05 -1.442568129671915412e-09 -4.171338939616448336e-07 2.824626159770755529e-10 9.939529128188098975e-11 1.214207314657413050e-11 -3.920457483331463783e-10 2.408865317059282780e-06 8.830210518622252534e-08 2.309246677508686561e-06 1.561599956332056721e-07 5.709185931575345655e-06 5.569362575375652620e-08 5.729394889355206794e-06 5.281976654061578884e-07 8.393459585183235181e-05 4.950677766447309113e-07 8.771546164186444787e-05 4.945020059026995901e-07
9.983286004818999372e-07 4.260219113219195311e-10 2.520436444615401297e-02 -4.700340918025564760e-08 -3.350018058138112126e-05 -2.416900321028112551e-03 -2.555914933361143107e-07 -7.390737015700264690e-05 5.004645890947651128e-08 1.761076359672651090e-08 2.151321024129579231e-09 -6.946229451613059085e-08 4.268011144665347567e-04 1.564526372504864888e-05 4.091507800890010972e-04 2.766824402682380296e-05 1.011549147833101488e-03 9.867738131304793715e-06 1.015138406655091610e-03 9.358538830139492316e-05 1.487203028381133343e-02 8.771546164186444787e-05 1.554196016167309728e-02 8.761521888737454160e-05
5.628135365842986273e-09 2.401723224775419891e-12 1.420902384996316277e-04 -2.649863753482008666e-10 -1.888593002610262393e-07 -1.362555568364011794e-05 -1.440919541883660284e-09 -4.166571871603120364e-07 2.821398135053286005e-10 9.928170086711888710e-11 1.212819700508864614e-11 -3.915977126305912084e-10 2.406112429776639653e-06 8.820119223633078682e-08 2.306607635885855779e-06 1.559815336844474348e-07 5.702661388762452219e-06 5.562997825333984068e-08 5.722847248328287047e-06 5.275940333337537385e-07 8.383867394119034967e-05 4.945020059026995901e-07 8.761521888737454160e-05 4.939368817318837973e-07
