7.737232455234438439e-11 3.935046787043163650e-14 1.126252822134860016e-06 -2.249656511088446511e-12 -1.001231567736615912e-09 -1.345995149662428139e-07 -1.060083676297127206e-11 -1.297281631744842081e-09 5.268280336403179952e-12 1.850478965370549182e-12 2.418746320529440348e-13 -5.303393661152848502e-12 3.010270203933080950e-08 9.347675949286503034e-10 2.915616007465515913e-08 1.518472638599819180e-09 8.275995080348786871e-08 6.399345556742359575e-10 5.580742782507118139e-08 5.009351297627140467e-09 6.574200906325451225e-07 4.717165977946964642e-09 6.797113066283848013e-07 4.711998213393194497e-09
3.935046787043163650e-14 7.719126450073171574e-12 5.727962258833014703e-10 -1.144143423003967995e-15 -5.092121874977041081e-13 1.454835750085806633e-08 4.529562532577211176e-13 1.038658215974937372e-10 1.033444436417678080e-09 3.629964750083454778e-10 4.744698019930089986e-11 -1.040332389941321422e-09 3.059785033438832404e-09 1.104733206295216156e-10 3.002976395841343261e-09 1.137005495601962882e-10 8.674211522525861887e-09 6.491729454879911242e-11 2.838286697818175151e-11 2.547685085454875517e-12 3.343545421891860150e-10 2.399083772248780390e-12 3.456915387691933063e-10 2.396455520426030396e-12
1.126252822134860016e-06 5.727962258833014703e-10 1.639405310551676070e-02 -3.274659862518022135e-08 -1.457420155860845350e-05 -1.959266068237991952e-03 -1.543086314376138750e-07 -1.888358959529235637e-05 7.668653658078367942e-08 2.693608042500928927e-08 3.520793623731951680e-09 -7.719765577593865959e-08 4.381832516017751967e-04 1.360673223679896905e-05 4.244051273778982544e-04 2.210330173929410535e-05 1.204676678439413166e-03 9.315062390133017333e-06 8.123488647463212708e-04 7.291748129672105813e-05 9.569614295262309986e-03 6.866435135884484272e-05 9.894092742324243905e-03 6.858912796029423308e-05
-2.249656511088446511e-12 -1.144143423003967995e-15 -3.274659862518022135e-08 6.541044922682396263e-14 2.911153564031395704e-11 3.913582520964984871e-09 3.082271906815415957e-13 3.771940104755417719e-11 -1.531790757017874541e-13 -5.380401943196578998e-14 -7.032680536015790574e-15 1.542000211411737946e-13 -8.752577925179133967e-10 -2.717905127392113608e-11 -8.477363956202187612e-10 -4.415070331725252498e-11 -2.406305422472669503e-09 -1.860656418448580901e-11 -1.622639869089509409e-09 -1.456505605534163444e-10 -1.911489527657037466e-08 -1.371550605587348994e-10 -1.976302489550346209e-08 -1.370048040452877244e-10
-1.001231567736615912e-09 -5.092121874977041081e-13 -1.457420155860845350e-05 2.911153564031395704e-11 1.295637243902982727e-08 1.741776393656004163e-06 1.371794460945553922e-10 1.678738908198349009e-08 -6.817384137017033860e-11 -2.394600351342315291e-11 -3.129963051361183321e-12 6.862822308130986531e-11 -3.895420690670288609e-07 -1.209629975750293845e-08 -3.772934038839518528e-07 -1.964969723735821942e-08 -1.070949793306777633e-06 -8.281031818441290357e-09 -7.221723877496311900e-07 -6.482318744912912295e-08 -8.507301025501349978e-06 -6.104218219972051894e-08 -8.795759004796541812e-06 -6.097530907622367200e-08
-1.345995149662428139e-07 1.454835750085806633e-08 -1.959266068237991952e-03 3.913582520964984871e-09 1.741776393656004163e-06 2.618323947758217159e-04 1.930950876619501545e-08 2.454723219291295508e-06 1.947748781126133614e-06 6.841450927894850315e-07 8.942406037695607821e-08 -1.960730610194388977e-06 -4.660268652838557834e-05 -1.417862888115002999e-06 -4.506271056300389298e-05 -2.427747332769505955e-06 -1.276263082954395660e-04 -9.909416174286126414e-07 -9.708437158950921101e-05 -8.714439647297742545e-06 -1.143664992532275300e-03 -8.206144197178200702e-06 -1.182443275617252364e-03 -8.197154178500459741e-06
-1.060083676297127206e-11 4.529562532577211176e-13 -1.543086314376138750e-07 3.082271906815415957e-13 1.371794460945553922e-10 1.930950876619501545e-08 1.479644564258871287e-12 1.839480142183269033e-10 6.064223971289541671e-11 2.130053524469943039e-11 2.784175985474628947e-12 -6.104642376189916482e-11 -3.943616186729191229e-09 -1.215416892495551308e-10 -3.817274415905050479e-09 -2.013415414867880911e-10 -1.082643755117304648e-08 -8.384253653849096796e-11 -7.646210007430626522e-09 -6.863348630215970841e-10 -9.007336779177749060e-08 -6.463023472453260771e-10 -9.312749154130202155e-08 -6.455943081564681622e-10
-1.297281631744842081e-09 1.038658215974937372e-10 -1.888358959529235637e-05 3.771940104755417719e-11 1.678738908198349009e-08 2.454723219291295508e-06 1.839480142183269033e-10 2.316658112926655540e-08 1.390566072982647848e-08 4.884351664337696611e-09 6.384297079874937517e-10 -1.399834304668691005e-08 -4.634984770681556281e-07 -1.418350610854288765e-08 -4.483907901838449152e-07 -2.393065584844019015e-08 -1.270725707296066115e-06 -9.854968098890599582e-09 -9.357087500830410697e-07 -8.399048686795496786e-08 -1.102279732427787401e-05 -7.909149162102794479e-08 -1.139654863824242221e-05 -7.900484505809548045e-08
5.268280336403179952e-12 1.033444436417678080e-09 7.668653658078367942e-08 -1.531790757017874541e-13 -6.817384137017033860e-11 1.947748781126133614e-06 6.064223971289541671e-11 1.390566072982647848e-08 1.383585843959578081e-07 4.859833391810975801e-08 6.352249552080284506e-09 -1.392807492980196794e-07 4.096471082485723104e-07 1.479027956150118147e-08 4.020415105452184756e-07 1.522234422521855258e-08 1.161312191983582144e-06 8.691192856269651155e-09 3.799926864984351109e-09 3.410866494101947099e-10 4.476372343590576388e-08 3.211917556846942701e-10 4.628153197621164893e-08 3.208398826792088806e-10
1.850478965370549182e-12 3.629964750083454778e-10 2.693608042500928927e-08 -5.380401943196578998e-14 -2.394600351342315291e-11 6.841450927894850315e-07 2.130053524469943039e-11 4.884351664337696611e-09 4.859833391810975801e-08 1.707012356560196192e-08 2.231222246018767271e-09 -4.892224466153016221e-08 1.438881956201760739e-07 5.195073101364823698e-09 1.412167359199731561e-07 5.346835446303093592e-09 4.079099126262378246e-07 3.052774087341103005e-09 1.334721063118067747e-09 1.198063940880314530e-10 1.572321957901824126e-08 1.128183296711645289e-10 1.625634853058527152e-08 1.126947345787312867e-10
2.418746320529440348e-13 4.744698019930089986e-11 3.520793623731951680e-09 -7.032680536015790574e-15 -3.129963051361183321e-12 8.942406037695607821e-08 2.784175985474628947e-12 6.384297079874937517e-10 6.352249552080284506e-09 2.231222246018767271e-09 2.916412822823408773e-10 -6.394587623080461223e-09 1.880751151440152898e-08 6.790438664521477383e-10 1.845832714452958972e-08 6.988806016691269728e-10 5.331757995575397653e-08 3.990256690787935205e-10 1.744603273569864912e-10 1.565979837072577183e-11 2.055169511726221854e-09 1.474639403529231678e-11 2.124854372500220802e-09 1.473023901917748727e-11
-5.303393661152848502e-12 -1.040332389941321422e-09 -7.719765577593865959e-08 1.542000211411737946e-13 6.862822308130986531e-11 -1.960730610194388977e-06 -6.104642376189916482e-11 -1.399834304668691005e-08 -1.392807492980196794e-07 -4.892224466153016221e-08 -6.394587623080461223e-09 1.402090628329380493e-07 -4.123774224125856817e-07 -1.488885753743066991e-08 -4.047211330436544577e-07 -1.532380193383768261e-08 -1.169052385073010559e-06 -8.749120099559555799e-09 -3.825253547098632666e-09 -3.433600072468960952e-10 -4.506207562139167254e-08 -3.233325131625048590e-10 -4.659000042168411864e-08 -3.229782949076507747e-10
3.010270203933080950e-08 3.059785033438832404e-09 4.381832516017751967e-04 -8.752577925179133967e-10 -3.895420690670288609e-07 -4.660268652838557834e-05 -3.943616186729191229e-09 -4.634984770681556281e-07 4.096471082485723104e-07 1.438881956201760739e-07 1.880751151440152898e-08 -4.123774224125856817e-07 1.291260983922908562e-05 4.070674178148574002e-07 1.252212957101894447e-05 6.353211511618302439e-07 3.560340342881099219e-05 2.744503146449003399e-07 2.171260429068223969e-05 1.948952730434808424e-06 2.557779441020542935e-04 1.835274257851091432e-06 2.644506382161872053e-04 1.833263672332602970e-06
9.347675949286503034e-10 1.104733206295216156e-10 1.360673223679896905e-05 -2.717905127392113608e-11 -1.209629975750293845e-08 -1.417862888115002999e-06 -1.215416892495551308e-10 -1.418350610854288765e-08 1.479027956150118147e-08 5.195073101364823698e-09 6.790438664521477383e-10 -1.488885753743066991e-08 4.070674178148574002e-07 1.286080038733244299e-08 3.948291781566528989e-07 1.995454486978675286e-08 1.122866194070658066e-06 8.651757780581461182e-09 6.742328616785735773e-07 6.052008304158796637e-08 7.942562180896217198e-06 5.699006933247061102e-08 8.211871404760122414e-06 5.692763539474617048e-08
2.915616007465515913e-08 3.002976395841343261e-09 4.244051273778982544e-04 -8.477363956202187612e-10 -3.772934038839518528e-07 -4.506271056300389298e-05 -3.817274415905050479e-09 -4.483907901838449152e-07 4.020415105452184756e-07 1.412167359199731561e-07 1.845832714452958972e-08 -4.047211330436544577e-07 1.252212957101894447e-05 3.948291781566528989e-07 1.214363994397347276e-05 6.159207148809443033e-07 3.452796180122233454e-05 2.661502777247262964e-07 2.102987868009218236e-05 1.887670335849098661e-06 2.477353333414902738e-04 1.777566341183738933e-06 2.561353258086283943e-04 1.775618976022960315e-06
1.518472638599819180e-09 1.137005495601962882e-10 2.210330173929410535e-05 -4.415070331725252498e-11 -1.964969723735821942e-08 -2.427747332769505955e-06 -2.013415414867880911e-10 -2.393065584844019015e-08 1.522234422521855258e-08 5.346835446303093592e-09 6.988806016691269728e-10 -1.532380193383768261e-08 6.353211511618302439e-07 1.995454486978675286e-08 6.159207148809443033e-07 3.145293504535841540e-08 1.750493011310139172e-06 1.350401298398520649e-08 1.095249905922457621e-06 9.831116458485516558e-08 1.290220371477336525e-05 9.257687377923249770e-08 1.333967995692571561e-05 9.247545367565811929e-08
8.275995080348786871e-08 8.674211522525861887e-09 1.204676678439413166e-03 -2.406305422472669503e-09 -1.070949793306777633e-06 -1.276263082954395660e-04 -1.082643755117304648e-08 -1.270725707296066115e-06 1.161312191983582144e-06 4.079099126262378246e-07 5.331757995575397653e-08 -1.169052385073010559e-06 3.560340342881099219e-05 1.122866194070658066e-06 3.452796180122233454e-05 1.750493011310139172e-06 9.817585868254484244e-05 7.567265123380131831e-07 5.969344412583329064e-05 5.358164660443479268e-06 7.031981913100324166e-04 5.045633753192874868e-06 7.270416160015053322e-04 5.040106144447940331e-06
6.399345556742359575e-10 6.491729454879911242e-11 9.315062390133017333e-06 -1.860656418448580901e-11 -8.281031818441290357e-09 -9.909416174286126414e-07 -8.384253653849096796e-11 -9.854968098890599582e-09 8.691192856269651155e-09 3.052774087341103005e-09 3.990256690787935205e-10 -8.749120099559555799e-09 2.744503146449003399e-07 8.651757780581461182e-09 2.661502777247262964e-07 1.350401298398520649e-08 7.567265123380131831e-07 5.833290730095444618e-09 4.615745507025749831e-07 4.143157305090043614e-08 5.437416925564520470e-06 3.901495337804343428e-08 5.621783968606319292e-06 3.897221159463148644e-08
5.580742782507118139e-08 2.838286697818175151e-11 8.123488647463212708e-04 -1.622639869089509409e-09 -7.221723877496311900e-07 -9.708437158950921101e-05 -7.646210007430626522e-09 -9.357087500830410697e-07 3.799926864984351109e-09 1.334721063118067747e-09 1.744603273569864912e-10 -3.825253547098632666e-09 2.171260429068223969e-05 6.742328616785735773e-07 2.102987868009218236e-05 1.095249905922457621e-06 5.969344412583329064e-05 4.615745507025749831e-07 4.025305982607506555e-05 3.613164407772430244e-06 4.741888333283271408e-04 3.402415771646469476e-06 4.902672451123132186e-04 3.398688345434533547e-06
5.009351297627140467e-09 2.547685085454875517e-12 7.291748129672105813e-05 -1.456505605534163444e-10 -6.482318744912912295e-08 -8.714439647297742545e-06 -6.863348630215970841e-10 -8.399048686795496786e-08 3.410866494101947099e-10 1.198063940880314530e-10 1.565979837072577183e-11 -3.433600072468960952e-10 1.948952730434808424e-06 6.052008304158796637e-08 1.887670335849098661e-06 9.831116458485516558e-08 5.358164660443479268e-06 4.143157305090043614e-08 3.613164407772430244e-06 3.243227125971627005e-07 4.256359874108072116e-05 3.054056268949717250e-07 4.400680658490295868e-05 3.050710479795471268e-07
6.574200906325451225e-07 3.343545421891860150e-10 9.569614295262309986e-03 -1.911489527657037466e-08 -8.507301025501349978e-06 -1.143664992532275300e-03 -9.007336779177749060e-08 -1.102279732427787401e-05 4.476372343590576388e-08 1.572321957901824126e-08 2.055169511726221854e-09 -4.506207562139167254e-08 2.557779441020542935e-04 7.942562180896217198e-06 2.477353333414902738e-04 1.290220371477336525e-05 7.031981913100324166e-04 5.437416925564520470e-06 4.741888333283271408e-04 4.256359874108072116e-05 5.586087703032829865e-03 4.008094705869849519e-05 5.775497491988290481e-03 4.003703741112779439e-05
4.717165977946964642e-09 2.399083772248780390e-12 6.866435135884484272e-05 -1.371550605587348994e-10 -6.104218219972051894e-08 -8.206144197178200702e-06 -6.463023472453260771e-10 -7.909149162102794479e-08 3.211917556846942701e-10 1.128183296711645289e-10 1.474639403529231678e-11 -3.233325131625048590e-10 1.835274257851091432e-06 5.699006933247061102e-08 1.777566341183738933e-06 9.257687377923249770e-08 5.045633753192874868e-06 3.901495337804343428e-08 3.402415771646469476e-06 3.054056268949717250e-07 4.008094705869849519e-05 2.875919365175547909e-07 4.143997534892552708e-05 2.872768729125940892e-07
6.797113066283848013e-07 3.456915387691933063e-10 9.894092742324243905e-03 -1.976302489550346209e-08 -8.795759004796541812e-06 -1.182443275617252364e-03 -9.312749154130202155e-08 -1.139654863824242221e-05 4.628153197621164893e-08 1.625634853058527152e-08 2.124854372500220802e-09 -4.659000042168411864e-08 2.644506382161872053e-04 8.211871404760122414e-06 2.561353258086283943e-04 1.333967995692571561e-05 7.270416160015053322e-04 5.621783968606319292e-06 4.902672451123132186e-04 4.400680658490295868e-05 5.775497491988290481e-03 4.143997534892552708e-05 5.971329707002327389e-03 4.139457685222868740e-05
4.711998213393194497e-09 2.396455520426030396e-12 6.858912796029423308e-05 -1.370048040452877244e-10 -6.097530907622367200e-08 -8.197154178500459741e-06 -6.455943081564681622e-10 -7.900484505809548045e-08 3.208398826792088806e-10 1.126947345787312867e-10 1.473023901917748727e-11 -3.229782949076507747e-10 1.833263672332602970e-06 5.692763539474617048e-08 1.775618976022960315e-06 9.247545367565811929e-08 5.040106144447940331e-06 3.897221159463148644e-08 3.398688345434533547e-06 3.050710479795471268e-07 4.003703741112779439e-05 2.872768729125940892e-07 4.139457685222868740e-05 2.869621544671036262e-07
