6.305675616025462570e-11 3.105820840019535011e-14 1.135715739988286501e-06 -2.232240776808948913e-12 -1.341699075959858050e-09 -1.249031391789436161e-07 -1.117739644238930504e-11 -2.256811200608989553e-09 4.101294807447081337e-12 1.443218334467672432e-12 1.825707046688288629e-13 -4.892782092787394286e-12 2.605842054177617865e-08 8.754369625063256484e-10 2.512895632436437385e-08 1.459756769746228657e-09 6.771122013069860712e-08 5.995939730343643204e-10 5.273119969143848540e-08 4.792108670017080844e-09 6.817786921846038174e-07 4.502669711041283362e-09 7.078735953088323051e-07 4.497647033609112550e-09
3.105820840019535011e-14 7.102183209992261187e-12 5.593896401250566989e-10 -1.099476146050871366e-15 -6.608454359055082415e-13 1.320114409885382032e-08 3.968524059734178905e-13 -2.118161201190780076e-10 9.378566447025288443e-10 3.300255085977472982e-10 4.174904671343683842e-11 -1.118848659323403012e-09 2.763209979324750058e-09 1.110141598828862926e-10 2.705415111365527832e-09 1.155840003358052257e-10 7.812796931052621575e-09 6.980140550713305728e-11 2.597242054518016562e-11 2.360322966368914240e-12 3.358058040738351588e-10 2.217761628704163011e-12 3.486586843798798569e-10 2.215287740545075847e-12
1.135715739988286501e-06 5.593896401250566989e-10 2.045539604946920373e-02 -4.020487933382201691e-08 -2.416535196728739727e-05 -2.249629448432766566e-03 -2.013160826108024005e-07 -4.064744582089561411e-05 7.386845361451549354e-08 2.599381697285381389e-08 3.288282423162915084e-09 -8.812393743766666056e-08 4.693384818284979695e-04 1.576750007842185871e-05 4.525978950078165066e-04 2.629168697350829797e-05 1.219547439028077426e-03 1.079929105487148090e-05 9.497428699092871299e-04 8.631069146990250052e-05 1.227956220753717402e-02 8.109760381855396732e-05 1.274956008839898958e-02 8.100714033612917044e-05
-2.232240776808948913e-12 -1.099476146050871366e-15 -4.020487933382201691e-08 7.902251102473582200e-14 4.749682194420525072e-11 4.421638762825344056e-09 3.956856747107288517e-13 7.989224470338799119e-11 -1.451878920433755471e-13 -5.109065249504896299e-14 -6.463094463680622104e-15 1.732069387198763540e-13 -9.224809960415985348e-10 -3.099091250910159863e-11 -8.895774952141604218e-10 -5.167613121014762450e-11 -2.397010853873434973e-09 -2.122592920868848518e-11 -1.866708857346051748e-09 -1.696430898318599875e-10 -2.413520468536742126e-08 -1.593968062120665342e-10 -2.505897135102988906e-08 -1.592190009106694624e-10
-1.341699075959858050e-09 -6.608454359055082415e-13 -2.416535196728739727e-05 4.749682194420525072e-11 2.854819251876150392e-08 2.657644419283385523e-06 2.378286459659629667e-10 4.801962043275631317e-08 -8.726588217412438871e-11 -3.070828288177461703e-11 -3.884674072508896891e-12 1.041068651882342891e-10 -5.544617356627648971e-07 -1.862723433946856778e-08 -5.346849288511062261e-07 -3.106018208502584882e-08 -1.440735084906660285e-06 -1.275794589538054712e-08 -1.121995520660634311e-06 -1.019647733967612544e-07 -1.450663971479615338e-05 -9.580619489916592599e-08 -1.506187753549946662e-05 -9.569932416738591251e-08
-1.249031391789436161e-07 1.320114409885382032e-08 -2.249629448432766566e-03 4.421638762825344056e-09 2.657644419283385523e-06 2.721759768640951370e-04 2.289162766991553994e-08 4.076830805466152214e-06 1.743235898372024580e-06 6.134331033670241813e-07 7.760081159209823545e-08 -2.079653809080635648e-06 -4.648055934640368982e-05 -1.527566481660770461e-06 -4.474654369368995840e-05 -2.676994099252727776e-06 -1.195952836555329773e-04 -1.057882497590964299e-06 -1.044500752322323001e-04 -9.492235899287535745e-06 -1.350463123375998100e-03 -8.918913801389176746e-06 -1.402151599776577931e-03 -8.908964856527614443e-06
-1.117739644238930504e-11 3.968524059734178905e-13 -2.013160826108024005e-07 3.956856747107288517e-13 2.378286459659629667e-10 2.289162766991553994e-08 2.004092990737837660e-12 3.881037581644090169e-10 5.240510588875331503e-11 1.844100813887549204e-11 2.332833330318369227e-12 -6.251849198571533041e-11 -4.463280379953864368e-09 -1.489145247902709672e-10 -4.301772503980848569e-09 -2.522480710179677710e-10 -1.156171503353039119e-08 -1.023458999253049048e-10 -9.347088444419733866e-09 -8.494459685347186513e-10 -1.208512572338875356e-07 -7.981402234788197812e-10 -1.254768007361818463e-07 -7.972499071853786113e-10
-2.256811200608989553e-09 -2.118161201190780076e-10 -4.064744582089561411e-05 7.989224470338799119e-11 4.801962043275631317e-08 4.076830805466152214e-06 3.881037581644090169e-10 8.702273332796019409e-08 -2.797071713640515871e-08 -9.842708900831742391e-09 -1.245127136255585080e-09 3.336863803910668694e-08 -1.014232098131288767e-06 -3.461276150890313888e-08 -9.792653726730930909e-07 -5.565269687704954281e-08 -2.654192996951378024e-06 -2.352164348329378486e-08 -1.887258005692327186e-06 -1.715103196573016940e-07 -2.440097102469744074e-05 -1.611512538564103194e-07 -2.533491197235023215e-05 -1.609714914428488892e-07
4.101294807447081337e-12 9.378566447025288443e-10 7.386845361451549354e-08 -1.451878920433755471e-13 -8.726588217412438871e-11 1.743235898372024580e-06 5.240510588875331503e-11 -2.797071713640515871e-08 1.238457337034587388e-07 4.358048855308717688e-08 5.513040087675754835e-09 -1.477460684553692933e-07 3.648870737421897538e-07 1.465962847212981283e-08 3.572551527775679876e-07 1.526308449443353230e-08 1.031694525467962779e-06 9.217406799330507860e-09 3.429706960537184574e-09 3.116850850142155235e-10 4.434378775089778964e-08 2.928595923657906221e-10 4.604103475945961313e-08 2.925329107835719703e-10
1.443218334467672432e-12 3.300255085977472982e-10 2.599381697285381389e-08 -5.109065249504896299e-14 -3.070828288177461703e-11 6.134331033670241813e-07 1.844100813887549204e-11 -9.842708900831742391e-09 4.358048855308717688e-08 1.533568397999053506e-08 1.940002112632847246e-09 -5.199085805309476464e-08 1.284013306563577497e-07 5.158625683460368840e-09 1.257157084845041810e-07 5.370977840131377261e-09 3.630464316142359297e-07 3.243544096663885271e-09 1.206891042531220896e-09 1.096799060833080093e-10 1.560428363128264037e-08 1.030553405690625365e-10 1.620153355155130557e-08 1.029403834954728797e-10
1.825707046688288629e-13 4.174904671343683842e-11 3.288282423162915084e-09 -6.463094463680622104e-15 -3.884674072508896891e-12 7.760081159209823545e-08 2.332833330318369227e-12 -1.245127136255585080e-09 5.513040087675754835e-09 1.940002112632847246e-09 2.454150862228315852e-10 -6.576972691306489255e-09 1.624308735120514506e-08 6.525789631200370248e-10 1.590334947467249803e-08 6.794420384620290549e-10 4.592627559957242598e-08 4.103163854318531732e-10 1.526747151487037215e-10 1.387478059489273478e-11 1.973980645424800796e-09 1.303675660006010583e-11 2.049534244113079827e-09 1.302221424466545340e-11
-4.892782092787394286e-12 -1.118848659323403012e-09 -8.812393743766666056e-08 1.732069387198763540e-13 1.041068651882342891e-10 -2.079653809080635648e-06 -6.251849198571533041e-11 3.336863803910668694e-08 -1.477460684553692933e-07 -5.199085805309476464e-08 -6.576972691306489255e-09 1.762588048259603762e-07 -4.353047061492843274e-07 -1.748871304332521559e-08 -4.261999409487117208e-07 -1.820862686639463914e-08 -1.230795813086787937e-06 -1.099622563348788807e-08 -4.091588043460220463e-09 -3.718355480909440825e-10 -5.290146177268496423e-08 -3.493770227613558925e-10 -5.492625154058285469e-08 -3.489872966210586726e-10
2.605842054177617865e-08 2.763209979324750058e-09 4.693384818284979695e-04 -9.224809960415985348e-10 -5.544617356627648971e-07 -4.648055934640368982e-05 -4.463280379953864368e-09 -1.014232098131288767e-06 3.648870737421897538e-07 1.284013306563577497e-07 1.624308735120514506e-08 -4.353047061492843274e-07 1.183383813366664144e-05 4.046015089600247345e-07 1.142752959732451353e-05 6.477319159377807772e-07 3.099455126915857202e-05 2.747010804967528397e-07 2.179135353055631943e-05 1.980355236360175730e-06 2.817476107898739712e-04 1.860743593445438621e-06 2.925314323239895501e-04 1.858667954792552525e-06
8.754369625063256484e-10 1.110141598828862926e-10 1.576750007842185871e-05 -3.099091250910159863e-11 -1.862723433946856778e-08 -1.527566481660770461e-06 -1.489145247902709672e-10 -3.461276150890313888e-08 1.465962847212981283e-08 5.158625683460368840e-09 6.525789631200370248e-10 -1.748871304332521559e-08 4.046015089600247345e-07 1.387578101118723825e-08 3.908047060435534846e-07 2.205475142341895035e-08 1.061184742006138686e-06 9.406584970225178426e-09 7.320838291701411203e-07 6.653036896477464200e-08 9.465342208911532430e-06 6.251199606458751581e-08 9.827625578369563833e-06 6.244226463920407214e-08
2.512895632436437385e-08 2.705415111365527832e-09 4.525978950078165066e-04 -8.895774952141604218e-10 -5.346849288511062261e-07 -4.474654369368995840e-05 -4.301772503980848569e-09 -9.792653726730930909e-07 3.572551527775679876e-07 1.257157084845041810e-07 1.590334947467249803e-08 -4.261999409487117208e-07 1.142752959732451353e-05 3.908047060435534846e-07 1.103538436842526505e-05 6.252875985754943855e-07 2.993367484247449708e-05 2.653018577577321029e-07 2.101408931331713061e-05 1.909718973626948175e-06 2.716981127731906472e-04 1.794373695983112499e-06 2.820972924180009255e-04 1.792372092203519962e-06
1.459756769746228657e-09 1.155840003358052257e-10 2.629168697350829797e-05 -5.167613121014762450e-11 -3.106018208502584882e-08 -2.676994099252727776e-06 -2.522480710179677710e-10 -5.565269687704954281e-08 1.526308449443353230e-08 5.370977840131377261e-09 6.794420384620290549e-10 -1.820862686639463914e-08 6.477319159377807772e-07 2.205475142341895035e-08 6.252875985754943855e-07 3.565094393848354541e-08 1.693325823990003981e-06 1.500467087435823184e-08 1.220721012996717652e-06 1.109367792848454161e-07 1.578308485106808104e-05 1.042363002251238583e-07 1.638717804800737891e-05 1.041200258105576373e-07
6.771122013069860712e-08 7.812796931052621575e-09 1.219547439028077426e-03 -2.397010853873434973e-09 -1.440735084906660285e-06 -1.195952836555329773e-04 -1.156171503353039119e-08 -2.654192996951378024e-06 1.031694525467962779e-06 3.630464316142359297e-07 4.592627559957242598e-08 -1.230795813086787937e-06 3.099455126915857202e-05 1.061184742006138686e-06 2.993367484247449708e-05 1.693325823990003981e-06 8.123056067291845896e-05 7.199866534850409886e-07 5.662350262243656717e-05 5.145832648005203944e-06 7.321038449626631047e-04 4.835029073287859260e-06 7.601249386940570974e-04 4.829635652545911508e-06
5.995939730343643204e-10 6.980140550713305728e-11 1.079929105487148090e-05 -2.122592920868848518e-11 -1.275794589538054712e-08 -1.057882497590964299e-06 -1.023458999253049048e-10 -2.352164348329378486e-08 9.217406799330507860e-09 3.243544096663885271e-09 4.103163854318531732e-10 -1.099622563348788807e-08 2.747010804967528397e-07 9.406584970225178426e-09 2.653018577577321029e-07 1.500467087435823184e-08 7.199866534850409886e-07 6.381646420054172015e-09 5.014102799802386133e-07 4.556719575628569488e-08 6.482893038156039305e-06 4.281497910582368390e-08 6.731024032687079615e-06 4.276721947933920269e-08
5.273119969143848540e-08 2.597242054518016562e-11 9.497428699092871299e-04 -1.866708857346051748e-09 -1.121995520660634311e-06 -1.044500752322323001e-04 -9.347088444419733866e-09 -1.887258005692327186e-06 3.429706960537184574e-09 1.206891042531220896e-09 1.526747151487037215e-10 -4.091588043460220463e-09 2.179135353055631943e-05 7.320838291701411203e-07 2.101408931331713061e-05 1.220721012996717652e-06 5.662350262243656717e-05 5.014102799802386133e-07 4.409651613489162060e-05 4.007398698871650365e-06 5.701403594560532605e-04 3.765355409104179452e-06 5.919623954561555827e-04 3.761155196185251381e-06
4.792108670017080844e-09 2.360322966368914240e-12 8.631069146990250052e-05 -1.696430898318599875e-10 -1.019647733967612544e-07 -9.492235899287535745e-06 -8.494459685347186513e-10 -1.715103196573016940e-07 3.116850850142155235e-10 1.096799060833080093e-10 1.387478059489273478e-11 -3.718355480909440825e-10 1.980355236360175730e-06 6.653036896477464200e-08 1.909718973626948175e-06 1.109367792848454161e-07 5.145832648005203944e-06 4.556719575628569488e-08 4.007398698871650365e-06 3.641847191488363825e-07 5.181290520943411418e-05 3.421882986839933877e-07 5.379602953701661573e-05 3.418065915104728066e-07
6.817786921846038174e-07 3.358058040738351588e-10 1.227956220753717402e-02 -2.413520468536742126e-08 -1.450663971479615338e-05 -1.350463123375998100e-03 -1.208512572338875356e-07 -2.440097102469744074e-05 4.434378775089778964e-08 1.560428363128264037e-08 1.973980645424800796e-09 -5.290146177268496423e-08 2.817476107898739712e-04 9.465342208911532430e-06 2.716981127731906472e-04 1.578308485106808104e-05 7.321038449626631047e-04 6.482893038156039305e-06 5.701403594560532605e-04 5.181290520943411418e-05 7.371643078364399811e-03 4.868344874531229315e-05 7.653793886689383257e-03 4.862914284032090220e-05
4.502669711041283362e-09 2.217761628704163011e-12 8.109760381855396732e-05 -1.593968062120665342e-10 -9.580619489916592599e-08 -8.918913801389176746e-06 -7.981402234788197812e-10 -1.611512538564103194e-07 2.928595923657906221e-10 1.030553405690625365e-10 1.303675660006010583e-11 -3.493770227613558925e-10 1.860743593445438621e-06 6.251199606458751581e-08 1.794373695983112499e-06 1.042363002251238583e-07 4.835029073287859260e-06 4.281497910582368390e-08 3.765355409104179452e-06 3.421882986839933877e-07 4.868344874531229315e-05 3.215204418247599460e-07 5.054679391761485711e-05 3.211617894135568780e-07
7.078735953088323051e-07 3.486586843798798569e-10 1.274956008839898958e-02 -2.505897135102988906e-08 -1.506187753549946662e-05 -1.402151599776577931e-03 -1.254768007361818463e-07 -2.533491197235023215e-05 4.604103475945961313e-08 1.620153355155130557e-08 2.049534244113079827e-09 -5.492625154058285469e-08 2.925314323239895501e-04 9.827625578369563833e-06 2.820972924180009255e-04 1.638717804800737891e-05 7.601249386940570974e-04 6.731024032687079615e-06 5.919623954561555827e-04 5.379602953701661573e-05 7.653793886689383257e-03 5.054679391761485711e-05 7.946744123374994626e-03 5.049040946823090743e-05
4.497647033609112550e-09 2.215287740545075847e-12 8.100714033612917044e-05 -1.592190009106694624e-10 -9.569932416738591251e-08 -8.908964856527614443e-06 -7.972499071853786113e-10 -1.609714914428488892e-07 2.925329107835719703e-10 1.029403834954728797e-10 1.302221424466545340e-11 -3.489872966210586726e-10 1.858667954792552525e-06 6.244226463920407214e-08 1.792372092203519962e-06 1.041200258105576373e-07 4.829635652545911508e-06 4.276721947933920269e-08 3.761155196185251381e-06 3.418065915104728066e-07 4.862914284032090220e-05 3.211617894135568780e-07 5.049040946823090743e-05 3.208035370750839980e-07
