3.757363491769237277e-11 2.277262944216578323e-14 7.712352419795668800e-07 -1.609346291586295734e-12 -1.109826929566282586e-09 -8.228034107548044176e-08 -8.507562930171269266e-12 -1.897454136189102956e-09 2.815929330466788718e-12 9.911354942085906474e-13 1.222846161976531634e-13 -3.757739021089935363e-12 1.593441840338474694e-08 5.704844448584456458e-10 1.530367647972624030e-08 9.880298823272606926e-10 3.881456880070401211e-08 3.701412339066957870e-10 3.591065089515688330e-08 3.295944545191562183e-09 5.056669232260098403e-07 3.091489391185508651e-09 5.272938506051045037e-07 3.087983577497006623e-09
2.277262944216578323e-14 6.381556502261138717e-12 4.674302717001645639e-10 -9.753926342953150678e-16 -6.726439288430118510e-13 1.091374824755463505e-08 3.254633938414107266e-13 -2.881452411581029280e-10 7.891057189678293885e-10 2.777451402242244784e-10 3.426772431372004070e-11 -1.053028327042248047e-09 2.257089552255273581e-09 9.969456215982990954e-11 2.206366862192461005e-09 1.045347582464192823e-10 6.319486108234163265e-09 6.367679084487699321e-11 2.176472805076724069e-11 1.997606139357912076e-12 3.064746194774929425e-10 1.873689955312368603e-12 3.195822680788490148e-10 1.871565151678214055e-12
7.712352419795668800e-07 4.674302717001645639e-10 1.583035698834072899e-02 -3.303337344689501163e-08 -2.278027171285857474e-05 -1.688882428350535220e-03 -1.746259006391553383e-07 -3.894708408063509179e-05 5.779967638161637824e-08 2.034401580596709413e-08 2.510010164494524311e-09 -7.713123229946100634e-08 3.270694034268545130e-04 1.170974456378443792e-05 3.141228148355630222e-04 2.028026804334725539e-05 7.967066693931213351e-04 7.597506916212381433e-06 7.371013924941370067e-04 6.765244403515789477e-05 1.037933206642683431e-02 6.345580380610337814e-05 1.082324756867927319e-02 6.338384358434769354e-05
-1.609346291586295734e-12 -9.753926342953150678e-16 -3.303337344689501163e-08 6.893123887440996171e-14 4.753588333076171918e-11 3.524218081246978272e-09 3.643943793951033454e-13 8.127136850886181129e-11 -1.206113125576091900e-13 -4.245211398117020213e-14 -5.237669819144230872e-15 1.609507137579165323e-13 -6.824996780396080995e-10 -2.443487662915792337e-11 -6.554838677232845925e-10 -4.231910041383135802e-11 -1.662497569594831973e-09 -1.585381496918271817e-11 -1.538116381299998357e-09 -1.411712511697780393e-10 -2.165854821027990005e-08 -1.324140701111749826e-10 -2.258486350676102483e-08 -1.322639098142857637e-10
-1.109826929566282586e-09 -6.726439288430118510e-13 -2.278027171285857474e-05 4.753588333076171918e-11 3.278138565345120484e-08 2.430346268854510517e-06 2.512911710688184830e-10 5.604583374895577729e-08 -8.317518945233413972e-11 -2.927555092121221489e-11 -3.611967818005109883e-12 1.109937851110028982e-10 -4.706610511655916669e-07 -1.685061894433454067e-08 -4.520305839569706264e-07 -2.918381949285269844e-08 -1.146480865421197609e-06 -1.093300425806406623e-08 -1.060706674367986402e-06 -9.735358480576585859e-08 -1.493607557202878380e-05 -9.131451417915131111e-08 -1.557487825292229187e-05 -9.121096160973607095e-08
-8.228034107548044176e-08 1.091374824755463505e-08 -1.688882428350535220e-03 3.524218081246978272e-09 2.430346268854510517e-06 1.990169259884031362e-04 1.919824599867407241e-08 3.662062041910350251e-06 1.349529878536400894e-06 4.750001869904373108e-07 5.860471747596061795e-08 -1.800890746566364220e-06 -3.103272689875520118e-05 -1.078588046791946138e-06 -2.973798724220417540e-05 -1.985066167162887869e-06 -7.418119412244903181e-05 -7.015384753732305570e-07 -7.863857470271427949e-05 -7.217601045290797868e-06 -1.107325607048846019e-03 -6.769876505653010710e-06 -1.154684826323090253e-03 -6.762199326143919070e-06
-8.507562930171269266e-12 3.254633938414107266e-13 -1.746259006391553383e-07 3.643943793951033454e-13 2.512911710688184830e-10 1.919824599867407241e-08 1.943443861835378003e-12 4.147597963617662869e-10 4.024488752329078431e-11 1.416517688460685609e-11 1.747675490868725660e-12 -5.370510684505125522e-11 -3.491493650659407531e-09 -1.240240962502328510e-10 -3.351286776760718578e-09 -2.183286516156054545e-10 -8.462353465657694480e-09 -8.052137417997162632e-11 -8.131018866527863100e-09 -7.462801827350102506e-10 -1.144947122277843729e-07 -6.999866841861527088e-10 -1.193915435389514451e-07 -6.991928847488052774e-10
-1.897454136189102956e-09 -2.881452411581029280e-10 -3.894708408063509179e-05 8.127136850886181129e-11 5.604583374895577729e-08 3.662062041910350251e-06 4.147597963617662869e-10 1.087276572300639877e-07 -3.563034495172512027e-08 -1.254097486384004259e-08 -1.547284215524755229e-09 4.754719329749145164e-08 -9.057551089994027077e-07 -3.327722967697447099e-08 -8.716389396782092797e-07 -5.456940954114946308e-08 -2.243267233458785884e-06 -2.154561868762237939e-08 -1.813474118320788749e-06 -1.664439333038410942e-07 -2.553598754407072099e-05 -1.561190265164435433e-07 -2.662813920820093229e-05 -1.559419842712395664e-07
2.815929330466788718e-12 7.891057189678293885e-10 5.779967638161637824e-08 -1.206113125576091900e-13 -8.317518945233413972e-11 1.349529878536400894e-06 4.024488752329078431e-11 -3.563034495172512027e-08 9.757616945339934997e-08 3.434432921162706782e-08 4.237345098779670516e-09 -1.302112852394977737e-07 2.790984110823276427e-07 1.232764278915433031e-08 2.728263417495178062e-07 1.292615295123338025e-08 7.814304616820061614e-07 7.873897180466738856e-09 2.691298176608940985e-09 2.470122184486045864e-10 3.789684773076694109e-08 2.316894724274585149e-10 3.951766241392646091e-08 2.314267317154074210e-10
9.911354942085906474e-13 2.777451402242244784e-10 2.034401580596709413e-08 -4.245211398117020213e-14 -2.927555092121221489e-11 4.750001869904373108e-07 1.416517688460685609e-11 -1.254097486384004259e-08 3.434432921162706782e-08 1.208833038737034325e-08 1.491437695027692704e-09 -4.583106029008960825e-08 9.823554042525075301e-08 4.339016695590723213e-09 9.602793156842904657e-08 4.549677047631394620e-09 2.750436431494340685e-07 2.771411523869376573e-09 9.472684981373359971e-10 8.694201753219360177e-11 1.333872638917684130e-08 8.154880070471695991e-11 1.390921192743388877e-08 8.145632265753410715e-11
1.222846161976531634e-13 3.426772431372004070e-11 2.510010164494524311e-09 -5.237669819144230872e-15 -3.611967818005109883e-12 5.860471747596061795e-08 1.747675490868725660e-12 -1.547284215524755229e-09 4.237345098779670516e-09 1.491437695027692704e-09 1.840110528903919773e-10 -5.654558479172204187e-09 1.212013438513570187e-08 5.353405197925095751e-10 1.184776334863520273e-08 5.613314367390154543e-10 3.393441825009153231e-08 3.419320528847228608e-10 1.168723806335379252e-10 1.072675865949056897e-11 1.645709438349950954e-09 1.006135271481857806e-11 1.716094976480855903e-09 1.004994293021036419e-11
-3.757739021089935363e-12 -1.053028327042248047e-09 -7.713123229946100634e-08 1.609507137579165323e-13 1.109937851110028982e-10 -1.800890746566364220e-06 -5.370510684505125522e-11 4.754719329749145164e-08 -1.302112852394977737e-07 -4.583106029008960825e-08 -5.654558479172204187e-09 1.737614730176386788e-07 -3.724450660321114677e-07 -1.645071982468252972e-08 -3.640752538347132242e-07 -1.724940641226186896e-08 -1.042786015653913862e-06 -1.050738398039501980e-08 -3.591423998050431275e-09 -3.296273958061744695e-10 -5.057174619947894865e-08 -3.091798369806084454e-10 -5.273465508709805003e-08 -3.088292205729383765e-10
1.593441840338474694e-08 2.257089552255273581e-09 3.270694034268545130e-04 -6.824996780396080995e-10 -4.706610511655916669e-07 -3.103272689875520118e-05 -3.491493650659407531e-09 -9.057551089994027077e-07 2.790984110823276427e-07 9.823554042525075301e-08 1.212013438513570187e-08 -3.724450660321114677e-07 7.549043157266062171e-06 2.769222965653678486e-07 7.263826181639641819e-06 4.556125676107677005e-07 1.867797254517866506e-05 1.793178670699630540e-07 1.522917430289288705e-05 1.397760895153469990e-06 2.144459525514103731e-04 1.311054511394179576e-06 2.236176197391531544e-04 1.309567748070711611e-06
5.704844448584456458e-10 9.969456215982990954e-11 1.170974456378443792e-05 -2.443487662915792337e-11 -1.685061894433454067e-08 -1.078588046791946138e-06 -1.240240962502328510e-10 -3.327722967697447099e-08 1.232764278915433031e-08 4.339016695590723213e-09 5.353405197925095751e-10 -1.645071982468252972e-08 2.769222965653678486e-07 1.020840234303208152e-08 2.665619686960953997e-07 1.661945186845261679e-08 6.873421235679621512e-07 6.607730532742376673e-09 5.452351010227154590e-07 5.004267370410770320e-08 7.677589307271829227e-06 4.693840966266997397e-08 8.005952911353203478e-06 4.688518052540513752e-08
1.530367647972624030e-08 2.206366862192461005e-09 3.141228148355630222e-04 -6.554838677232845925e-10 -4.520305839569706264e-07 -2.973798724220417540e-05 -3.351286776760718578e-09 -8.716389396782092797e-07 2.728263417495178062e-07 9.602793156842904657e-08 1.184776334863520273e-08 -3.640752538347132242e-07 7.263826181639641819e-06 2.665619686960953997e-07 6.989594465711305764e-06 4.382067934523929033e-07 1.797673398018550720e-05 1.726038312032422179e-07 1.462634860994776177e-05 1.342432460283187957e-06 2.059574126716324008e-04 1.259158228808689921e-06 2.147660325287252341e-04 1.257730316955776210e-06
9.880298823272606926e-10 1.045347582464192823e-10 2.028026804334725539e-05 -4.231910041383135802e-11 -2.918381949285269844e-08 -1.985066167162887869e-06 -2.183286516156054545e-10 -5.456940954114946308e-08 1.292615295123338025e-08 4.549677047631394620e-09 5.613314367390154543e-10 -1.724940641226186896e-08 4.556125676107677005e-07 1.661945186845261679e-08 4.382067934523929033e-07 2.767386606479441113e-08 1.123203321034504075e-06 1.076661838568234287e-08 9.443001839093434775e-07 8.666959735360054950e-08 1.329692221997713121e-05 8.129327962819893305e-08 1.386561963496982618e-05 8.120109135086537203e-08
3.881456880070401211e-08 6.319486108234163265e-09 7.967066693931213351e-04 -1.662497569594831973e-09 -1.146480865421197609e-06 -7.418119412244903181e-05 -8.462353465657694480e-09 -2.243267233458785884e-06 7.814304616820061614e-07 2.750436431494340685e-07 3.393441825009153231e-08 -1.042786015653913862e-06 1.867797254517866506e-05 6.873421235679621512e-07 1.797673398018550720e-05 1.123203321034504075e-06 4.630801498233527578e-05 4.449672909484533998e-07 3.709666618607249165e-05 3.404798699264857502e-06 5.223676871450029340e-04 3.193591060600697110e-06 5.447088969003969182e-04 3.189969461381230074e-06
3.701412339066957870e-10 6.367679084487699321e-11 7.597506916212381433e-06 -1.585381496918271817e-11 -1.093300425806406623e-08 -7.015384753732305570e-07 -8.052137417997162632e-11 -2.154561868762237939e-08 7.873897180466738856e-09 2.771411523869376573e-09 3.419320528847228608e-10 -1.050738398039501980e-08 1.793178670699630540e-07 6.607730532742376673e-09 1.726038312032422179e-07 1.076661838568234287e-08 4.449672909484533998e-07 4.277209869994013278e-09 3.537590040295158683e-07 3.246864460981784670e-08 4.981368572299461078e-06 3.045453863472147422e-08 5.194417270836622011e-06 3.042000255095666787e-08
3.591065089515688330e-08 2.176472805076724069e-11 7.371013924941370067e-04 -1.538116381299998357e-09 -1.060706674367986402e-06 -7.863857470271427949e-05 -8.131018866527863100e-09 -1.813474118320788749e-06 2.691298176608940985e-09 9.472684981373359971e-10 1.168723806335379252e-10 -3.591423998050431275e-09 1.522917430289288705e-05 5.452351010227154590e-07 1.462634860994776177e-05 9.443001839093434775e-07 3.709666618607249165e-05 3.537590040295158683e-07 3.432130736336496286e-05 3.150067531556193789e-06 4.832885922620039376e-04 2.954661411060986530e-06 5.039584662445775482e-04 2.951310762283713567e-06
3.295944545191562183e-09 1.997606139357912076e-12 6.765244403515789477e-05 -1.411712511697780393e-10 -9.735358480576585859e-08 -7.217601045290797868e-06 -7.462801827350102506e-10 -1.664439333038410942e-07 2.470122184486045864e-10 8.694201753219360177e-11 1.072675865949056897e-11 -3.296273958061744695e-10 1.397760895153469990e-06 5.004267370410770320e-08 1.342432460283187957e-06 8.666959735360054950e-08 3.404798699264857502e-06 3.246864460981784670e-08 3.150067531556193789e-06 2.891189783176472906e-07 4.435686450981943105e-05 2.711842525347897518e-07 4.625396750611918530e-05 2.708767239317344142e-07
5.056669232260098403e-07 3.064746194774929425e-10 1.037933206642683431e-02 -2.165854821027990005e-08 -1.493607557202878380e-05 -1.107325607048846019e-03 -1.144947122277843729e-07 -2.553598754407072099e-05 3.789684773076694109e-08 1.333872638917684130e-08 1.645709438349950954e-09 -5.057174619947894865e-08 2.144459525514103731e-04 7.677589307271829227e-06 2.059574126716324008e-04 1.329692221997713121e-05 5.223676871450029340e-04 4.981368572299461078e-06 4.832885922620039376e-04 4.435686450981943105e-05 6.805400021767681051e-03 4.160530104340218741e-05 7.096463688882019040e-03 4.155811971099939128e-05
3.091489391185508651e-09 1.873689955312368603e-12 6.345580380610337814e-05 -1.324140701111749826e-10 -9.131451417915131111e-08 -6.769876505653010710e-06 -6.999866841861527088e-10 -1.561190265164435433e-07 2.316894724274585149e-10 8.154880070471695991e-11 1.006135271481857806e-11 -3.091798369806084454e-10 1.311054511394179576e-06 4.693840966266997397e-08 1.259158228808689921e-06 8.129327962819893305e-08 3.193591060600697110e-06 3.045453863472147422e-08 2.954661411060986530e-06 2.711842525347897518e-07 4.160530104340218741e-05 2.543620597906324781e-07 4.338472208286321902e-05 2.540736079066686258e-07
5.272938506051045037e-07 3.195822680788490148e-10 1.082324756867927319e-02 -2.258486350676102483e-08 -1.557487825292229187e-05 -1.154684826323090253e-03 -1.193915435389514451e-07 -2.662813920820093229e-05 3.951766241392646091e-08 1.390921192743388877e-08 1.716094976480855903e-09 -5.273465508709805003e-08 2.236176197391531544e-04 8.005952911353203478e-06 2.147660325287252341e-04 1.386561963496982618e-05 5.447088969003969182e-04 5.194417270836622011e-06 5.039584662445775482e-04 4.625396750611918530e-05 7.096463688882019040e-03 4.338472208286321902e-05 7.399976069097931319e-03 4.333552284649246457e-05
3.087983577497006623e-09 1.871565151678214055e-12 6.338384358434769354e-05 -1.322639098142857637e-10 -9.121096160973607095e-08 -6.762199326143919070e-06 -6.991928847488052774e-10 -1.559419842712395664e-07 2.314267317154074210e-10 8.145632265753410715e-11 1.004994293021036419e-11 -3.088292205729383765e-10 1.309567748070711611e-06 4.688518052540513752e-08 1.257730316955776210e-06 8.120109135086537203e-08 3.189969461381230074e-06 3.042000255095666787e-08 2.951310762283713567e-06 2.708767239317344142e-07 4.155811971099939128e-05 2.540736079066686258e-07 4.333552284649246457e-05 2.537854831331813437e-07
