4.378155805121748302e-11 2.342820995679741852e-14 1.031647360940190539e-06 -2.061217109821365342e-12 -1.469095016465992396e-09 -1.030904289302978835e-07 -1.119693231172160704e-11 -2.924741182063468479e-09 2.752206767444281262e-12 9.684669285821636565e-13 1.183074649410627235e-13 -3.819936956434042878e-12 1.871906465657600513e-08 6.861858449917603343e-10 1.794497687130920783e-08 1.213449955047764188e-09 4.436602468217341205e-08 4.327921567232502182e-10 4.452172203492440319e-08 4.104120206410434009e-09 6.523889498623656529e-07 3.846694076297843213e-09 6.817808543537682689e-07 3.842297935371869654e-09
2.342820995679741852e-14 7.315506943346010168e-12 5.520509559118039662e-10 -1.102990148476345508e-15 -7.861361729517736100e-13 1.209423940649052150e-08 3.512727759088151330e-13 -3.722410225091689911e-10 8.593822470385083022e-10 3.024057985440848303e-10 3.694175025842725583e-11 -1.192783203645032660e-09 2.410586804673059532e-09 1.107298143122292720e-10 2.355324683117732085e-09 1.163134989086203566e-10 6.738286086269946547e-09 7.099085389668598852e-11 2.382428350887291353e-11 2.196180176393804319e-12 3.491037315983563248e-10 2.058427348648654491e-12 3.648318084440721496e-10 2.056074903527973925e-12
1.031647360940190539e-06 5.520509559118039662e-10 2.430925098411744131e-02 -4.856948432050688293e-08 -3.461703956029554786e-05 -2.429170357734526491e-03 -2.638389369480184027e-07 -6.891717936943940405e-05 6.485166300562477431e-08 2.282048413593185462e-08 2.787739619480873953e-09 -9.001113837474267088e-08 4.410870077853224630e-04 1.616894788033145452e-05 4.228467795200106577e-04 2.859314153484575561e-05 1.045419547283728224e-03 1.019810351866171747e-05 1.049089186707200059e-03 9.670747705689531053e-05 1.537263386296654211e-02 9.064161237552595428e-05 1.606521437395494814e-02 9.053802384378750571e-05
-2.061217109821365342e-12 -1.102990148476345508e-15 -4.856948432050688293e-08 9.704130801148366936e-14 6.916437172308854660e-11 4.853459462919110023e-09 5.271471397543899776e-13 1.376955712649675176e-10 -1.295727226446543796e-13 -4.559501060561990664e-14 -5.569865071514342381e-15 1.798410052917904184e-13 -8.812854361083310272e-10 -3.230534222494075786e-11 -8.448417123442826070e-10 -5.712871605763084565e-11 -2.088733306612723664e-09 -2.037567185976945137e-11 -2.096061343727541025e-09 -1.932202744590719753e-10 -3.071405178065385971e-08 -1.811007629370064558e-10 -3.209780037294365987e-08 -1.808937945015820974e-10
-1.469095016465992396e-09 -7.861361729517736100e-13 -3.461703956029554786e-05 6.916437172308854660e-11 4.929564573478982166e-08 3.459211008069249570e-06 3.757143161039589973e-10 9.814001351311915069e-08 -9.235060208645515487e-11 -3.249701476444581254e-11 -3.969820054205811709e-12 1.281784065188510177e-10 -6.281202749249603261e-07 -2.302504204935002832e-08 -6.021456737641671871e-07 -4.071744769208988226e-08 -1.488706847488869504e-06 -1.452238869045371280e-08 -1.493931190197047458e-06 -1.377142088554213776e-07 -2.189097664938361151e-05 -1.290762466741675810e-07 -2.287722479659018445e-05 -1.289287336801484912e-07
-1.030904289302978835e-07 1.209423940649052150e-08 -2.429170357734526491e-03 4.853459462919110023e-09 3.459211008069249570e-06 2.629201862548304980e-04 2.695826384573538216e-08 6.271144107054476070e-06 1.420759318083335164e-06 4.999473237890573574e-07 6.107333022976051887e-08 -1.971948865841087449e-06 -4.009010167019091319e-05 -1.432442999480155933e-06 -3.835848271695325003e-05 -2.665163254402591182e-06 -9.331526681194440192e-05 -9.015606101103029832e-07 -1.048330910943161357e-04 -9.663786854911287678e-06 -1.536140295198716674e-03 -9.057637415595086585e-06 -1.605347374748365826e-03 -9.047286024485637752e-06
-1.119693231172160704e-11 3.512727759088151330e-13 -2.638389369480184027e-07 5.271471397543899776e-13 3.757143161039589973e-10 2.695826384573538216e-08 2.881012931442787139e-12 7.298865452096097015e-10 4.126543622149329841e-11 1.452078796139424935e-11 1.773852626428127994e-12 -5.727453624803903212e-11 -4.670078304705493783e-09 -1.700991521775871353e-10 -4.474787497397343661e-09 -3.046856321860614790e-10 -1.101848994811859057e-08 -1.072289639688607445e-10 -1.138621643080154051e-08 -1.049610055794112201e-09 -1.668449117024894260e-07 -9.837745100267026680e-10 -1.743617174816968794e-07 -9.826502172128571753e-10
-2.924741182063468479e-09 -3.722410225091689911e-10 -6.891717936943940405e-05 1.376955712649675176e-10 9.814001351311915069e-08 6.271144107054476070e-06 7.298865452096097015e-10 2.141637454685397813e-07 -4.372866182053983634e-08 -1.538756554968054106e-08 -1.879737787252885047e-09 6.069337942823714504e-08 -1.372127253110834718e-06 -5.143137259529344365e-08 -1.317636693987564931e-06 -8.692284701929136503e-08 -3.304011184194377078e-06 -3.249720208111226674e-08 -2.974186334653435118e-06 -2.741677080258919145e-07 -4.358156213352260683e-05 -2.569708599333569303e-07 -4.554503049757080294e-05 -2.566771843545606813e-07
2.752206767444281262e-12 8.593822470385083022e-10 6.485166300562477431e-08 -1.295727226446543796e-13 -9.235060208645515487e-11 1.420759318083335164e-06 4.126543622149329841e-11 -4.372866182053983634e-08 1.009551157724954508e-07 3.552483447060060209e-08 4.339697100468218681e-09 -1.401210765984281144e-07 2.831814020658206825e-07 1.300788000139766347e-08 2.766895366882136698e-07 1.366381806038542947e-08 7.915737764735250071e-07 8.339583290062788216e-09 2.798735133033862961e-09 2.579941854289253928e-10 4.101063012793478791e-08 2.418118025043528117e-10 4.285827105502876205e-08 2.415354512426413526e-10
9.684669285821636565e-13 3.024057985440848303e-10 2.282048413593185462e-08 -4.559501060561990664e-14 -3.249701476444581254e-11 4.999473237890573574e-07 1.452078796139424935e-11 -1.538756554968054106e-08 3.552483447060060209e-08 1.250074235947963904e-08 1.527084807834860523e-09 -4.930684371679030154e-08 9.964797111700646518e-08 4.577309302275503937e-09 9.736356538679406942e-08 4.808125650158534417e-09 2.785448490589956515e-07 2.934594424846809108e-09 9.848396747020557293e-10 9.078490734110210825e-11 1.443112466351084670e-08 8.509053042393241232e-11 1.508128625467907678e-08 8.499328589245193378e-11
1.183074649410627235e-13 3.694175025842725583e-11 2.787739619480873953e-09 -5.569865071514342381e-15 -3.969820054205811709e-12 6.107333022976051887e-08 1.773852626428127994e-12 -1.879737787252885047e-09 4.339697100468218681e-09 1.527084807834860523e-09 1.865479623244596221e-10 -6.023300857022437011e-09 1.217294935865326091e-08 5.591619530253302294e-10 1.189388742786186767e-08 5.873583696630299903e-10 3.402690795108670737e-08 3.584886757846201654e-10 1.203075519222835685e-10 1.109024162344328197e-11 1.762899408624620781e-09 1.039461921486074231e-11 1.842322843143768304e-09 1.038273986858744686e-11
-3.819936956434042878e-12 -1.192783203645032660e-09 -9.001113837474267088e-08 1.798410052917904184e-13 1.281784065188510177e-10 -1.971948865841087449e-06 -5.727453624803903212e-11 6.069337942823714504e-08 -1.401210765984281144e-07 -4.930684371679030154e-08 -6.023300857022437011e-09 1.944816377293960727e-07 -3.930428159902729138e-07 -1.805434178676890249e-08 -3.840324041504348683e-07 -1.896475377189324885e-08 -1.098668147277179600e-06 -1.157495971455037810e-08 -3.884516196583186727e-09 -3.580841145909273373e-10 -5.692087651179156481e-08 -3.356237081609675070e-10 -5.948531750405049823e-08 -3.352401452651663391e-10
1.871906465657600513e-08 2.410586804673059532e-09 4.410870077853224630e-04 -8.812854361083310272e-10 -6.281202749249603261e-07 -4.009010167019091319e-05 -4.670078304705493783e-09 -1.372127253110834718e-06 2.831814020658206825e-07 9.964797111700646518e-08 1.217294935865326091e-08 -3.930428159902729138e-07 8.791191246135323262e-06 3.295981669352600093e-07 8.442227161142457380e-06 5.567727469739072965e-07 2.117232652954303168e-05 2.082624077039896856e-07 1.903553057392424249e-05 1.754740841395819060e-06 2.789330274431746663e-04 1.644676771607349325e-06 2.914997286058469564e-04 1.642797175482896225e-06
6.861858449917603343e-10 1.107298143122292720e-10 1.616894788033145452e-05 -3.230534222494075786e-11 -2.302504204935002832e-08 -1.432442999480155933e-06 -1.700991521775871353e-10 -5.143137259529344365e-08 1.300788000139766347e-08 4.577309302275503937e-09 5.591619530253302294e-10 -1.805434178676890249e-08 3.295981669352600093e-07 1.241949846626722587e-08 3.166384900837044677e-07 2.076325861093006195e-08 7.966427571292939816e-07 7.850611324917066099e-09 6.977862563743273921e-07 6.432364275553922679e-08 1.022484637706392125e-05 6.028901786330098283e-08 1.068550344776302668e-05 6.022011739946004325e-08
1.794497687130920783e-08 2.355324683117732085e-09 4.228467795200106577e-04 -8.448417123442826070e-10 -6.021456737641671871e-07 -3.835848271695325003e-05 -4.474787497397343661e-09 -1.317636693987564931e-06 2.766895366882136698e-07 9.736356538679406942e-08 1.189388742786186767e-08 -3.840324041504348683e-07 8.442227161142457380e-06 3.166384900837044677e-07 8.107360697677997913e-06 5.344509330196243977e-07 2.033756269799486010e-05 2.000798300819362442e-07 1.824835619789209667e-05 1.682177198787788756e-06 2.673983469544452801e-04 1.576664598420334159e-06 2.794453792670724109e-04 1.574862729063561943e-06
1.213449955047764188e-09 1.163134989086203566e-10 2.859314153484575561e-05 -5.712871605763084565e-11 -4.071744769208988226e-08 -2.665163254402591182e-06 -3.046856321860614790e-10 -8.692284701929136503e-08 1.366381806038542947e-08 4.808125650158534417e-09 5.873583696630299903e-10 -1.896475377189324885e-08 5.567727469739072965e-07 2.076325861093006195e-08 5.344509330196243977e-07 3.546073646661799421e-08 1.335811652809294776e-06 1.311403430993604738e-08 1.233964094588443683e-06 1.137498275388144832e-07 1.808160147532411141e-05 1.066150033116239273e-07 1.889622666628184723e-05 1.064931598411697658e-07
4.436602468217341205e-08 6.738286086269946547e-09 1.045419547283728224e-03 -2.088733306612723664e-09 -1.488706847488869504e-06 -9.331526681194440192e-05 -1.101848994811859057e-08 -3.304011184194377078e-06 7.915737764735250071e-07 2.785448490589956515e-07 3.402690795108670737e-08 -1.098668147277179600e-06 2.117232652954303168e-05 7.966427571292939816e-07 2.033756269799486010e-05 1.335811652809294776e-06 5.112125679128322504e-05 5.035163238387279488e-07 4.511607641739055611e-05 4.158908478118600442e-06 6.610984973736797228e-04 3.898045807040184545e-06 6.908828004554766174e-04 3.893590979335452017e-06
4.327921567232502182e-10 7.099085389668598852e-11 1.019810351866171747e-05 -2.037567185976945137e-11 -1.452238869045371280e-08 -9.015606101103029832e-07 -1.072289639688607445e-10 -3.249720208111226674e-08 8.339583290062788216e-09 2.934594424846809108e-09 3.584886757846201654e-10 -1.157495971455037810e-08 2.082624077039896856e-07 7.850611324917066099e-09 2.000798300819362442e-07 1.311403430993604738e-08 5.035163238387279488e-07 4.962684038096394238e-09 4.401088315293817578e-07 4.057030279657528952e-08 6.449033077632521883e-06 3.802557816310366209e-08 6.739579579998886007e-06 3.798212115993006203e-08
4.452172203492440319e-08 2.382428350887291353e-11 1.049089186707200059e-03 -2.096061343727541025e-09 -1.493931190197047458e-06 -1.048330910943161357e-04 -1.138621643080154051e-08 -2.974186334653435118e-06 2.798735133033862961e-09 9.848396747020557293e-10 1.203075519222835685e-10 -3.884516196583186727e-09 1.903553057392424249e-05 6.977862563743273921e-07 1.824835619789209667e-05 1.233964094588443683e-06 4.511607641739055611e-05 4.401088315293817578e-07 4.527446589520402187e-05 4.173502598344344559e-06 6.634221367741788885e-04 3.911724433443314358e-06 6.933112108251159944e-04 3.907253971857307301e-06
4.104120206410434009e-09 2.196180176393804319e-12 9.670747705689531053e-05 -1.932202744590719753e-10 -1.377142088554213776e-07 -9.663786854911287678e-06 -1.049610055794112201e-09 -2.741677080258919145e-07 2.579941854289253928e-10 9.078490734110210825e-11 1.109024162344328197e-11 -3.580841145909273373e-10 1.754740841395819060e-06 6.432364275553922679e-08 1.682177198787788756e-06 1.137498275388144832e-07 4.158908478118600442e-06 4.057030279657528952e-08 4.173502598344344559e-06 3.847237140423717042e-07 6.115541859371713602e-05 3.605923718612784529e-07 6.391063557363436108e-05 3.601802739039818551e-07
6.523889498623656529e-07 3.491037315983563248e-10 1.537263386296654211e-02 -3.071405178065385971e-08 -2.189097664938361151e-05 -1.536140295198716674e-03 -1.668449117024894260e-07 -4.358156213352260683e-05 4.101063012793478791e-08 1.443112466351084670e-08 1.762899408624620781e-09 -5.692087651179156481e-08 2.789330274431746663e-04 1.022484637706392125e-05 2.673983469544452801e-04 1.808160147532411141e-05 6.610984973736797228e-04 6.449033077632521883e-06 6.634221367741788885e-04 6.115541859371713602e-05 9.721487128670828343e-03 5.731951030409306768e-05 1.015947233936599810e-02 5.725400340036298309e-05
3.846694076297843213e-09 2.058427348648654491e-12 9.064161237552595428e-05 -1.811007629370064558e-10 -1.290762466741675810e-07 -9.057637415595086585e-06 -9.837745100267026680e-10 -2.569708599333569303e-07 2.418118025043528117e-10 8.509053042393241232e-11 1.039461921486074231e-11 -3.356237081609675070e-10 1.644676771607349325e-06 6.028901786330098283e-08 1.576664598420334159e-06 1.066150033116239273e-07 3.898045807040184545e-06 3.802557816310366209e-08 3.911724433443314358e-06 3.605923718612784529e-07 5.731951030409306768e-05 3.379746398851376720e-07 5.990190909362513459e-05 3.375883902895821189e-07
6.817808543537682689e-07 3.648318084440721496e-10 1.606521437395494814e-02 -3.209780037294365987e-08 -2.287722479659018445e-05 -1.605347374748365826e-03 -1.743617174816968794e-07 -4.554503049757080294e-05 4.285827105502876205e-08 1.508128625467907678e-08 1.842322843143768304e-09 -5.948531750405049823e-08 2.914997286058469564e-04 1.068550344776302668e-05 2.794453792670724109e-04 1.889622666628184723e-05 6.908828004554766174e-04 6.739579579998886007e-06 6.933112108251159944e-04 6.391063557363436108e-05 1.015947233936599810e-02 5.990190909362513459e-05 1.061719036850404876e-02 5.983345092462581937e-05
3.842297935371869654e-09 2.056074903527973925e-12 9.053802384378750571e-05 -1.808937945015820974e-10 -1.289287336801484912e-07 -9.047286024485637752e-06 -9.826502172128571753e-10 -2.566771843545606813e-07 2.415354512426413526e-10 8.499328589245193378e-11 1.038273986858744686e-11 -3.352401452651663391e-10 1.642797175482896225e-06 6.022011739946004325e-08 1.574862729063561943e-06 1.064931598411697658e-07 3.893590979335452017e-06 3.798212115993006203e-08 3.907253971857307301e-06 3.601802739039818551e-07 5.725400340036298309e-05 3.375883902895821189e-07 5.983345092462581937e-05 3.372025821140199234e-07
