4.457008264658165206e-11 2.432907553778760303e-14 9.464306653464248440e-07 -1.909081677479202404e-12 -1.316513971355667278e-09 -9.864650483935575549e-08 -1.009824940078184902e-11 -2.422948314638113686e-09 3.008388629767442012e-12 1.058877521809402024e-12 1.306424673529280922e-13 -4.014570699996727959e-12 1.890043428134216867e-08 6.766745793414084465e-10 1.815226470538392275e-08 1.171971214934868803e-09 4.603922487537894268e-08 4.390384861235107657e-10 4.259565599143136434e-08 3.909703430941802234e-09 5.997241502486258675e-07 3.667178155643078227e-09 6.253715622484683759e-07 3.663019540374087108e-09
2.432907553778760303e-14 6.791244680663397402e-12 5.166197094825834010e-10 -1.042093475740054775e-15 -7.186337999335368768e-13 1.173763641175412949e-08 3.463840272317661955e-13 -3.338088833904848416e-10 8.397648832790087039e-10 2.955762263261103806e-10 3.646768082499840303e-11 -1.120631643777583675e-09 2.402023100363484771e-09 1.060967025527697613e-10 2.348042399832763964e-09 1.112489547717950616e-10 6.725265340594357605e-09 6.776588466517900000e-11 2.325131277890123882e-11 2.134155120509423336e-12 3.273661004609635348e-10 2.001770000442388815e-12 3.413660256762869512e-10 1.999499974025472689e-12
9.464306653464248440e-07 5.166197094825834010e-10 2.009714599999338006e-02 -4.053867962988849756e-08 -2.795572886131165332e-05 -2.094723412819354813e-03 -2.144328211834567859e-07 -5.145049010764082234e-05 6.388211741201387552e-08 2.248490686797621306e-08 2.774148710365896543e-09 -8.524805414273129263e-08 4.013443953684011430e-04 1.436895474754056906e-05 3.854572671528225074e-04 2.488641027306468597e-05 9.776274886742414901e-04 9.322833604518625833e-06 9.045051187152310058e-04 8.302121934530226025e-05 1.273498173616392261e-02 7.787127666525602639e-05 1.327959859554409157e-02 7.778296987204153304e-05
-1.909081677479202404e-12 -1.042093475740054775e-15 -4.053867962988849756e-08 8.177224501054621949e-14 5.639058023664145555e-11 4.225355413005984687e-09 4.325411276135229229e-13 1.037827603447680323e-10 -1.288590747489204821e-13 -4.535517000970059155e-14 -5.595842007135546915e-15 1.719571270996587796e-13 -8.095669765958287820e-10 -2.898417827719827651e-11 -7.775204383260406069e-10 -5.019934846586913256e-11 -1.972009609219446542e-09 -1.880544831410504527e-11 -1.824508706074140823e-09 -1.674653552083862657e-10 -2.568803195168628136e-08 -1.570772091987107034e-10 -2.678658723194747319e-08 -1.568990821771334603e-10
-1.316513971355667278e-09 -7.186337999335368768e-13 -2.795572886131165332e-05 5.639058023664145555e-11 3.888727457846282504e-08 2.913827006185715658e-06 2.982827513908018112e-10 7.156920332066898443e-08 -8.886197707418617272e-11 -3.127719242701325878e-11 -3.858925613550886003e-12 1.185826478595106329e-10 -5.582822395032236133e-07 -1.998765747014917429e-08 -5.361827583608814312e-07 -3.461776153564159903e-08 -1.359909580239915218e-06 -1.296834712842444596e-08 -1.258193151624955216e-06 -1.154850731662905322e-07 -1.771468614695406014e-05 -1.083213459982085175e-07 -1.847226076622003409e-05 -1.081985085527270255e-07
-9.864650483935575549e-08 1.173763641175412949e-08 -2.094723412819354813e-03 4.225355413005984687e-09 2.913827006185715658e-06 2.388069486073636299e-04 2.296135961165598573e-08 4.785396982320039773e-06 1.451406237171421528e-06 5.108586766011282428e-07 6.302885524977162450e-08 -1.936841830686025687e-06 -3.767945444941949145e-05 -1.314104836797879640e-06 -3.611655494147122546e-05 -2.401863695788023919e-06 -9.026481386529419735e-05 -8.544749578716883123e-07 -9.427639416772191656e-05 -8.653308800104402278e-06 -1.327355775786741819e-03 -8.116530159627246481e-06 -1.384120439706891092e-03 -8.107325939512425753e-06
-1.009824940078184902e-11 3.463840272317661955e-13 -2.144328211834567859e-07 4.325411276135229229e-13 2.982827513908018112e-10 2.296135961165598573e-08 2.306196558812613049e-12 5.317395123956470462e-10 4.283178618645036093e-11 1.507571723287515355e-11 1.860015768543699384e-12 -5.715725479864749969e-11 -4.158344076966537524e-09 -1.478358663883212132e-10 -3.991607113557089820e-09 -2.598023412152571054e-10 -1.008393640094502646e-08 -9.597405405322712732e-11 -9.650896253967039809e-09 -8.858221441483721563e-10 -1.358791792540664831e-07 -8.308731639288849434e-10 -1.416900907238200432e-07 -8.299309459404805942e-10
-2.422948314638113686e-09 -3.338088833904848416e-10 -5.145049010764082234e-05 1.037827603447680323e-10 7.156920332066898443e-08 4.785396982320039773e-06 5.317395123956470462e-10 1.479958409455333491e-07 -4.127681940026395495e-08 -1.452840735873121838e-08 -1.792489645166788202e-09 5.508221459515228693e-08 -1.144571475048737417e-06 -4.196204821306081224e-08 -1.101276183478963511e-06 -6.912669990578842083e-08 -2.830841141498130884e-06 -2.717326155285000880e-08 -2.315613244296268073e-06 -2.125418837411153127e-07 -3.260260194815941252e-05 -1.993575642949167924e-07 -3.399686358892013970e-05 -1.991314909008318897e-07
3.008388629767442012e-12 8.397648832790087039e-10 6.388211741201387552e-08 -1.288590747489204821e-13 -8.886197707418617272e-11 1.451406237171421528e-06 4.283178618645036093e-11 -4.127681940026395495e-08 1.038403261675816571e-07 3.654919612853531235e-08 4.509376276912330367e-09 -1.385706368185760353e-07 2.970198764319028101e-07 1.311928652879114806e-08 2.903449443921540520e-07 1.375638336319396901e-08 8.316062735543426179e-07 8.379525818371471940e-09 2.875118904148178376e-09 2.638969157944709418e-10 4.048014291861558394e-08 2.475269600456521239e-10 4.221129031873836542e-08 2.472462620942922566e-10
1.058877521809402024e-12 2.955762263261103806e-10 2.248490686797621306e-08 -4.535517000970059155e-14 -3.127719242701325878e-11 5.108586766011282428e-07 1.507571723287515355e-11 -1.452840735873121838e-08 3.654919612853531235e-08 1.286440265958525517e-08 1.587187624506294815e-09 -4.877339699587317628e-08 1.045435636620878719e-07 4.617660607692601585e-09 1.021941546072975807e-07 4.841902751488691886e-09 2.927045978665226130e-07 2.949383425130592648e-09 1.011969912820365339e-09 9.288511113835229418e-11 1.424799739977165557e-08 8.712329632372750628e-11 1.485731796695974521e-08 8.702449766847046857e-11
1.306424673529280922e-13 3.646768082499840303e-11 2.774148710365896543e-09 -5.595842007135546915e-15 -3.858925613550886003e-12 6.302885524977162450e-08 1.860015768543699384e-12 -1.792489645166788202e-09 4.509376276912330367e-09 1.587187624506294815e-09 1.958244488306140948e-10 -6.017576903631346527e-09 1.289840312275176177e-08 5.697189353692473094e-10 1.260853711885882490e-08 5.973855411524421192e-10 3.611338437096463432e-08 3.638897979503013566e-10 1.248550881326305826e-10 1.146000349365674976e-11 1.757893143765986801e-09 1.074912080107608100e-11 1.833070055827522337e-09 1.073693119479197459e-11
-4.014570699996727959e-12 -1.120631643777583675e-09 -8.524805414273129263e-08 1.719571270996587796e-13 1.185826478595106329e-10 -1.936841830686025687e-06 -5.715725479864749969e-11 5.508221459515228693e-08 -1.385706368185760353e-07 -4.877339699587317628e-08 -6.017576903631346527e-09 1.849168069475214141e-07 -3.963607879150362261e-07 -1.750714748787799393e-08 -3.874533660797572836e-07 -1.835732696795753626e-08 -1.109744310657939354e-06 -1.118213204321765040e-08 -3.836727740461748047e-09 -3.521595632679935825e-10 -5.401908316945763526e-08 -3.303145316592100404e-10 -5.632922806062514663e-08 -3.299399518060870199e-10
1.890043428134216867e-08 2.402023100363484771e-09 4.013443953684011430e-04 -8.095669765958287820e-10 -5.582822395032236133e-07 -3.767945444941949145e-05 -4.158344076966537524e-09 -1.144571475048737417e-06 2.970198764319028101e-07 1.045435636620878719e-07 1.289840312275176177e-08 -3.963607879150362261e-07 8.857238091232298664e-06 3.241858851225979027e-07 8.521101687395774783e-06 5.359411516436875605e-07 2.188306459593085211e-05 2.099601929175828942e-07 1.806316062048359482e-05 1.657952718414927618e-06 2.543198388968751725e-04 1.555107203632486832e-06 2.651959200022249805e-04 1.553343697033301341e-06
6.766745793414084465e-10 1.060967025527697613e-10 1.436895474754056906e-05 -2.898417827719827651e-11 -1.998765747014917429e-08 -1.314104836797879640e-06 -1.478358663883212132e-10 -4.196204821306081224e-08 1.311928652879114806e-08 4.617660607692601585e-09 5.697189353692473094e-10 -1.750714748787799393e-08 3.241858851225979027e-07 1.191943519015691846e-08 3.119929551068843898e-07 1.951515997908899432e-08 8.032885768774736814e-07 7.716859200505718704e-09 6.466982042126903276e-07 5.935813586255776538e-08 9.105161328613062952e-06 5.567605414292898710e-08 9.494546574114394414e-06 5.561291696521105961e-08
1.815226470538392275e-08 2.348042399832763964e-09 3.854572671528225074e-04 -7.775204383260406069e-10 -5.361827583608814312e-07 -3.611655494147122546e-05 -3.991607113557089820e-09 -1.101276183478963511e-06 2.903449443921540520e-07 1.021941546072975807e-07 1.260853711885882490e-08 -3.874533660797572836e-07 8.521101687395774783e-06 3.119929551068843898e-07 8.197946932037852518e-06 5.153954820340330346e-07 2.105737977928187372e-05 2.020576561649480377e-07 1.734813450607835435e-05 1.592323017940842209e-06 2.442526528521138732e-04 1.493548620402439700e-06 2.546982072673434046e-04 1.491854921827743167e-06
1.171971214934868803e-09 1.112489547717950616e-10 2.488641027306468597e-05 -5.019934846586913256e-11 -3.461776153564159903e-08 -2.401863695788023919e-06 -2.598023412152571054e-10 -6.912669990578842083e-08 1.375638336319396901e-08 4.841902751488691886e-09 5.973855411524421192e-10 -1.835732696795753626e-08 5.359411516436875605e-07 1.951515997908899432e-08 5.153954820340330346e-07 3.261850701536699826e-08 1.319727828673687848e-06 1.264432999957428810e-08 1.120053408787255134e-06 1.028057339954794667e-07 1.576974618967837992e-05 9.642852711669062133e-08 1.644414459789608602e-05 9.631917624535867754e-08
4.603922487537894268e-08 6.725265340594357605e-09 9.776274886742414901e-04 -1.972009609219446542e-09 -1.359909580239915218e-06 -9.026481386529419735e-05 -1.008393640094502646e-08 -2.830841141498130884e-06 8.316062735543426179e-07 2.927045978665226130e-07 3.611338437096463432e-08 -1.109744310657939354e-06 2.188306459593085211e-05 8.032885768774736814e-07 2.105737977928187372e-05 1.319727828673687848e-06 5.416705372258171321e-05 5.201307346379172433e-07 4.399972221189589499e-05 4.038576994418650214e-06 6.194929133440650083e-04 3.788057472506435588e-06 6.459857510629886737e-04 3.783761778789251893e-06
4.390384861235107657e-10 6.776588466517900000e-11 9.322833604518625833e-06 -1.880544831410504527e-11 -1.296834712842444596e-08 -8.544749578716883123e-07 -9.597405405322712732e-11 -2.717326155285000880e-08 8.379525818371471940e-09 2.949383425130592648e-09 3.638897979503013566e-10 -1.118213204321765040e-08 2.099601929175828942e-07 7.716859200505718704e-09 2.020576561649480377e-07 1.264432999957428810e-08 5.201307346379172433e-07 4.996180798372770562e-09 4.195893208760133148e-07 3.851261212948411766e-08 5.907592626674046927e-06 3.612361209307756054e-08 6.160232835476014417e-06 3.608264757066905534e-08
4.259565599143136434e-08 2.325131277890123882e-11 9.045051187152310058e-04 -1.824508706074140823e-09 -1.258193151624955216e-06 -9.427639416772191656e-05 -9.650896253967039809e-09 -2.315613244296268073e-06 2.875118904148178376e-09 1.011969912820365339e-09 1.248550881326305826e-10 -3.836727740461748047e-09 1.806316062048359482e-05 6.466982042126903276e-07 1.734813450607835435e-05 1.120053408787255134e-06 4.399972221189589499e-05 4.195893208760133148e-07 4.070874855626929457e-05 3.736505031995802287e-06 5.731597712530804491e-04 3.504723452543927747e-06 5.976712159092958986e-04 3.500749061227497154e-06
3.909703430941802234e-09 2.134155120509423336e-12 8.302121934530226025e-05 -1.674653552083862657e-10 -1.154850731662905322e-07 -8.653308800104402278e-06 -8.858221441483721563e-10 -2.125418837411153127e-07 2.638969157944709418e-10 9.288511113835229418e-11 1.146000349365674976e-11 -3.521595632679935825e-10 1.657952718414927618e-06 5.935813586255776538e-08 1.592323017940842209e-06 1.028057339954794667e-07 4.038576994418650214e-06 3.851261212948411766e-08 3.736505031995802287e-06 3.429605877970369404e-07 5.260795849470005888e-05 3.216861851750655592e-07 5.485775488995164862e-05 3.213213899728948210e-07
5.997241502486258675e-07 3.273661004609635348e-10 1.273498173616392261e-02 -2.568803195168628136e-08 -1.771468614695406014e-05 -1.327355775786741819e-03 -1.358791792540664831e-07 -3.260260194815941252e-05 4.048014291861558394e-08 1.424799739977165557e-08 1.757893143765986801e-09 -5.401908316945763526e-08 2.543198388968751725e-04 9.105161328613062952e-06 2.442526528521138732e-04 1.576974618967837992e-05 6.194929133440650083e-04 5.907592626674046927e-06 5.731597712530804491e-04 5.260795849470005888e-05 8.069913119973969734e-03 4.934459638721220534e-05 8.415029592301939351e-03 4.928863907034126263e-05
3.667178155643078227e-09 2.001770000442388815e-12 7.787127666525602639e-05 -1.570772091987107034e-10 -1.083213459982085175e-07 -8.116530159627246481e-06 -8.308731639288849434e-10 -1.993575642949167924e-07 2.475269600456521239e-10 8.712329632372750628e-11 1.074912080107608100e-11 -3.303145316592100404e-10 1.555107203632486832e-06 5.567605414292898710e-08 1.493548620402439700e-06 9.642852711669062133e-08 3.788057472506435588e-06 3.612361209307756054e-08 3.504723452543927747e-06 3.216861851750655592e-07 4.934459638721220534e-05 3.017314684511354857e-07 5.145483393906127888e-05 3.013893020899880227e-07
6.253715622484683759e-07 3.413660256762869512e-10 1.327959859554409157e-02 -2.678658723194747319e-08 -1.847226076622003409e-05 -1.384120439706891092e-03 -1.416900907238200432e-07 -3.399686358892013970e-05 4.221129031873836542e-08 1.485731796695974521e-08 1.833070055827522337e-09 -5.632922806062514663e-08 2.651959200022249805e-04 9.494546574114394414e-06 2.546982072673434046e-04 1.644414459789608602e-05 6.459857510629886737e-04 6.160232835476014417e-06 5.976712159092958986e-04 5.485775488995164862e-05 8.415029592301939351e-03 5.145483393906127888e-05 8.774905339998036180e-03 5.139648358794534364e-05
3.663019540374087108e-09 1.999499974025472689e-12 7.778296987204153304e-05 -1.568990821771334603e-10 -1.081985085527270255e-07 -8.107325939512425753e-06 -8.299309459404805942e-10 -1.991314909008318897e-07 2.472462620942922566e-10 8.702449766847046857e-11 1.073693119479197459e-11 -3.299399518060870199e-10 1.553343697033301341e-06 5.561291696521105961e-08 1.491854921827743167e-06 9.631917624535867754e-08 3.783761778789251893e-06 3.608264757066905534e-08 3.500749061227497154e-06 3.213213899728948210e-07 4.928863907034126263e-05 3.013893020899880227e-07 5.139648358794534364e-05 3.010475237487842461e-07
