par.Ct_1S0 = -0.107684493704953
par.Ct_3S1 = -0.718085864415801E-01
par.Ct_1S0 = -0.112158158151964
par.Ct_3S1 = -0.903420415858850E-01
par.Ct_1S0 = -0.112157727587304
par.Ct_3S1 = -0.903420570686788E-01
