2.923518399498898699e-10 7.389882700585418959e-14 5.306824930213230558e-06 -8.501878870831539096e-12 -3.783217218799480635e-09 -5.471758381626618218e-07 -4.016231236264657586e-11 -8.427447207703496883e-09 9.893666556257073060e-12 3.475126961955674181e-12 4.542316758133942338e-13 -9.959576441139950347e-12 1.137103473134043794e-07 3.531088918419590584e-09 1.101343219405710191e-07 5.736706611491805478e-09 3.126190514525904574e-07 2.417434807477063685e-09 2.108235533266054511e-07 1.892883725486910490e-08 2.482073435978208503e-06 1.782482179970413262e-08 2.566198193391502651e-06 1.780529516857902935e-08
7.389882700585418959e-14 1.417703683448730212e-11 1.341425241364654121e-09 -2.149050527638191063e-15 -9.562974353968555378e-13 2.873237652707212065e-08 8.321804233982637361e-13 -1.721119357430140027e-11 1.898039263668964368e-09 6.666817991612054329e-10 8.714156178537504525e-11 -1.910683670943079240e-09 5.620177586471662484e-09 2.029217590333200206e-10 5.515820454549945240e-09 2.088641354673227752e-10 1.593266529374243688e-08 1.192442999639230288e-10 5.329062850677693105e-11 4.784710333820036537e-12 6.274026374953513874e-10 4.505644372931919500e-12 6.486671552629153640e-10 4.500708556089554314e-12
5.306824930213230558e-06 1.341425241364654121e-09 9.633062866219303799e-02 -1.543273418381176829e-07 -6.867365630233607005e-05 -9.932410672653551806e-03 -7.290326806163096341e-07 -1.529765898438270003e-04 1.795916740193954858e-07 6.308115042712419444e-08 8.245297794145368833e-09 -1.807880824522407872e-07 2.064092167261655057e-03 6.409695122080962990e-05 1.999179503468818085e-03 1.041337067793542814e-04 5.674720636341738268e-03 4.388171052233915472e-05 3.826918797175151744e-03 3.435995466038031148e-04 4.505552017331924258e-02 3.235592508685477880e-04 4.658259221493246671e-02 3.232047998775422980e-04
-8.501878870831539096e-12 -2.149050527638191063e-15 -1.543273418381176829e-07 2.472437490813583831e-13 1.100196880133160950e-10 1.591247017231663541e-08 1.167961887897386656e-12 2.450784442114347593e-10 -2.877175483078715572e-13 -1.010601079329734740e-13 -1.320950361818326193e-14 2.896342726478968253e-13 -3.306806889443521770e-09 -1.026876048410872597e-10 -3.202812527232459976e-09 -1.668291940297882931e-10 -9.091265970701721525e-09 -7.030141416486312638e-11 -6.130933135946921675e-09 -5.504696878115208366e-10 -7.218012031422471276e-08 -5.183638376300052264e-10 -7.462649862784915899e-08 -5.177959839021215468e-10
-3.783217218799480635e-09 -9.562974353968555378e-13 -6.867365630233607005e-05 1.100196880133160950e-10 4.895721740156348325e-08 7.080801478436729021e-06 5.197256951157922329e-10 1.090564826656953383e-07 -1.280302859692635903e-10 -4.497033493060734701e-11 -5.878044405552400969e-12 1.288832014560236423e-10 -1.471483590757180319e-06 -4.569451908622530912e-08 -1.425207566255455449e-06 -7.423660427538348503e-08 -4.045487664149899202e-06 -3.128313184351430126e-08 -2.728189378896143276e-06 -2.449511022792750811e-07 -3.211957895253409557e-05 -2.306644459721262996e-07 -3.320820550378664047e-05 -2.304117590466582919e-07
-5.471758381626618218e-07 2.873237652707212065e-08 -9.932410672653551806e-03 1.591247017231663541e-08 7.080801478436729021e-06 1.082911395857915444e-03 7.688472329927105144e-08 1.574239046535821348e-05 3.846726187599807080e-06 1.351153464977921605e-06 1.766084261012492089e-07 -3.872352399232287976e-06 -2.014374527188419366e-04 -6.197492755661940616e-06 -1.949551139516095071e-04 -1.031464188164047050e-05 -5.528233571497167317e-04 -4.282967566532725902e-06 -3.945828721379892527e-04 -3.542790661325857229e-05 -4.645455394980611309e-03 -3.336159336291475948e-05 -4.802902119652023051e-03 -3.332504663529466257e-05
-4.016231236264657586e-11 8.321804233982637361e-13 -7.290326806163096341e-07 1.167961887897386656e-12 5.197256951157922329e-10 7.688472329927105144e-08 5.567418283985916574e-12 1.156838295222898150e-09 1.114133451122203932e-10 3.913367505468282948e-11 5.115138185942399637e-12 -1.121555641381330508e-10 -1.528892247128729592e-08 -4.730856952571415216e-10 -1.480380675117865811e-08 -7.757662744347129913e-10 -4.200459370686616400e-08 -3.250505321039193739e-10 -2.896215837616536214e-08 -2.600381540509536127e-09 -3.409757158960841427e-07 -2.448715624875550314e-09 -3.525323279735892167e-07 -2.446033121657576809e-09
-8.427447207703496883e-09 -1.721119357430140027e-11 -1.529765898438270003e-04 2.450784442114347593e-10 1.090564826656953383e-07 1.574239046535821348e-05 1.156838295222898150e-09 2.429488954178938194e-07 -2.304256656272230408e-09 -8.093640584298369483e-10 -1.057914963373103095e-10 2.319605853960286349e-09 -3.283806408484154889e-06 -1.020034452860045821e-07 -3.180612468687221550e-06 -1.655891618793075658e-07 -9.028542186605198656e-06 -6.981210797135456141e-08 -6.077281416558287630e-06 -5.456499807731124342e-07 -7.154921459030811747e-05 -5.138252042509070499e-07 -7.397422768053640504e-05 -5.132623220305959258e-07
9.893666556257073060e-12 1.898039263668964368e-09 1.795916740193954858e-07 -2.877175483078715572e-13 -1.280302859692635903e-10 3.846726187599807080e-06 1.114133451122203932e-10 -2.304256656272230408e-09 2.541118515080514021e-07 8.925618440982632454e-08 1.166662022546630617e-08 -2.558046961613160375e-07 7.524363453690767225e-07 2.716741643926799884e-08 7.384648832264032126e-07 2.796298915753663712e-08 2.133084986470969292e-06 1.596457458523457567e-08 7.134615399256122782e-09 6.405829500472310659e-10 8.399744283963510339e-08 6.032212533042827617e-10 8.684436283927076004e-08 6.025604400275481452e-10
3.475126961955674181e-12 6.666817991612054329e-10 6.308115042712419444e-08 -1.010601079329734740e-13 -4.497033493060734701e-11 1.351153464977921605e-06 3.913367505468282948e-11 -8.093640584298369483e-10 8.925618440982632454e-08 3.135102458446595691e-08 4.097872809938723640e-09 -8.985079583104092470e-08 2.642914820089472839e-07 9.542490882832843778e-09 2.593840389734778344e-07 9.821933920899268064e-09 7.492410454541107576e-07 5.607519122851075571e-09 2.506016771602841398e-09 2.250032451297932242e-10 2.950390293100605579e-08 2.118800375752672142e-10 3.050387683956934942e-08 2.116479284757939072e-10
4.542316758133942338e-13 8.714156178537504525e-11 8.245297794145368833e-09 -1.320950361818326193e-14 -5.878044405552400969e-12 1.766084261012492089e-07 5.115138185942399637e-12 -1.057914963373103095e-10 1.166662022546630617e-08 4.097872809938723640e-09 5.356303941372423926e-10 -1.174434136355373113e-08 3.454537476521467594e-08 1.247293020011603227e-09 3.390392595056726303e-08 1.283818844924056902e-09 9.793282963135111746e-08 7.329553206356452432e-10 3.275598878680205844e-10 2.941003370906086712e-11 3.856436736580417488e-09 2.769470744189507936e-11 3.987142702057921530e-09 2.766436860639967626e-11
-9.959576441139950347e-12 -1.910683670943079240e-09 -1.807880824522407872e-07 2.896342726478968253e-13 1.288832014560236423e-10 -3.872352399232287976e-06 -1.121555641381330508e-10 2.319605853960286349e-09 -2.558046961613160375e-07 -8.985079583104092470e-08 -1.174434136355373113e-08 2.575088262198414828e-07 -7.574489379829688230e-07 -2.734840137468214883e-08 -7.433844003377353326e-07 -2.814927406783762545e-08 -2.147295211386327343e-06 -1.607092798196026186e-08 -7.182144962343772368e-09 -6.448504022520370867e-10 -8.455701904877199514e-08 -6.072398083877435558e-10 -8.742290472692195204e-08 -6.065745928879416493e-10
1.137103473134043794e-07 5.620177586471662484e-09 2.064092167261655057e-03 -3.306806889443521770e-09 -1.471483590757180319e-06 -2.014374527188419366e-04 -1.528892247128729592e-08 -3.283806408484154889e-06 7.524363453690767225e-07 2.642914820089472839e-07 3.454537476521467594e-08 -7.574489379829688230e-07 4.643295166850435515e-05 1.453098642826443541e-06 4.500125337760916189e-05 2.313098043899997628e-06 1.278459921482376371e-04 9.870511087006204801e-07 8.199994691528534414e-05 7.362376503796747156e-06 9.654057003431048157e-04 6.932969307555440257e-06 9.981261767660952553e-04 6.925374417994829670e-06
3.531088918419590584e-09 2.029217590333200206e-10 6.409695122080962990e-05 -1.026876048410872597e-10 -4.569451908622530912e-08 -6.197492755661940616e-06 -4.730856952571415216e-10 -1.020034452860045821e-07 2.716741643926799884e-08 9.542490882832843778e-09 1.247293020011603227e-09 -2.734840137468214883e-08 1.453098642826443541e-06 4.552827556905703704e-08 1.408432373139435545e-06 7.224494660607417476e-08 4.001802266040189935e-06 3.088888468268126078e-08 2.546370511798093241e-06 2.286266457288204029e-07 2.997892941892009463e-05 2.152921080606609406e-07 3.099500175023490968e-05 2.150562611664971742e-07
1.101343219405710191e-07 5.515820454549945240e-09 1.999179503468818085e-03 -3.202812527232459976e-09 -1.425207566255455449e-06 -1.949551139516095071e-04 -1.480380675117865811e-08 -3.180612468687221550e-06 7.384648832264032126e-07 2.593840389734778344e-07 3.390392595056726303e-08 -7.433844003377353326e-07 4.500125337760916189e-05 1.408432373139435545e-06 4.361405168071745108e-05 2.241413530110522128e-06 1.239063719721100580e-04 9.566155333528563445e-07 7.942117021140277682e-05 7.130840393287453200e-06 9.350452071466001285e-04 6.714937429582856082e-06 9.667366779976756296e-04 6.707581388286418036e-06
5.736706611491805478e-09 2.088641354673227752e-10 1.041337067793542814e-04 -1.668291940297882931e-10 -7.423660427538348503e-08 -1.031464188164047050e-05 -7.757662744347129913e-10 -1.655891618793075658e-07 2.796298915753663712e-08 9.821933920899268064e-09 1.283818844924056902e-09 -2.814927406783762545e-08 2.313098043899997628e-06 7.224494660607417476e-08 2.241413530110522128e-06 1.156037182482387317e-07 6.366345221345300568e-06 4.917203040430093051e-08 4.136904835356199386e-06 3.714333050136908676e-07 4.870459235778916923e-05 3.497696392618561613e-07 5.035533100089657451e-05 3.493864757460366613e-07
3.126190514525904574e-07 1.593266529374243688e-08 5.674720636341738268e-03 -9.091265970701721525e-09 -4.045487664149899202e-06 -5.528233571497167317e-04 -4.200459370686616400e-08 -9.028542186605198656e-06 2.133084986470969292e-06 7.492410454541107576e-07 9.793282963135111746e-08 -2.147295211386327343e-06 1.278459921482376371e-04 4.001802266040189935e-06 1.239063719721100580e-04 6.366345221345300568e-06 3.520198499381373049e-04 2.717685886123088800e-06 2.254389402664581509e-04 2.024107154732053619e-05 2.654146980795407153e-03 1.906052050248580889e-05 2.744103895075911733e-03 1.903964019343492114e-05
2.417434807477063685e-09 1.192442999639230288e-10 4.388171052233915472e-05 -7.030141416486312638e-11 -3.128313184351430126e-08 -4.282967566532725902e-06 -3.250505321039193739e-10 -6.981210797135456141e-08 1.596457458523457567e-08 5.607519122851075571e-09 7.329553206356452432e-10 -1.607092798196026186e-08 9.870511087006204801e-07 3.088888468268126078e-08 9.566155333528563445e-07 4.917203040430093051e-08 2.717685886123088800e-06 2.098230604142434529e-08 1.743282665865079841e-06 1.565211168863422637e-07 2.052402832333344369e-05 1.473920984689789673e-07 2.121964711065323783e-05 1.472306342582989112e-07
2.108235533266054511e-07 5.329062850677693105e-11 3.826918797175151744e-03 -6.130933135946921675e-09 -2.728189378896143276e-06 -3.945828721379892527e-04 -2.896215837616536214e-08 -6.077281416558287630e-06 7.134615399256122782e-09 2.506016771602841398e-09 3.275598878680205844e-10 -7.182144962343772368e-09 8.199994691528534414e-05 2.546370511798093241e-06 7.942117021140277682e-05 4.136904835356199386e-06 2.254389402664581509e-04 1.743282665865079841e-06 1.520317983092280033e-04 1.365012897121595458e-05 1.789927484154110434e-03 1.285399065783482506e-05 1.850593929515211532e-03 1.283990943003630996e-05
1.892883725486910490e-08 4.784710333820036537e-12 3.435995466038031148e-04 -5.504696878115208366e-10 -2.449511022792750811e-07 -3.542790661325857229e-05 -2.600381540509536127e-09 -5.456499807731124342e-07 6.405829500472310659e-10 2.250032451297932242e-10 2.941003370906086712e-11 -6.448504022520370867e-10 7.362376503796747156e-06 2.286266457288204029e-07 7.130840393287453200e-06 3.714333050136908676e-07 2.024107154732053619e-05 1.565211168863422637e-07 1.365012897121595458e-05 1.225581390576121536e-06 1.607055721326711281e-04 1.154099959055062278e-06 1.661523441445667709e-04 1.152835672700122933e-06
2.482073435978208503e-06 6.274026374953513874e-10 4.505552017331924258e-02 -7.218012031422471276e-08 -3.211957895253409557e-05 -4.645455394980611309e-03 -3.409757158960841427e-07 -7.154921459030811747e-05 8.399744283963510339e-08 2.950390293100605579e-08 3.856436736580417488e-09 -8.455701904877199514e-08 9.654057003431048157e-04 2.997892941892009463e-05 9.350452071466001285e-04 4.870459235778916923e-05 2.654146980795407153e-03 2.052402832333344369e-05 1.789927484154110434e-03 1.607055721326711281e-04 2.107422207663908059e-02 1.513324511021732824e-04 2.178851345170460321e-02 1.511666697182595235e-04
1.782482179970413262e-08 4.505644372931919500e-12 3.235592508685477880e-04 -5.183638376300052264e-10 -2.306644459721262996e-07 -3.336159336291475948e-05 -2.448715624875550314e-09 -5.138252042509070499e-07 6.032212533042827617e-10 2.118800375752672142e-10 2.769470744189507936e-11 -6.072398083877435558e-10 6.932969307555440257e-06 2.152921080606609406e-07 6.714937429582856082e-06 3.497696392618561613e-07 1.906052050248580889e-05 1.473920984689789673e-07 1.285399065783482506e-05 1.154099959055062278e-06 1.513324511021732824e-04 1.086787648320395504e-06 1.564615404125397962e-04 1.085597100863008513e-06
2.566198193391502651e-06 6.486671552629153640e-10 4.658259221493246671e-02 -7.462649862784915899e-08 -3.320820550378664047e-05 -4.802902119652023051e-03 -3.525323279735892167e-07 -7.397422768053640504e-05 8.684436283927076004e-08 3.050387683956934942e-08 3.987142702057921530e-09 -8.742290472692195204e-08 9.981261767660952553e-04 3.099500175023490968e-05 9.667366779976756296e-04 5.035533100089657451e-05 2.744103895075911733e-03 2.121964711065323783e-05 1.850593929515211532e-03 1.661523441445667709e-04 2.178851345170460321e-02 1.564615404125397962e-04 2.252701550160085553e-02 1.562901402131077627e-04
1.780529516857902935e-08 4.500708556089554314e-12 3.232047998775422980e-04 -5.177959839021215468e-10 -2.304117590466582919e-07 -3.332504663529466257e-05 -2.446033121657576809e-09 -5.132623220305959258e-07 6.025604400275481452e-10 2.116479284757939072e-10 2.766436860639967626e-11 -6.065745928879416493e-10 6.925374417994829670e-06 2.150562611664971742e-07 6.707581388286418036e-06 3.493864757460366613e-07 1.903964019343492114e-05 1.472306342582989112e-07 1.283990943003630996e-05 1.152835672700122933e-06 1.511666697182595235e-04 1.085597100863008513e-06 1.562901402131077627e-04 1.084407857619499955e-06
