1.087851760550585637e-10 4.594280863839289808e-14 1.683675920707547342e-06 -3.163180434458007863e-12 -1.407735346964495830e-09 -1.923796876977471844e-07 -1.491887276868780232e-11 -2.251023239482752700e-09 6.150873092627635050e-12 2.160485824114514695e-12 2.823955052857590024e-13 -6.191862354305826455e-12 4.232019751184146058e-08 1.314160055017696987e-09 4.098942558761847006e-08 2.134855942155898528e-09 1.163489603683278755e-07 8.996739340108671527e-10 7.845999003734748846e-08 7.043235672555748329e-09 9.241081563852968802e-07 6.632425261090121474e-09 9.554380759403579153e-07 6.625159382879105137e-09
4.594280863839289808e-14 8.931944381063626990e-12 7.110601227044656068e-10 -1.335893351089126302e-15 -5.945232430047074707e-13 1.710982180646114594e-08 5.241796556479578134e-13 7.732076369710362297e-11 1.195818409595879942e-09 4.200295930741401081e-10 5.490175767284112321e-11 -1.203787313029975247e-09 3.540676142342133769e-09 1.278367115455193998e-10 3.474936460256849863e-09 1.315746410241249308e-10 1.003748561956452392e-08 7.512095322493688704e-11 3.313569402352821915e-11 2.974541572976425079e-12 3.902749044456184040e-10 2.801045653724777312e-12 4.035063441598484598e-10 2.797977084418334280e-12
1.683675920707547342e-06 7.110601227044656068e-10 2.605838880983001038e-02 -4.895672728512301805e-08 -2.178761956937986689e-05 -2.977471018229840144e-03 -2.309003263375110520e-07 -3.483924938291981497e-05 9.519750111046837561e-08 3.343799302918713984e-08 4.370655355597682628e-09 -9.583189481820735072e-08 6.549928105774740312e-04 2.033934503541294319e-05 6.343963603101097264e-04 3.304131051377950858e-05 1.800741333512194441e-03 1.392431571285608695e-05 1.214332127794818823e-03 1.090086330241192585e-04 1.430254387836841015e-02 1.026504907707275930e-04 1.478744216844277669e-02 1.025380362615537367e-04
-3.163180434458007863e-12 -1.335893351089126302e-15 -4.895672728512301805e-08 9.197688682454428544e-14 4.093316072795465285e-11 5.593891886354461958e-09 4.338010355635332522e-13 6.545369777311668141e-11 -1.788508519697873476e-13 -6.282111898698944773e-14 -8.211302031854000978e-15 1.800427095330449448e-13 -1.230557312809414466e-09 -3.821225053383497635e-11 -1.191862039169132071e-09 -6.207588849342116955e-11 -3.383114484469941357e-09 -2.616010376911468036e-11 -2.281402370709210607e-09 -2.047984250237911831e-10 -2.687043994737885540e-08 -1.928531633979484326e-10 -2.778142252065743928e-08 -1.926418911809612227e-10
-1.407735346964495830e-09 -5.945232430047074707e-13 -2.178761956937986689e-05 4.093316072795465285e-11 1.821680933128401447e-08 2.489490851823728109e-06 1.930577849791347416e-10 2.912938219524257829e-08 -7.959541714363594469e-11 -2.795778222303617762e-11 -3.654341051162682481e-12 8.012583897751523492e-11 -5.476448137522981235e-07 -1.700589772686209055e-08 -5.304239501034401825e-07 -2.762611884609512618e-08 -1.505614544131870602e-06 -1.164223704070477252e-08 -1.015312007659335613e-06 -9.114304262056870086e-08 -1.195842584209236055e-05 -8.582694756997046652e-08 -1.236385076849068411e-05 -8.573292342090189740e-08
-1.923796876977471844e-07 1.710982180646114594e-08 -2.977471018229840144e-03 5.593891886354461958e-09 2.489490851823728109e-06 3.732991208200249424e-04 2.740410840082665442e-08 4.131438660809337445e-06 2.290681519228893633e-06 8.045987717804578322e-07 1.051685108838772290e-07 -2.305946557651526338e-06 -6.806031079249774424e-05 -2.079033286989363875e-06 -6.583237064266487778e-05 -3.523855323967414201e-06 -1.865313846524143380e-04 -1.447164394976325857e-06 -1.387512802912135791e-04 -1.245552091659853092e-05 -1.634216180186209887e-03 -1.172902879210945455e-05 -1.689620614722361523e-03 -1.171617954604748623e-05
-1.491887276868780232e-11 5.241796556479578134e-13 -2.309003263375110520e-07 4.338010355635332522e-13 1.930577849791347416e-10 2.740410840082665442e-08 2.077491361457560825e-12 3.133554907006110818e-10 7.017774073417690714e-11 2.464983667255864469e-11 3.221961912972188893e-12 -7.064540448530064149e-11 -5.594595293862287436e-09 -1.726653799203590299e-10 -5.415963315916872594e-09 -2.850147791760294425e-10 -1.536295101863354454e-08 -1.189429285111062818e-10 -1.076004622565810853e-08 -9.659143277058413325e-10 -1.267323785567307954e-07 -9.095755113914798474e-10 -1.310289622529732414e-07 -9.085790638856179891e-10
-2.251023239482752700e-09 7.732076369710362297e-11 -3.483924938291981497e-05 6.545369777311668141e-11 2.912938219524257829e-08 4.131438660809337445e-06 3.133554907006110818e-10 4.726490985494667102e-08 1.035178745967488466e-08 3.636051571812463394e-09 4.752656024518409843e-10 -1.042077210149512196e-08 -8.448345404106289533e-07 -2.607770367853985134e-08 -8.178688729826720274e-07 -4.303012857580976487e-08 -2.320006913935556154e-06 -1.796142323121088810e-08 -1.623523412501643204e-06 -1.457412428813580696e-07 -1.912199679477550023e-05 -1.372406013372905972e-07 -1.977028752245732886e-05 -1.370902530893355160e-07
6.150873092627635050e-12 1.195818409595879942e-09 9.519750111046837561e-08 -1.788508519697873476e-13 -7.959541714363594469e-11 2.290681519228893633e-06 7.017774073417690714e-11 1.035178745967488466e-08 1.600974676782386377e-07 5.623401739516021396e-08 7.350306883855803353e-09 -1.611643514274412297e-07 4.740295670007199064e-07 1.711491764068165732e-08 4.652282670122786998e-07 1.761535569522747737e-08 1.343829474112140950e-06 1.005727472548335700e-08 4.436242686178042343e-09 3.982348547188327234e-10 5.225042788929202498e-08 3.750070327149426709e-10 5.402186740277659354e-08 3.745962093251867289e-10
2.160485824114514695e-12 4.200295930741401081e-10 3.343799302918713984e-08 -6.282111898698944773e-14 -2.795778222303617762e-11 8.045987717804578322e-07 2.464983667255864469e-11 3.636051571812463394e-09 5.623401739516021396e-08 1.975212269378027497e-08 2.581785342002823836e-09 -5.660876034965765285e-08 1.665022405489256188e-07 6.011591650598103725e-09 1.634107958656514237e-07 6.187369839389697890e-09 4.720182755694116554e-07 3.532604128179646348e-09 1.558224220853956659e-09 1.398794521373694510e-10 1.835289184232544647e-08 1.317207111898546899e-10 1.897510756545789787e-08 1.315764100318838657e-10
2.823955052857590024e-13 5.490175767284112321e-11 4.370655355597682628e-09 -8.211302031854000978e-15 -3.654341051162682481e-12 1.051685108838772290e-07 3.221961912972188893e-12 4.752656024518409843e-10 7.350306883855803353e-09 2.581785342002823836e-09 3.374632528165766550e-10 -7.399289199094236556e-09 2.176338485769311601e-08 7.857706990736057757e-10 2.135930440838061079e-08 8.087465361568323482e-10 6.169716005736420576e-08 4.617440733632922631e-10 2.036743362691916631e-10 1.828353980548152412e-11 2.398892929349493377e-09 1.721711680623653734e-11 2.480222286700921657e-09 1.719825530852920185e-11
-6.191862354305826455e-12 -1.203787313029975247e-09 -9.583189481820735072e-08 1.800427095330449448e-13 8.012583897751523492e-11 -2.305946557651526338e-06 -7.064540448530064149e-11 -1.042077210149512196e-08 -1.611643514274412297e-07 -5.660876034965765285e-08 -7.399289199094236556e-09 1.622383480258831746e-07 -4.771884850371266289e-07 -1.722897114894947883e-08 -4.683285333885833371e-07 -1.773274411306902373e-08 -1.352784713137104053e-06 -1.012429621923114885e-08 -4.465805693277671268e-09 -4.008886816769043899e-10 -5.259862335711331477e-08 -3.775060700588305230e-10 -5.438186769566596670e-08 -3.770925089524600764e-10
4.232019751184146058e-08 3.540676142342133769e-09 6.549928105774740312e-04 -1.230557312809414466e-09 -5.476448137522981235e-07 -6.806031079249774424e-05 -5.594595293862287436e-09 -8.448345404106289533e-07 4.740295670007199064e-07 1.665022405489256188e-07 2.176338485769311601e-08 -4.771884850371266289e-07 1.785304682901355373e-05 5.614422740914406680e-07 1.730963629866935974e-05 8.820513660200210720e-07 4.920216574696977956e-05 3.794742918909974485e-07 3.052293717194594000e-05 2.739997470353312218e-06 3.595018847094010885e-04 2.580181780924070023e-06 3.716900365721616814e-04 2.577355169720783948e-06
1.314160055017696987e-09 1.278367115455193998e-10 2.033934503541294319e-05 -3.821225053383497635e-11 -1.700589772686209055e-08 -2.079033286989363875e-06 -1.726653799203590299e-10 -2.607770367853985134e-08 1.711491764068165732e-08 6.011591650598103725e-09 7.857706990736057757e-10 -1.722897114894947883e-08 5.614422740914406680e-07 1.768926844652369157e-08 5.444373244627798429e-07 2.765186767060893039e-08 1.547868917208973661e-06 1.193342620729152621e-08 9.478217271189074291e-07 8.508456747713176809e-08 1.116351221588763789e-05 8.012184510569838402e-08 1.154198710501442488e-05 8.003407094938706163e-08
4.098942558761847006e-08 3.474936460256849863e-09 6.343963603101097264e-04 -1.191862039169132071e-09 -5.304239501034401825e-07 -6.583237064266487778e-05 -5.415963315916872594e-09 -8.178688729826720274e-07 4.652282670122786998e-07 1.634107958656514237e-07 2.135930440838061079e-08 -4.683285333885833371e-07 1.730963629866935974e-05 5.444373244627798429e-07 1.678298074816060435e-05 8.549820745956458004e-07 4.770597931878958043e-05 3.679231599325309172e-07 2.956313417107868458e-05 2.653837380180485752e-06 3.481972507599385438e-04 2.499047145312084572e-06 3.600021431735713601e-04 2.496309417788891646e-06
2.134855942155898528e-09 1.315746410241249308e-10 3.304131051377950858e-05 -6.207588849342116955e-11 -2.762611884609512618e-08 -3.523855323967414201e-06 -2.850147791760294425e-10 -4.303012857580976487e-08 1.761535569522747737e-08 6.187369839389697890e-09 8.087465361568323482e-10 -1.773274411306902373e-08 8.820513660200210720e-07 2.765186767060893039e-08 8.549820745956458004e-07 4.380723976682695729e-08 2.429419819266271567e-06 1.874911457727509349e-08 1.539738443072885768e-06 1.382200712050126474e-07 1.813514751445417865e-05 1.301581176505063158e-07 1.874998066210384581e-05 1.300155283373968069e-07
1.163489603683278755e-07 1.003748561956452392e-08 1.800741333512194441e-03 -3.383114484469941357e-09 -1.505614544131870602e-06 -1.865313846524143380e-04 -1.536295101863354454e-08 -2.320006913935556154e-06 1.343829474112140950e-06 4.720182755694116554e-07 6.169716005736420576e-08 -1.352784713137104053e-06 4.920216574696977956e-05 1.547868917208973661e-06 4.770597931878958043e-05 2.429419819266271567e-06 1.356083738097801201e-04 1.045808823486007320e-06 8.391529190169983170e-05 7.532948375450393835e-06 9.883616016213322801e-04 7.093574498319430281e-06 1.021869908409738610e-03 7.085803426929572419e-06
8.996739340108671527e-10 7.512095322493688704e-11 1.392431571285608695e-05 -2.616010376911468036e-11 -1.164223704070477252e-08 -1.447164394976325857e-06 -1.189429285111062818e-10 -1.796142323121088810e-08 1.005727472548335700e-08 3.532604128179646348e-09 4.617440733632922631e-10 -1.012429621923114885e-08 3.794742918909974485e-07 1.193342620729152621e-08 3.679231599325309172e-07 1.874911457727509349e-08 1.045808823486007320e-06 8.065894813088337001e-09 6.488787805103237378e-07 5.824889115235184178e-08 7.642542540189334560e-06 5.485141155607188350e-08 7.901646562349766163e-06 5.479132137155019878e-08
7.845999003734748846e-08 3.313569402352821915e-11 1.214332127794818823e-03 -2.281402370709210607e-09 -1.015312007659335613e-06 -1.387512802912135791e-04 -1.076004622565810853e-08 -1.623523412501643204e-06 4.436242686178042343e-09 1.558224220853956659e-09 2.036743362691916631e-10 -4.465805693277671268e-09 3.052293717194594000e-05 9.478217271189074291e-07 2.956313417107868458e-05 1.539738443072885768e-06 8.391529190169983170e-05 6.488787805103237378e-07 5.658841437426688145e-05 5.079846294101555497e-06 6.665061017182567337e-04 4.783554244035191538e-06 6.891026478697231776e-04 4.778313817846551931e-06
7.043235672555748329e-09 2.974541572976425079e-12 1.090086330241192585e-04 -2.047984250237911831e-10 -9.114304262056870086e-08 -1.245552091659853092e-05 -9.659143277058413325e-10 -1.457412428813580696e-07 3.982348547188327234e-10 1.398794521373694510e-10 1.828353980548152412e-11 -4.008886816769043899e-10 2.739997470353312218e-06 8.508456747713176809e-08 2.653837380180485752e-06 1.382200712050126474e-07 7.532948375450393835e-06 5.824889115235184178e-08 5.079846294101555497e-06 4.560104181294325099e-07 5.983077606028768268e-05 4.294127271036183585e-07 6.185920951112659251e-05 4.289423018539393996e-07
9.241081563852968802e-07 3.902749044456184040e-10 1.430254387836841015e-02 -2.687043994737885540e-08 -1.195842584209236055e-05 -1.634216180186209887e-03 -1.267323785567307954e-07 -1.912199679477550023e-05 5.225042788929202498e-08 1.835289184232544647e-08 2.398892929349493377e-09 -5.259862335711331477e-08 3.595018847094010885e-04 1.116351221588763789e-05 3.481972507599385438e-04 1.813514751445417865e-05 9.883616016213322801e-04 7.642542540189334560e-06 6.665061017182567337e-04 5.983077606028768268e-05 7.850301949303438442e-03 5.634102354352895785e-05 8.116453067166289059e-03 5.627930139066094424e-05
6.632425261090121474e-09 2.801045653724777312e-12 1.026504907707275930e-04 -1.928531633979484326e-10 -8.582694756997046652e-08 -1.172902879210945455e-05 -9.095755113914798474e-10 -1.372406013372905972e-07 3.750070327149426709e-10 1.317207111898546899e-10 1.721711680623653734e-11 -3.775060700588305230e-10 2.580181780924070023e-06 8.012184510569838402e-08 2.499047145312084572e-06 1.301581176505063158e-07 7.093574498319430281e-06 5.485141155607188350e-08 4.783554244035191538e-06 4.294127271036183585e-07 5.634102354352895785e-05 4.043663981354075576e-07 5.825114435059302437e-05 4.039234113522255405e-07
9.554380759403579153e-07 4.035063441598484598e-10 1.478744216844277669e-02 -2.778142252065743928e-08 -1.236385076849068411e-05 -1.689620614722361523e-03 -1.310289622529732414e-07 -1.977028752245732886e-05 5.402186740277659354e-08 1.897510756545789787e-08 2.480222286700921657e-09 -5.438186769566596670e-08 3.716900365721616814e-04 1.154198710501442488e-05 3.600021431735713601e-04 1.874998066210384581e-05 1.021869908409738610e-03 7.901646562349766163e-06 6.891026478697231776e-04 6.185920951112659251e-05 8.116453067166289059e-03 5.825114435059302437e-05 8.391627644470444486e-03 5.818732963987571587e-05
6.625159382879105137e-09 2.797977084418334280e-12 1.025380362615537367e-04 -1.926418911809612227e-10 -8.573292342090189740e-08 -1.171617954604748623e-05 -9.085790638856179891e-10 -1.370902530893355160e-07 3.745962093251867289e-10 1.315764100318838657e-10 1.719825530852920185e-11 -3.770925089524600764e-10 2.577355169720783948e-06 8.003407094938706163e-08 2.496309417788891646e-06 1.300155283373968069e-07 7.085803426929572419e-06 5.479132137155019878e-08 4.778313817846551931e-06 4.289423018539393996e-07 5.627930139066094424e-05 4.039234113522255405e-07 5.818732963987571587e-05 4.034809098648192353e-07
