4.180938374169674821e-06 4.176023430638862732e-06 9.844805738774996457e-05 4.097240546481767607e-06 9.938612708151696776e-05 4.786029045862069277e-06 -6.078608029464397088e-05 -5.980275777068641704e-05 -6.624800916549818759e-05 -6.301211044163770002e-05 4.171813138159052915e-06 7.432189181728424154e-05 1.616375016051490094e-05 6.177436734905554505e-04 2.173998092096263678e-03 -2.803263796391510746e-04 3.962944616933596341e-05 9.698711512097661961e-05 -1.487392317338596406e-04 4.222297456338737080e-05 -8.572742516571727671e-05 -9.253015069612916953e-05 3.478786052179489666e-03 -8.482772432034929935e-03 3.917861857090418733e-04 -4.347154450878134083e-04 1.419576972928157353e-06 1.085452578867880211e-10 -1.855664274177697682e-05 -1.297054346894227955e-06 -3.078612330240712267e-09 -1.257163258171572172e-04 1.461799087372029758e-09 -4.712691378343710258e-08 -1.192635693162583591e-07 -3.116326637182214240e-06 -2.431319158728021435e-09 1.232341462026951469e-07 -5.427277349365246539e-08 2.339648940108737625e-07 7.804522508575782822e-11 -4.835660133894820938e-05 -5.994485018305677911e-07 2.111229326622961422e-07 -9.410764137912622515e-07 5.174730855634552608e-06 -8.479101592614151941e-07 -1.579903959050670410e-05 -1.220093617371021190e-06 1.575436206177466987e-06 3.683299434512675710e-07 1.433284994754191076e-05
4.176023430638862732e-06 4.172403441333871749e-06 9.847633661114276501e-05 4.098878187422530965e-06 9.934331324733459328e-05 4.827000524345461864e-06 -6.077138818199070665e-05 -5.971593530500239957e-05 -6.616106493756014986e-05 -6.296473243587673546e-05 4.168141549731654150e-06 7.409942872821190468e-05 1.611063987465074235e-05 6.175003535815679892e-04 2.173069042290080854e-03 -2.801454481530904115e-04 4.016048832273918032e-05 9.721691292185822544e-05 -1.487990625792527568e-04 4.212752835263869057e-05 -8.589548567855802980e-05 -9.275371585091895859e-05 3.477538371813972042e-03 -8.479243783592816525e-03 3.917331827787447337e-04 -4.371221106151789836e-04 1.409011284093754518e-06 1.021640330906785059e-10 -1.816527722945700799e-05 -6.917763074929376151e-07 -3.265336090751593232e-09 -1.272510483092214424e-04 1.362901676912579338e-09 -5.112538228129837674e-08 -1.185376864942524183e-07 -2.977596406367097270e-06 -2.355010585938240920e-09 1.197005746389712259e-07 -5.427568881143877876e-08 2.340592418514900271e-07 7.794927182531627558e-11 -4.829941443796226686e-05 -6.032813852649686689e-07 2.053653630806710005e-07 -9.096692537391086767e-07 1.480777795151546791e-06 -8.541949669115774559e-07 -1.555361664661997483e-05 -1.180060949011045357e-06 1.574457975311836494e-06 3.684908093269959668e-07 1.432615915897312865e-05
9.844805738774996457e-05 9.847633661114276501e-05 2.566704763563109823e-03 9.871067364785587666e-05 2.587450185569546961e-03 3.119953116150348525e-04 -1.351977758631191153e-03 -1.293143989104717905e-03 -1.606089550658067102e-03 -1.493834765991605956e-03 9.843779512724280822e-05 1.258936748972423574e-03 2.256785185007985470e-04 1.475744194751305201e-02 5.216694975551211533e-02 -6.907635900034951593e-03 2.973033690022473113e-03 3.441605404736321205e-03 -4.143984073458913293e-03 7.362231012121254201e-04 -2.949033598004680273e-03 -3.130068989624811525e-03 8.620020364881983421e-02 -2.048365938856867019e-01 1.016968544074472146e-02 -2.025732897069064398e-02 1.625873620148492912e-06 1.352948774498977519e-09 -2.433753456602445883e-04 -3.976026146154455933e-05 -7.802362406796753534e-09 -8.796524946124307381e-03 2.928145706173739864e-08 -1.168687275174576276e-06 -2.574757583873689367e-06 1.106152875036785221e-04 9.115986711488019110e-08 -4.263503258111451418e-06 -4.345804203264576740e-07 1.970811856234676049e-06 7.800215295344072812e-11 -1.163723907653465596e-03 -2.962442073700715723e-05 -2.781234907040590073e-06 1.058535929239166342e-05 -9.869496336696297208e-05 1.095252780374234975e-05 -9.205986305323800084e-05 1.076522196637018657e-05 3.729894627310663982e-05 1.015400163353376882e-05 3.403719622037552689e-04
4.097240546481767607e-06 4.098878187422530965e-06 9.871067364785587666e-05 5.456422097283329955e-06 9.222448695210240998e-05 -8.229090783725630083e-06 -6.197086642009897372e-05 -7.808186426756958006e-05 -6.384835521508903499e-05 -6.433159661855550814e-05 4.087469756494776741e-06 7.914644317580634618e-05 1.849535411736308267e-05 6.053190363779962059e-04 2.145981692004656632e-03 -2.895572287311659176e-04 1.877057845246454896e-05 8.861412283819522506e-05 -1.453488111116799694e-04 4.477849377095239285e-05 -8.057372840034466828e-05 -7.997700532079519281e-05 3.472984250012561142e-03 -8.394043131352255799e-03 3.914917206833864452e-04 -3.395991037193451774e-04 6.960696615445107359e-07 6.388767676198627036e-12 -1.125258342227261571e-05 -1.628177882191242712e-05 2.501466459229426826e-08 -3.817877631774232983e-04 7.897872623744717183e-09 -2.079379335610294808e-07 1.262141111027329205e-06 8.239598818796719116e-05 -2.038954079573584934e-09 1.376316130305439256e-07 -1.304766810735346014e-07 5.606618887533663619e-07 2.518422688974156107e-10 -3.695172705819528460e-05 2.370212823629627558e-07 6.521744484975898070e-08 -3.296931279985347925e-07 -8.041882977140576562e-06 -3.438070943418374038e-07 -2.815625345762954467e-05 -7.721967724385104749e-07 1.582592411373822953e-06 3.554360323160239336e-07 1.413092952090769494e-05
9.938612708151696776e-05 9.934331324733459328e-05 2.587450185569546961e-03 9.222448695210240998e-05 2.659667666068515120e-03 4.008133822854543496e-04 -1.323331256513146734e-03 -1.194170624147186666e-03 -1.634021285077135333e-03 -1.484978508656644661e-03 9.935898170633588559e-05 1.161896621984773517e-03 1.881969650682868255e-04 1.488657365006186041e-02 5.251886498124370278e-02 -6.868274353894067430e-03 3.361203883636750683e-03 3.634515117956811474e-03 -4.241633923148776901e-03 6.882359126743224425e-04 -3.091354630822188906e-03 -3.334685293220802232e-03 8.673885108955387002e-02 -2.061805728891568101e-01 1.027693059154384872e-02 -2.210683898030161437e-02 7.701215333529803532e-06 2.926883354803798428e-09 -2.894732655578094644e-04 8.314845272608417139e-05 -1.089239845790120008e-07 -8.715741423808279209e-03 -4.356196055548207970e-08 8.704012703243724449e-07 -8.752941843099620327e-06 -2.641674611942902706e-04 9.234462015250025719e-08 -4.549725585200927851e-06 6.474063300705991636e-08 -1.843900988299658258e-07 -1.004695842741832138e-09 -1.203552160087614700e-03 -3.542050067566895015e-05 -1.634738050021543177e-06 5.913626576850875368e-06 1.753580271815838987e-05 6.830840598372070219e-06 -2.682632616618764953e-05 6.479004297702151301e-06 3.727718892024147970e-05 1.042071708704291817e-05 3.424503379691244231e-04
4.786029045862069277e-06 4.827000524345461864e-06 3.119953116150348525e-04 -8.229090783725630083e-06 4.008133822854543496e-04 5.600075013326696665e-04 2.805999636055609868e-04 5.095182263109001783e-04 -1.640629572019289685e-04 1.005795054286000149e-04 5.128921066610095075e-06 -1.288952396331901002e-03 -3.581968801695649689e-04 1.161034388015585832e-03 3.153566572866609626e-03 3.669316652051762351e-04 4.339167294865392197e-03 2.177561559260480107e-03 -1.092925140800821756e-03 -5.498527835774518185e-04 -1.624365499744649752e-03 -2.234554807708882557e-03 5.572933627770628416e-03 -1.238209844284900336e-02 1.210439727235861811e-03 -2.069796019304599721e-02 3.375698188397015272e-06 6.739381906978496966e-09 2.521469968435913634e-04 -1.485629114252009413e-05 -4.231092302933244864e-07 -1.482013325233860236e-02 7.417352148135153502e-08 -2.891000707366402799e-06 -1.798376840815547485e-05 -7.142251710498892861e-04 5.245919621622188642e-07 -2.522510696039105473e-05 5.620117626036783226e-06 -2.343348070362221618e-05 -1.205887304165936158e-08 4.312847381899754412e-05 -5.576216216377111889e-05 -2.133477170953993272e-06 8.640253916061299991e-06 -1.663576519420829263e-04 6.391688477443394388e-06 6.983263560847329703e-04 2.111008240019905636e-05 -5.491472327557653408e-07 2.918397775492171838e-06 1.744035967270497891e-05
-6.078608029464397088e-05 -6.077138818199070665e-05 -1.351977758631191153e-03 -6.197086642009897372e-05 -1.323331256513146734e-03 2.805999636055609868e-04 1.269117785474672012e-03 1.207107958761167695e-03 8.741733219040943165e-04 1.078141240061561684e-03 -6.047359722819854489e-05 -2.183357321183299928e-03 -5.168745691898332445e-04 -8.706573290124445738e-03 -3.154740848601220865e-02 4.816563470425262380e-03 2.605400235651776641e-03 5.705516899978321788e-05 1.557996497345343154e-03 -1.070350602911457815e-03 1.882668110130946565e-04 -2.436058413748587101e-04 -5.087890908781603216e-02 1.234361543582683657e-01 -5.356553642235551208e-03 -8.486819166276063711e-03 -2.015280662358310550e-06 1.098712050670112224e-08 4.781001459515693726e-04 -8.897514129837979699e-05 2.542520646218605803e-07 -1.320628940859503407e-02 7.546453495616317477e-08 -2.603247064135213945e-06 -4.025324513859577196e-06 -6.126415233555454563e-06 4.952446605837379928e-07 -2.362196176206164975e-05 5.518242555174510231e-06 -2.306145845141041492e-05 -1.113790267980857150e-08 9.755174878154423013e-04 -3.083812916860083554e-05 -1.236797085170904009e-06 5.563203243080532039e-06 -1.423832564456546104e-04 1.889337749295829952e-06 6.578521978829743322e-04 1.570322994446084018e-05 -2.523260469897565440e-05 -3.634426638082008195e-06 -2.098471186409381502e-04
-5.980275777068641704e-05 -5.971593530500239957e-05 -1.293143989104717905e-03 -7.808186426756958006e-05 -1.194170624147186666e-03 5.095182263109001783e-04 1.207107958761167695e-03 1.799105157387110784e-03 8.960097500665563028e-04 1.115699941694883041e-03 -5.933036274496430453e-05 -2.437024432365556860e-03 -5.832743788366750830e-04 -8.309589903608255099e-03 -3.056739195967431502e-02 5.032278427144184010e-03 3.462873300517728316e-03 4.470894137469168424e-04 1.374912584481352909e-03 -1.175209262590921639e-03 -8.055816483204633789e-05 -7.258215042738975706e-04 -5.007001536222020766e-02 1.200322961381325437e-01 -5.216149582813666905e-03 -1.249628645507621337e-02 -7.385687268371450468e-06 3.535208562559686451e-09 6.225631364523136636e-04 5.028705495586594995e-05 -6.852322598479754213e-07 -3.916501516058558049e-03 3.635420362151965408e-08 -1.605561057600368491e-06 -2.253154866837044659e-05 -1.089360871624908906e-03 5.452786788109980929e-07 -2.654508432613039253e-05 6.974619276515898270e-06 -2.922215685347861639e-05 -1.442156316516189364e-08 7.341261080893877935e-04 -5.076584616937238986e-05 -3.347978341678515806e-06 1.413726402463490550e-05 -6.408326631833315265e-05 1.356976876340698277e-05 1.022490805419022739e-03 3.282956495438886057e-05 -2.536875766898713926e-05 -3.066986501327579486e-06 -2.033548497375092974e-04
-6.624800916549818759e-05 -6.616106493756014986e-05 -1.606089550658067102e-03 -6.384835521508903499e-05 -1.634021285077135333e-03 -1.640629572019289685e-04 8.741733219040943165e-04 8.960097500665563028e-04 1.140340739453116247e-03 9.812878488388953983e-04 -6.615053446555442334e-05 -9.563297173248467772e-04 -1.812695779759474185e-04 -9.800797961248108869e-03 -3.446571393747304562e-02 4.420443704179993424e-03 -1.384594452489778344e-03 -1.928883983573841457e-03 2.546190121792328218e-03 -5.638478628352081457e-04 1.661983826166621783e-03 1.820957980525890300e-03 -5.575586043101238981e-02 1.347542595178346236e-01 -6.420791698410244913e-03 1.050864177670170901e-02 -2.134229070613210977e-05 -7.296862991735569113e-09 5.519322621830343844e-04 2.901450938148688113e-05 4.382516683734556742e-08 6.433723540135416127e-03 -4.768274401526753264e-08 1.731272057359164007e-06 3.843154578079168023e-06 9.490174076114742748e-05 -6.371571535746692035e-08 2.865866049320451980e-06 -8.576144382394122940e-08 2.291161192746586718e-07 7.534996337071076666e-10 7.098663804510119179e-04 1.717440226665161462e-05 -3.192676868589272238e-06 1.434177931744525461e-05 1.019753776774161512e-05 1.487862009426311680e-05 1.776758911431287132e-04 1.820960905431711317e-05 -2.464795084777872763e-05 -6.299692720526789132e-06 -2.262274118120499971e-04
-6.301211044163770002e-05 -6.296473243587673546e-05 -1.493834765991605956e-03 -6.433159661855550814e-05 -1.484978508656644661e-03 1.005795054286000149e-04 1.078141240061561684e-03 1.115699941694883041e-03 9.812878488388953983e-04 1.057630825432212323e-03 -6.278245085900272958e-05 -1.685516511947916535e-03 -3.800637904364763463e-04 -9.125227384775601649e-03 -3.280787647991701556e-02 4.799735078950575530e-03 8.553618167867959796e-04 -8.577750794077817478e-04 2.037051221607505142e-03 -8.511660470107394738e-04 8.875856745678689912e-04 6.372746854834071897e-04 -5.370937798738324720e-02 1.286887755433709646e-01 -5.955685538338304982e-03 -5.567535961603295447e-05 -5.160490043869376365e-06 2.287075946939313733e-09 3.977798889054989188e-04 -4.062197373921782781e-05 -1.595524865178520560e-07 -5.124181634594850848e-03 3.485636837117342026e-08 -1.170739453488905658e-06 -2.657751006720552011e-06 -8.452876652737719028e-05 2.738164898637904571e-07 -1.313462874701142540e-05 3.463671010091887037e-06 -1.451515940243766814e-05 -6.810216122441116038e-09 8.477166431780423870e-04 -1.289139682089144272e-05 -9.817823159614541555e-07 4.580948500958226152e-06 -7.298432284046394792e-05 3.067478974271823910e-06 4.737674618535300764e-04 1.248123164394262543e-05 -2.520516933397082271e-05 -4.855698715032016622e-06 -2.163261324521841239e-04
4.171813138159052915e-06 4.168141549731654150e-06 9.843779512724280822e-05 4.087469756494776741e-06 9.935898170633588559e-05 5.128921066610095075e-06 -6.047359722819854489e-05 -5.933036274496430453e-05 -6.615053446555442334e-05 -6.278245085900272958e-05 4.293468686863043322e-06 7.278431384313785197e-05 1.783826886519299560e-05 6.170501458690174496e-04 2.170857798773277985e-03 -2.793420981166766992e-04 4.249615213906413812e-05 9.822374601785572419e-05 -1.491083767334390508e-04 4.174357582971292211e-05 -8.661078441249582668e-05 -9.383849039112707093e-05 3.473889219658119355e-03 -8.470455137775417809e-03 3.916152585181289928e-04 -4.477588436590156182e-04 1.422686083582267145e-06 1.085626263816547643e-10 -1.808416450641936961e-05 -7.337808146477954835e-07 -3.448586142754418537e-09 -1.365289028081164780e-04 1.469883501036958552e-09 -5.381141276821008302e-08 -1.285306521482002026e-07 -3.367749169045807456e-06 8.186830248813192017e-06 3.877200505769137199e-07 -3.949761311250033767e-06 -2.160567260933768847e-07 1.079846156842160261e-09 -5.198187451232577752e-05 -8.528738756866569078e-07 2.069325242350501188e-07 -9.160513367742207009e-07 1.408882741587078473e-06 -8.630639943324969433e-07 2.889355604661632639e-04 4.218520569943315928e-06 1.571146926035334671e-06 3.694082597656863462e-07 1.431004297926276269e-05
7.432189181728424154e-05 7.409942872821190468e-05 1.258936748972423574e-03 7.914644317580634618e-05 1.161896621984773517e-03 -1.288952396331901002e-03 -2.183357321183299928e-03 -2.437024432365556860e-03 -9.563297173248467772e-04 -1.685516511947916535e-03 7.278431384313785197e-05 6.074931274636452029e-03 1.453148179304517874e-03 9.574074731352648707e-03 3.692136988074987136e-02 -7.430302332773596613e-03 -1.185065501728475856e-02 -4.197126741279024950e-03 -7.999988134883492807e-05 2.513191363897790929e-03 2.794854652995191601e-03 4.633107716215861815e-03 5.938349585536529390e-02 -1.447687013552771407e-01 5.122027982392364856e-03 5.105335771429992536e-02 2.049689266812686466e-06 -1.987681089754167631e-08 -1.358359573011699243e-03 3.773774812628665561e-04 6.788839359643550923e-07 5.135351341365627237e-02 -3.093642589108913430e-07 1.091094278709620378e-05 1.923948129278846706e-05 7.825350536580574637e-05 -3.242152700565324871e-05 8.233741221517736487e-05 -9.574801808368847269e-06 7.608500185666193332e-05 -2.561334251601970083e-05 -1.580797271090144361e-03 1.469143536580874308e-04 7.566156952386854549e-06 -3.151408580604870516e-05 6.118224627543326129e-04 -2.329815008342637887e-05 -3.170355321766500298e-03 -8.786072190086008317e-05 3.566730384677968243e-05 -5.767156304718253784e-07 2.517470527451696419e-04
1.616375016051490094e-05 1.611063987465074235e-05 2.256785185007985470e-04 1.849535411736308267e-05 1.881969650682868255e-04 -3.581968801695649689e-04 -5.168745691898332445e-04 -5.832743788366750830e-04 -1.812695779759474185e-04 -3.800637904364763463e-04 1.783826886519299560e-05 1.453148179304517874e-03 4.665423162333209080e-04 2.054003529172064666e-03 7.945929353614156199e-03 -1.620119994314108205e-03 -3.251498030738325749e-03 -1.266259495571736907e-03 1.574683600786631931e-04 6.386800174395866440e-04 8.825909398036696106e-04 1.325122106191688881e-03 1.221521715338536040e-02 -3.090188657932264882e-02 9.072264190428838519e-04 1.434063685763905388e-02 3.224280614029364906e-06 -5.349536634721358956e-09 -2.513345064749013280e-04 4.726080888071428586e-05 2.109518232991101656e-07 1.382528628175436203e-02 -4.581161206361963445e-09 2.202766667978392303e-06 5.648927643230114963e-06 5.388050234059513194e-05 -4.102235677523352026e-06 1.481424069753244926e-05 -1.847135293536415193e-04 -1.190392674145183955e-06 -3.167118682251433191e-06 -1.000854164173392569e-03 2.148783298795113058e-05 2.307268729573997682e-06 -9.438154098961223836e-06 2.108438467185776849e-04 -6.195438127099225605e-06 4.073095683125380582e-03 6.322232968688114697e-05 7.978960815221679552e-06 -5.511733152345376918e-07 5.510952638742461245e-05
6.177436734905554505e-04 6.175003535815679892e-04 1.475744194751305201e-02 6.053190363779962059e-04 1.488657365006186041e-02 1.161034388015585832e-03 -8.706573290124445738e-03 -8.309589903608255099e-03 -9.800797961248108869e-03 -9.125227384775601649e-03 6.170501458690174496e-04 9.574074731352648707e-03 2.054003529172064666e-03 9.212721875743430655e-02 3.228785739706355185e-01 -4.052886900544795667e-02 9.977429720042459149e-03 1.624893430273375086e-02 -2.282130651816291489e-02 5.679102521188357337e-03 -1.404277381184946237e-02 -1.580456253088127067e-02 5.155109386173466479e-01 -1.259085466758104177e+00 5.848984001431405122e-02 -8.350694250540813268e-02 1.931302368455275272e-04 1.493126410105826474e-08 -1.955968588239008054e-03 -2.496237937491432141e-04 -1.013358776078777105e-06 -3.379729869126622821e-02 3.054188838014578258e-07 -1.126864891247484875e-05 -2.518403950662235379e-05 -5.326382472830977445e-04 1.675111690797291479e-07 -6.946153636421729697e-06 -3.210259719181761082e-06 1.464726786906141386e-05 1.147062250241183802e-09 -7.065695137060653934e-03 -1.416660776729333608e-04 2.375481407570967162e-05 -1.096062655484204997e-04 -9.033295999061121697e-05 -1.003517119207857392e-04 -1.540649794501601499e-03 -1.315587470058775005e-04 2.307147417689929092e-04 5.685518599683228559e-05 2.126810121469891249e-03
2.173998092096263678e-03 2.173069042290080854e-03 5.216694975551211533e-02 2.145981692004656632e-03 5.251886498124370278e-02 3.153566572866609626e-03 -3.154740848601220865e-02 -3.056739195967431502e-02 -3.446571393747304562e-02 -3.280787647991701556e-02 2.170857798773277985e-03 3.692136988074987136e-02 7.945929353614156199e-03 3.228785739706355185e-01 1.152489921624333835e+00 -1.466451654136735339e-01 2.754089240119686824e-02 5.148811896804697530e-02 -7.267620005710741238e-02 1.839771401083239305e-02 -4.945162908861956697e-02 1.282253544129999256e-02 1.705661329390588232e+00 -4.463820078077717746e+00 1.282322362522902992e-01 -2.103649673991329627e-01 5.704681882830762779e-04 3.276727428830911688e-08 -7.923183272681327480e-03 -5.369666046406573615e-04 -2.080842858574682931e-06 -8.049849811394833854e-02 7.130315090754005908e-07 -2.700110078937718793e-05 -6.027026214447440570e-05 -9.074489160085178873e-04 -7.913224206605653789e-07 4.114811396142647695e-05 -2.694064994734331013e-05 1.164189807262668486e-04 3.753952773451010814e-08 -2.553848432149564279e-02 -3.695155183353749490e-04 6.829341269740795025e-05 -3.177669110693121489e-04 1.099675924154353782e-05 -2.844826700827393683e-04 -6.842521420335203990e-03 -4.200492344332133234e-04 7.470421798121361628e-04 2.120687431466359337e-04 8.858972390759157350e-03
-2.803263796391510746e-04 -2.801454481530904115e-04 -6.907635900034951593e-03 -2.895572287311659176e-04 -6.868274353894067430e-03 3.669316652051762351e-04 4.816563470425262380e-03 5.032278427144184010e-03 4.420443704179993424e-03 4.799735078950575530e-03 -2.793420981166766992e-04 -7.430302332773596613e-03 -1.620119994314108205e-03 -4.052886900544795667e-02 -1.466451654136735339e-01 2.219150830101123892e-02 2.747353467205570360e-03 -4.605890998189665110e-03 9.599655789221653648e-03 -3.670862319954506028e-03 4.657380743953696417e-03 3.236090860640597477e-03 -2.444257247645932329e-01 5.773648827896924463e-01 -2.757578175615344601e-02 5.389027565721335455e-03 1.513014984718899451e-05 1.206443474589417006e-08 1.877676536631196725e-03 -2.115767404334095670e-04 -9.452717161707494256e-07 -2.144232958430520794e-02 2.049499841407314144e-07 -6.905719302647258257e-06 -1.550801669541478664e-05 -6.700138895441488550e-04 1.241927887249334275e-06 -5.945767507108844278e-05 1.635948337153448685e-05 -6.845116105542629155e-05 -3.243379329260983580e-08 3.845903166729098752e-03 -5.889720393258634189e-05 3.526092226884892322e-06 -1.381951105344791670e-05 -2.750916778211741744e-04 -1.877623252240053216e-05 2.057785377741681160e-03 2.008850227133432762e-05 -1.133723235936389973e-04 -2.262677513252706957e-05 -9.627272037784851072e-04
3.962944616933596341e-05 4.016048832273918032e-05 2.973033690022473113e-03 1.877057845246454896e-05 3.361203883636750683e-03 4.339167294865392197e-03 2.605400235651776641e-03 3.462873300517728316e-03 -1.384594452489778344e-03 8.553618167867959796e-04 4.249615213906413812e-05 -1.185065501728475856e-02 -3.251498030738325749e-03 9.977429720042459149e-03 2.754089240119686824e-02 2.747353467205570360e-03 3.974441605807652739e-02 2.011767630816624006e-02 -1.015628778002336703e-02 -5.049081757748848445e-03 -1.509971792193382303e-02 -2.030307805710792127e-02 5.248225695084380443e-02 -1.099780761292815517e-01 1.152222335580869138e-02 -1.899334042636193209e-01 -1.098917062870792931e-05 5.850654420291303831e-08 2.853021121180183365e-03 -8.875334710159938148e-04 -1.724638984798609487e-06 -1.584177077502727515e-01 7.763976543989993735e-07 -2.780427561235533960e-05 -6.351158155402808763e-05 -2.829855106702995333e-04 4.765431669415769235e-06 -2.274014074949615074e-04 4.608116332124702406e-05 -1.917259559678681101e-04 -9.794054941131323869e-08 1.231566356247811543e-03 -4.583379856537483032e-04 -2.854993389437111430e-05 1.175064222085424429e-04 -1.729450914325774162e-03 9.526111555715571734e-05 5.551522055044381086e-03 2.187047271134770791e-04 -4.812668844300660860e-06 2.679160309718034514e-05 1.480036333552365419e-04
9.698711512097661961e-05 9.721691292185822544e-05 3.441605404736321205e-03 8.861412283819522506e-05 3.634515117956811474e-03 2.177561559260480107e-03 5.705516899978321788e-05 4.470894137469168424e-04 -1.928883983573841457e-03 -8.577750794077817478e-04 9.822374601785572419e-05 -4.197126741279024950e-03 -1.266259495571736907e-03 1.624893430273375086e-02 5.148811896804697530e-02 -4.605890998189665110e-03 2.011767630816624006e-02 1.700666155467205065e-02 -1.460006918761505741e-02 -5.380645082754885282e-04 -8.289439891625269285e-03 -2.655420398218948791e-02 1.190828006947335094e-01 -2.106008645903199306e-01 4.592602898717181720e-03 -8.405449957855240517e-02 -1.053957702120710658e-05 2.738499349311239754e-08 9.847583259223492962e-04 -4.074213621990250460e-04 -6.417345837947336572e-07 -7.728858184593678793e-02 3.506339763338932746e-07 -1.267651692774657292e-05 -2.903178138206931189e-05 3.885285865704338985e-05 2.161492104066325773e-06 -1.030931740416081758e-04 1.970622186807844840e-05 -8.188650862650181874e-05 -4.251655269812256885e-08 -4.006653616772724684e-04 -2.243602514464838058e-04 -1.606830115944530177e-05 6.597548899008851041e-05 -8.331639006169868494e-04 5.562313726131701036e-05 2.353211992920808526e-03 1.098558517696799052e-04 8.264849301485010786e-05 -9.542494332577375658e-06 6.399072975372043989e-05
-1.487392317338596406e-04 -1.487990625792527568e-04 -4.143984073458913293e-03 -1.453488111116799694e-04 -4.241633923148776901e-03 -1.092925140800821756e-03 1.557996497345343154e-03 1.374912584481352909e-03 2.546190121792328218e-03 2.037051221607505142e-03 -1.491083767334390508e-04 -7.999988134883492807e-05 1.574683600786631931e-04 -2.282130651816291489e-02 -7.267620005710741238e-02 9.599655789221653648e-03 -1.015628778002336703e-02 -1.460006918761505741e-02 5.244981041154360424e-02 -2.737365774113927411e-02 1.208758775200318228e-02 4.557430582357489129e-02 -1.976445812482988951e-01 3.043914130762295778e-01 -5.931509532074456803e-02 7.382703690497968707e-02 -7.438798848672263676e-06 -1.239230680058858326e-08 2.046159662391275596e-05 1.806217861005214326e-04 2.207234822335397274e-07 3.664212245500327036e-02 -1.584428758783196787e-07 5.839544637869257170e-06 1.338089664174046695e-05 -1.005523601381950994e-04 -8.438512524741011401e-07 4.012320481344332034e-05 -6.383271694063860739e-06 2.633322961280923493e-05 1.476276778982814016e-08 1.471986315925643933e-03 1.104626587219560512e-04 6.639495327132411802e-06 -2.617649368393405295e-05 3.650054613614810346e-04 -2.275382757333362988e-05 -6.506344055787539361e-04 -3.967550362783948714e-05 -7.763556751934153413e-04 2.048523223662496845e-05 1.105060898634152491e-03
4.222297456338737080e-05 4.212752835263869057e-05 7.362231012121254201e-04 4.477849377095239285e-05 6.882359126743224425e-04 -5.498527835774518185e-04 -1.070350602911457815e-03 -1.175209262590921639e-03 -5.638478628352081457e-04 -8.511660470107394738e-04 4.174357582971292211e-05 2.513191363897790929e-03 6.386800174395866440e-04 5.679102521188357337e-03 1.839771401083239305e-02 -3.670862319954506028e-03 -5.049081757748848445e-03 -5.380645082754885282e-04 -2.737365774113927411e-02 1.964834529418396647e-02 -2.420737762522060313e-03 -1.177808307401947627e-02 5.538680482499240554e-02 -7.707976162382358665e-02 3.339999324472492370e-02 1.842407806570258832e-03 1.215863970086844971e-05 -7.752917616931163122e-09 -5.883977025841237440e-04 1.174532538548291407e-04 2.196999176128571152e-07 2.091113282867033268e-02 -9.849716086308619016e-08 3.489963451527943483e-06 7.993240922519662312e-06 3.615879531832197108e-05 -7.034633071953083335e-07 3.363771648549635646e-05 -7.265581178123126892e-06 3.032064514236769057e-05 1.501369120262094375e-08 -7.434719522375366494e-04 5.781010497581059337e-05 5.201097705010170847e-06 -2.212603217150220194e-05 2.462494012861372742e-04 -1.829190388697434037e-05 -9.462317893028335562e-04 -3.886687796492075255e-05 5.143116477431253480e-04 -1.454298773477972020e-05 -7.594319068039382271e-04
-8.572742516571727671e-05 -8.589548567855802980e-05 -2.949033598004680273e-03 -8.057372840034466828e-05 -3.091354630822188906e-03 -1.624365499744649752e-03 1.882668110130946565e-04 -8.055816483204633789e-05 1.661983826166621783e-03 8.875856745678689912e-04 -8.661078441249582668e-05 2.794854652995191601e-03 8.825909398036696106e-04 -1.404277381184946237e-02 -4.945162908861956697e-02 4.657380743953696417e-03 -1.509971792193382303e-02 -8.289439891625269285e-03 1.208758775200318228e-02 -2.420737762522060313e-03 7.812058747296633798e-02 1.391042856755772550e-03 -6.611089175537414320e-02 1.880293205455980388e-01 -1.670604190479735296e-01 2.374426263934447112e-01 1.609087890179066458e-05 -1.962194135969478403e-08 -6.320210924929598774e-04 2.876120789867692975e-04 3.676346134283524711e-07 5.699460868619670578e-02 -2.421550732723099358e-07 8.801129667408481261e-06 2.020934142475693164e-05 -1.191010110989640841e-04 -1.550504619565865172e-06 7.396176158926831296e-05 -1.375123105564987951e-05 5.713327102668140027e-05 2.978733193686302497e-08 4.952307373389318139e-04 1.643986925410052629e-04 1.369648162316007060e-05 -5.655677271858876651e-05 6.185608167591321021e-04 -4.869981417621660133e-05 -1.668376484816640236e-03 -8.792454474199818033e-05 -7.930732130858827479e-06 -2.028326622586523352e-04 -1.761329054727093580e-04
-9.253015069612916953e-05 -9.275371585091895859e-05 -3.130068989624811525e-03 -7.997700532079519281e-05 -3.334685293220802232e-03 -2.234554807708882557e-03 -2.436058413748587101e-04 -7.258215042738975706e-04 1.820957980525890300e-03 6.372746854834071897e-04 -9.383849039112707093e-05 4.633107716215861815e-03 1.325122106191688881e-03 -1.580456253088127067e-02 1.282253544129999256e-02 3.236090860640597477e-03 -2.030307805710792127e-02 -2.655420398218948791e-02 4.557430582357489129e-02 -1.177808307401947627e-02 1.391042856755772550e-03 8.201652873749264439e-01 -1.691968935654812434e+00 6.410879762955492556e-01 -6.332796928102539802e-01 4.746389495816885074e-01 -2.771267055413128622e-05 -3.067804712662548008e-08 -1.180449317981621584e-03 4.718119965951438522e-04 1.052691539274156834e-06 8.093790254247332228e-02 -4.287414081862777770e-07 1.536721978745964572e-05 3.498705657831417280e-05 2.804848142887678229e-04 -2.352595672200642312e-06 1.121113680474354081e-04 -2.237155585467302314e-05 9.290575735121389352e-05 4.825212222871593574e-08 2.174358696693974580e-04 2.410100103404375972e-04 9.043688788692702595e-06 -3.536340047872375781e-05 8.421531004034017373e-04 -2.609133635410417395e-05 -2.515750297260882333e-03 -8.188213596589519932e-05 -2.078280077515190613e-04 -3.240602684060067142e-04 5.037372322197127515e-03
3.478786052179489666e-03 3.477538371813972042e-03 8.620020364881983421e-02 3.472984250012561142e-03 8.673885108955387002e-02 5.572933627770628416e-03 -5.087890908781603216e-02 -5.007001536222020766e-02 -5.575586043101238981e-02 -5.370937798738324720e-02 3.473889219658119355e-03 5.938349585536529390e-02 1.221521715338536040e-02 5.155109386173466479e-01 1.705661329390588232e+00 -2.444257247645932329e-01 5.248225695084380443e-02 1.190828006947335094e-01 -1.976445812482988951e-01 5.538680482499240554e-02 -6.611089175537414320e-02 -1.691968935654812434e+00 6.198909067741306345e+00 -8.090000021449958112e+00 1.644288224750454219e+00 -1.274488045119468449e+00 4.909006332748450585e-04 3.315605057164791680e-08 -1.373455734267412659e-02 -4.134172530126086560e-04 5.804157050245244520e-07 -1.324140321551781629e-01 5.146589835254698003e-07 -2.186122099201222939e-05 -4.973767452617249485e-05 1.862723636719988522e-03 -1.930192624653100615e-06 9.636952621764699684e-05 -5.763947377860825913e-05 2.458870953499528401e-04 9.222402244362669634e-08 -4.177294268702669983e-02 -5.337849663352202140e-04 2.535680563883388992e-05 -1.441451021666250777e-04 -3.710392098036519731e-04 -1.093881456922565754e-04 -1.093042178591619590e-02 -3.046473349654225992e-04 1.513364638756564467e-03 1.010697145279691126e-03 2.281599182697933645e-03
-8.482772432034929935e-03 -8.479243783592816525e-03 -2.048365938856867019e-01 -8.394043131352255799e-03 -2.061805728891568101e-01 -1.238209844284900336e-02 1.234361543582683657e-01 1.200322961381325437e-01 1.347542595178346236e-01 1.286887755433709646e-01 -8.470455137775417809e-03 -1.447687013552771407e-01 -3.090188657932264882e-02 -1.259085466758104177e+00 -4.463820078077717746e+00 5.773648827896924463e-01 -1.099780761292815517e-01 -2.106008645903199306e-01 3.043914130762295778e-01 -7.707976162382358665e-02 1.880293205455980388e-01 6.410879762955492556e-01 -8.090000021449958112e+00 1.794298302689659508e+01 -1.059014587814448571e+00 1.195492609435089948e+00 -2.013970754563875268e-03 -1.155781775119654254e-07 3.158050633073065244e-02 1.831599039686236663e-03 6.072141385506363440e-06 3.090029201198263298e-01 -2.432559702115725820e-06 9.338340436148113109e-05 2.088555495147119780e-04 1.856582169286375567e-03 3.633210098748490191e-06 -1.860078407038679002e-04 1.145026403488503836e-04 -4.928654951620758300e-04 -1.670438403340755636e-07 1.001814672931612693e-01 1.392914165742322732e-03 -2.254439382392481783e-04 1.061506769205556493e-03 7.698873899648862526e-05 9.399636822064525018e-04 2.693951445818274990e-02 1.463545924253729447e-03 -2.860921375381388077e-03 -1.205328572781444538e-03 -3.203677244483567332e-02
3.917861857090418733e-04 3.917331827787447337e-04 1.016968544074472146e-02 3.914917206833864452e-04 1.027693059154384872e-02 1.210439727235861811e-03 -5.356553642235551208e-03 -5.216149582813666905e-03 -6.420791698410244913e-03 -5.955685538338304982e-03 3.916152585181289928e-04 5.122027982392364856e-03 9.072264190428838519e-04 5.848984001431405122e-02 1.282322362522902992e-01 -2.757578175615344601e-02 1.152222335580869138e-02 4.592602898717181720e-03 -5.931509532074456803e-02 3.339999324472492370e-02 -1.670604190479735296e-01 -6.332796928102539802e-01 1.644288224750454219e+00 -1.059014587814448571e+00 3.265615983869733618e+00 -2.846138238000715859e+00 2.078667997525396023e-05 9.627690066902125448e-09 -1.246132716286938238e-03 -1.243167717262644561e-04 1.459639406727934161e-07 -3.509321035919176629e-02 1.076174543806381133e-07 -4.318603743920239633e-06 -1.000026639109281146e-05 4.256916155088519629e-04 3.389299024477116456e-07 -1.578830021715674635e-05 -1.678275511525934919e-06 7.591923473209134998e-06 2.980263956999203459e-10 -4.557565127870655437e-03 -1.130695661945315918e-04 -7.245958139292467387e-06 2.685289370404569747e-05 -2.904701815458600803e-04 2.647456933518335892e-05 -5.095466767545680110e-04 2.208907962858951395e-05 4.227429374580153349e-04 -7.213317908854851093e-04 -3.911351415249905185e-03
-4.347154450878134083e-04 -4.371221106151789836e-04 -2.025732897069064398e-02 -3.395991037193451774e-04 -2.210683898030161437e-02 -2.069796019304599721e-02 -8.486819166276063711e-03 -1.249628645507621337e-02 1.050864177670170901e-02 -5.567535961603295447e-05 -4.477588436590156182e-04 5.105335771429992536e-02 1.434063685763905388e-02 -8.350694250540813268e-02 -2.103649673991329627e-01 5.389027565721335455e-03 -1.899334042636193209e-01 -8.405449957855240517e-02 7.382703690497968707e-02 1.842407806570258832e-03 2.374426263934447112e-01 4.746389495816885074e-01 -1.274488045119468449e+00 1.195492609435089948e+00 -2.846138238000715859e+00 3.430073600391156496e+00 4.526922906240946499e-05 -2.742400861675138350e-07 -1.226331117628021855e-02 4.143133737612121788e-03 7.741007982459607306e-06 7.494774810494374551e-01 -3.618970664152855446e-06 1.299234081267825825e-04 2.969037331311783238e-04 9.584163792030989549e-04 -2.206754074851178499e-05 1.052814034131785946e-03 -2.100324213749001935e-04 8.734874225734359267e-04 4.484865676638913500e-07 -2.690042975215885604e-03 2.174522147125062047e-03 1.372981660494191681e-04 -5.635483306753857067e-04 8.129113350601194221e-03 -4.608892812375328532e-04 -2.513945398217126703e-02 -1.024789898669324845e-03 -1.761756200208240025e-04 7.834066459505796467e-04 4.899438506647734934e-04
1.419576972928157353e-06 1.409011284093754518e-06 1.625873620148492912e-06 6.960696615445107359e-07 7.701215333529803532e-06 3.375698188397015272e-06 -2.015280662358310550e-06 -7.385687268371450468e-06 -2.134229070613210977e-05 -5.160490043869376365e-06 1.422686083582267145e-06 2.049689266812686466e-06 3.224280614029364906e-06 1.931302368455275272e-04 5.704681882830762779e-04 1.513014984718899451e-05 -1.098917062870792931e-05 -1.053957702120710658e-05 -7.438798848672263676e-06 1.215863970086844971e-05 1.609087890179066458e-05 -2.771267055413128622e-05 4.909006332748450585e-04 -2.013970754563875268e-03 2.078667997525396023e-05 4.526922906240946499e-05 9.424046889230903263e-05 8.372990460338195104e-10 -2.718389511097894323e-05 -3.043280078499712265e-06 -1.467115920969482870e-08 -4.781122689042335621e-04 5.347478799010224728e-08 -2.500965367025014692e-07 -6.596101947087932832e-07 -3.836315812657890010e-05 4.440786868059729074e-07 -8.309661906456361786e-07 7.115616187717355233e-07 -1.226801168162205382e-06 8.124553791505326605e-10 9.166950625800540582e-06 -1.515626521187194181e-06 9.326231005979480405e-06 -5.726394319097109962e-06 2.538707499251776617e-05 -6.734147246118069724e-06 4.208137714706307027e-05 -6.445060042477488595e-06 2.862272295377778263e-07 5.259870886055821675e-08 4.113933533137836081e-06
1.085452578867880211e-10 1.021640330906785059e-10 1.352948774498977519e-09 6.388767676198627036e-12 2.926883354803798428e-09 6.739381906978496966e-09 1.098712050670112224e-08 3.535208562559686451e-09 -7.296862991735569113e-09 2.287075946939313733e-09 1.085626263816547643e-10 -1.987681089754167631e-08 -5.349536634721358956e-09 1.493126410105826474e-08 3.276727428830911688e-08 1.206443474589417006e-08 5.850654420291303831e-08 2.738499349311239754e-08 -1.239230680058858326e-08 -7.752917616931163122e-09 -1.962194135969478403e-08 -3.067804712662548008e-08 3.315605057164791680e-08 -1.155781775119654254e-07 9.627690066902125448e-09 -2.742400861675138350e-07 8.372990460338195104e-10 6.915483921007541261e-13 -1.149842187850211713e-08 -2.536344928542800367e-09 1.816984930908042745e-11 -4.117823910518209363e-07 3.018992781028463859e-12 -1.114136830417455756e-10 -1.541521127784114750e-10 -3.273645119526024617e-09 1.380439021175114874e-11 -5.177161983614695388e-10 1.219518644620037073e-10 -4.953697899975957084e-10 -2.233283597985140307e-13 9.736455873358790563e-09 -7.686911959136962684e-10 1.943391031647802235e-10 -9.360362603847191105e-10 -8.058612016649540138e-10 -1.070544943416055535e-09 3.878083071153957216e-09 -9.999539521743386040e-10 -2.348374617302746927e-11 3.577132470090134432e-11 1.917676887726592873e-10
-1.855664274177697682e-05 -1.816527722945700799e-05 -2.433753456602445883e-04 -1.125258342227261571e-05 -2.894732655578094644e-04 2.521469968435913634e-04 4.781001459515693726e-04 6.225631364523136636e-04 5.519322621830343844e-04 3.977798889054989188e-04 -1.808416450641936961e-05 -1.358359573011699243e-03 -2.513345064749013280e-04 -1.955968588239008054e-03 -7.923183272681327480e-03 1.877676536631196725e-03 2.853021121180183365e-03 9.847583259223492962e-04 2.046159662391275596e-05 -5.883977025841237440e-04 -6.320210924929598774e-04 -1.180449317981621584e-03 -1.373455734267412659e-02 3.158050633073065244e-02 -1.246132716286938238e-03 -1.226331117628021855e-02 -2.718389511097894323e-05 -1.149842187850211713e-08 2.207391062302631324e-03 -1.095276266920883434e-04 6.929067784017064215e-07 -5.189788681563818271e-03 5.405901461690755441e-08 -3.751425897923251316e-07 3.071392066403782888e-06 4.276947245228423849e-04 1.286505470855161739e-06 -1.557535425882059437e-05 3.662228565861759912e-06 -1.130695778109542966e-05 7.044356762545289652e-10 2.580961288995607607e-04 -3.266574321465390935e-05 -1.007002216410704006e-05 4.121894086089351194e-05 -2.692988857936999005e-04 4.448237542526093914e-05 7.145843514740807300e-04 6.039818461827098828e-05 -8.206154088921220954e-06 2.170743535895663100e-07 -5.344572160703736928e-05
-1.297054346894227955e-06 -6.917763074929376151e-07 -3.976026146154455933e-05 -1.628177882191242712e-05 8.314845272608417139e-05 -1.485629114252009413e-05 -8.897514129837979699e-05 5.028705495586594995e-05 2.901450938148688113e-05 -4.062197373921782781e-05 -7.337808146477954835e-07 3.773774812628665561e-04 4.726080888071428586e-05 -2.496237937491432141e-04 -5.369666046406573615e-04 -2.115767404334095670e-04 -8.875334710159938148e-04 -4.074213621990250460e-04 1.806217861005214326e-04 1.174532538548291407e-04 2.876120789867692975e-04 4.718119965951438522e-04 -4.134172530126086560e-04 1.831599039686236663e-03 -1.243167717262644561e-04 4.143133737612121788e-03 -3.043280078499712265e-06 -2.536344928542800367e-09 -1.095276266920883434e-04 1.382365246189843451e-03 -9.191344379228854893e-08 9.482002453274275544e-03 1.526078011836538349e-05 1.801591039250200865e-05 -6.248533978698262396e-06 -6.767045320405389898e-04 2.675318772475860935e-05 2.030242768159828281e-05 2.401345458137469437e-05 1.279770877795304448e-05 1.304660259867323539e-07 -1.110521835007526178e-04 1.827061909648054536e-05 3.341294784505841532e-07 -1.379722678243795560e-06 -2.155763570452089422e-03 -2.633491506568063075e-05 -1.388929644870998299e-04 -4.399290967386743718e-06 3.780335233145984911e-07 -5.374678232069466649e-07 -3.294894697128737286e-06
