par.Ct_1S0np = -0.150705756033618
par.Ct_1S0pp = -0.149993534695742
par.C_1S0 = 2.48687699499503
par.Ct_3S1 = -0.160846921012249
par.C_3S1 = 0.608980767106448
par.C_3S1-3D1 = 0.288481766632214
par.C_3P0 = 1.09474570514229
par.C_1P1 = 0.734752357532460E-01
par.C_3P1 = -0.813344571266921
par.C_3P2 = -0.772729696521392
par.Ct_1S0nn = -0.150792089532804
par.c_D = 0.453694580125511
par.c_E = -0.296483605646170
par.c1 = -0.663392672158673
par.c2 = 3.17499398425298
par.c3 = -4.23386318061188
par.c4 = 1.96331643063562
par.d1+d2 = 4.47189913705179
par.d3 = -4.47589472393514
par.d5 = 0.180622244367386E-01
par.d14-d15 = -9.68790010608461
par.e14 = 0.887793286184027
par.e15 = -10.0856179272834
par.e16 = 6.33939564075975
par.e17 = 1.10361679642661
par.e18 = 8.13746555206995
par.Ct_1S0np = -0.150708812035382
par.Ct_1S0pp = -0.149996321931152
par.C_1S0 = 2.48779787647518
par.Ct_3S1 = -0.160517858022265
par.C_3S1 = 0.608579250791055
par.C_3S1-3D1 = 0.287050327397545
par.C_3P0 = 1.09539168444190
par.C_1P1 = 0.704166482564940E-01
par.C_3P1 = -0.813236839873907
par.C_3P2 = -0.772745107462411
par.Ct_1S0nn = -0.150769788611299
par.c_D = 0.451476422678436
par.c_E = -0.295538944243627
par.c1 = -0.663108471177033
par.c2 = 3.17686581689414
par.c3 = -4.23499884800784
par.c4 = 1.97130497178360
par.d1+d2 = 4.47656258241802
par.d3 = -4.47877725065260
par.d5 = 0.172110695120937E-01
par.d14-d15 = -9.69132003573958
par.e14 = 0.882860057205713
par.e15 = -10.0683750819813
par.e16 = 6.32581631709869
par.e17 = 1.10967582272592
par.e18 = 8.09704573679404
par.Ct_1S0np = -0.150718059764042
par.Ct_1S0pp = -0.150005542940671
par.C_1S0 = 2.48760489187297
par.Ct_3S1 = -0.160531626747336
par.C_3S1 = 0.608408836505865
par.C_3S1-3D1 = 0.287334031827609
par.C_3P0 = 1.09574411314333
par.C_1P1 = 0.708457424857163E-01
par.C_3P1 = -0.813158280385330
par.C_3P2 = -0.772457747118765
par.Ct_1S0nn = -0.150778469726602
par.c_D = 0.449908840992091
par.c_E = -0.297207525789026
par.c1 = -0.664199701324728
par.c2 = 3.17213160205104
par.c3 = -4.23363799689087
par.c4 = 1.97357395284473
par.d1+d2 = 4.47739259382360
par.d3 = -4.47886472592125
par.d5 = 0.167842170231746E-01
par.d14-d15 = -9.69186639562166
par.e14 = 0.882016570016113
par.e15 = -10.0774818895988
par.e16 = 6.34512712829228
par.e17 = 1.10843286234789
par.e18 = 8.08749371947669
