4.088843745468554384e-06 4.081817291839981158e-06 9.593858091720045380e-05 3.975183955223469312e-06 9.671767886748097699e-05 4.011301664560831665e-06 -6.302099038608343598e-05 -6.025357623244070404e-05 -6.623139671261002459e-05 -6.196194693730329450e-05 4.062522009290382554e-06 1.189393810851165686e-04 -3.222621207332465598e-04 6.070057720193725633e-04 2.135025620618672803e-03 -2.744771197696372635e-04 3.071610764535416673e-05 9.089602458355638720e-05 -1.441440074455385375e-04 4.277894520664460515e-05 -7.957190371770913370e-05 -8.320543763501984415e-05 3.397994719912940560e-03 -8.322137776015996538e-03 3.914718466484708474e-04 -3.952496801650394942e-04 1.361323839718528910e-06 6.299675448969303180e-11 -2.614962010157827392e-05 -1.493492541025523770e-06 -3.399022695604170884e-09 -6.947450713019453356e-05 1.504439197036295391e-09 -4.749059894617490038e-08 -1.034869438818338622e-07 -3.584746675621398376e-06 -1.231516047569686580e-08 8.020580353235205705e-07 -1.671685120056779625e-07 7.534905692774983221e-07 9.888603956321554508e-11 -1.680520042869923340e-04 -2.075939902607862191e-06 1.992858401038307583e-07 -8.961148792574418591e-07 5.072088833285830149e-06 -8.113389456356694235e-07 -5.972115633468452994e-05 -1.838570092866835514e-06 1.561749593573972631e-06 3.474364224262369157e-07 1.426396768077828839e-05
4.081817291839981158e-06 4.076468619297205696e-06 9.586514383369943132e-05 3.975137412923990166e-06 9.655625558906942845e-05 4.024319187831050271e-06 -6.320838736168997408e-05 -6.010490849545245735e-05 -6.602339205330601301e-05 -6.185754956767179386e-05 4.056924062817192299e-06 1.187368472520366997e-04 -3.219307039475122092e-04 6.063967602829663977e-04 2.132640057691767045e-03 -2.739732952779187075e-04 3.095690191788947362e-05 9.088431531885505751e-05 -1.439952367735986179e-04 4.268814901366449423e-05 -7.952850807942364131e-05 -8.327635703278654829e-05 3.393579051538893679e-03 -8.312510434610745347e-03 3.909795001101668867e-04 -3.960269057690535711e-04 1.350185440130802134e-06 5.550317866562593313e-11 -2.525346313636401391e-05 -8.644714142728593872e-07 -3.771575543896475948e-09 -6.975661121035363831e-05 1.406832266058722372e-09 -5.192979155709659227e-08 -1.034070794813124858e-07 -3.440823109266308453e-06 -1.226872592069908726e-08 7.992121382522713935e-07 -1.672212430732591851e-07 7.538071191808765567e-07 9.910182581815313731e-11 -1.676765805287412474e-04 -2.070330814983844516e-06 1.932678401835902976e-07 -8.637777876488914952e-07 1.195840052580671654e-06 -8.167381530231938433e-07 -5.931469749146541084e-05 -1.793614575837348718e-06 1.559585872747962556e-06 3.471431973153635220e-07 1.424824238818769513e-05
9.593858091720045380e-05 9.586514383369943132e-05 2.428547128744505592e-03 9.876207464702444296e-05 2.442831035342850517e-03 2.138787106086742268e-04 -1.560431561243433383e-03 -1.417738839824324217e-03 -1.484214407278829778e-03 -1.474158420162178639e-03 9.532265438562326427e-05 2.777901786713439774e-03 -7.581498171653443079e-03 1.442834751499120008e-02 5.095051831479128351e-02 -6.708883680063614484e-03 2.000979207836500566e-03 2.880501398885399692e-03 -3.811566643547606437e-03 8.467064058434956584e-04 -2.468787075145347908e-03 -2.542372099819973676e-03 8.298946979809540547e-02 -1.995052932574440663e-01 9.844838517623969582e-03 -1.560976116386545050e-02 7.914323463876379953e-06 1.417742021636544282e-10 -5.564141773791293722e-04 -3.773893489406209196e-05 6.972705426033241018e-09 -3.766745094969052750e-03 3.066323249410777843e-08 -1.177596955751928963e-06 -2.030553243325869661e-06 1.768373832151088980e-04 -3.037956304433587338e-07 2.001687383098933097e-05 -4.888222528105105392e-06 2.179405813777514730e-05 3.958602413070705925e-09 -4.261221078719570725e-03 -5.113235858319889818e-05 -1.092829980123513556e-06 3.302676928918263658e-06 -7.004161757357627851e-05 3.464857859070073958e-06 -1.570072644090753436e-03 -2.063808395174893524e-05 3.699574955687297788e-05 9.125838132436332701e-06 3.381322742849883251e-04
3.975183955223469312e-06 3.975137412923990166e-06 9.876207464702444296e-05 1.049394810245099234e-05 7.958707177264506003e-05 -2.444043914494183916e-05 -5.366392706023940450e-05 -1.108619014648050058e-04 -5.439354883177057723e-05 -6.312844836914080211e-05 3.919579714790361809e-06 1.451692064501462634e-04 -5.098092061981410921e-04 5.930176177444821317e-04 2.104990576922286145e-03 -2.860465092978243780e-04 3.759220352807264570e-05 9.775971645074222228e-05 -1.485435237492077447e-04 4.149955136961021014e-05 -8.663466929615937218e-05 -8.254294854629046045e-05 3.425766689367755816e-03 -8.243183035908277501e-03 3.991426648497272550e-04 -4.329098776237608670e-04 3.175465997284558313e-07 1.513532593147616621e-11 -2.540690377561765519e-05 -2.646832404015695550e-05 5.675817564185817868e-08 -1.857440597715790732e-04 8.074478656858013425e-09 -1.915972710386163334e-07 2.832517427541608317e-06 2.919552097371111887e-04 -1.379238178996053005e-08 1.132762061991603153e-06 -3.691245257252629769e-07 1.666757804588222141e-06 4.043655095014966842e-10 -2.002576361671156672e-04 -1.425424266791470423e-06 -3.567009711563911735e-08 9.168605339228639360e-08 -9.232296420301386005e-06 4.040685905576596637e-08 -1.444163271631691359e-04 -2.146856445673286178e-06 1.560718080431353314e-06 3.527558803067244744e-07 1.400612978939556269e-05
9.671767886748097699e-05 9.655625558906942845e-05 2.442831035342850517e-03 7.958707177264506003e-05 2.544351851531964984e-03 3.399368464181287209e-04 -1.599132088632951310e-03 -1.263774068252598295e-03 -1.550999874693255714e-03 -1.460545089429088209e-03 9.613142230119447996e-05 2.666108320725071434e-03 -6.944445446684298535e-03 1.455962142812354185e-02 5.127574161813864412e-02 -6.639526125968181827e-03 2.373865893808120141e-03 3.057122847736733467e-03 -3.895039212164248723e-03 7.991083259970074718e-04 -2.593335630989633371e-03 -2.745982993980870378e-03 8.335846373781855001e-02 -2.006792400592511960e-01 9.939075287492025318e-03 -1.738135785980018250e-02 1.435597901571841615e-05 1.346127929495769584e-09 -5.083057334980798942e-04 1.039712880279796114e-04 -1.605378233548937266e-07 -4.025933304144087288e-03 -4.766439246528374939e-08 9.761416793509468799e-07 -1.087645164369970088e-05 -6.807407362439369010e-04 -3.180082521508106549e-07 2.004071891655490636e-05 -4.465209871944877913e-06 1.976968919487632608e-05 3.475021601598235318e-09 -4.130042757386049278e-03 -5.165375586629972833e-05 8.931395445377624273e-08 -1.534582458325854200e-06 4.921133263711271956e-05 -6.893517574160171975e-07 -1.388228613687418839e-03 -2.329603846527858861e-05 3.691010962828543721e-05 9.362647485714595250e-06 3.401253905502092927e-04
4.011301664560831665e-06 4.024319187831050271e-06 2.138787106086742268e-04 -2.444043914494183916e-05 3.399368464181287209e-04 4.246391490308111679e-04 -2.504603874453297093e-04 2.869366040223488533e-04 -2.488309063609213888e-04 5.062096192713650951e-05 4.146099911451124021e-06 -4.506359676205446275e-04 2.226910759163703603e-03 9.167134116769355863e-04 2.599168011064259976e-03 1.778146937078894062e-04 2.662225063188444329e-03 1.349148074581109835e-03 -6.968101737212988121e-04 -3.273795212203565183e-04 -9.929749886374210441e-04 -1.410221226283226879e-03 4.326197083647182438e-03 -1.009892831214966903e-02 9.219327966844199137e-04 -1.282826764165383333e-02 2.817468713438588610e-06 3.764006611735343145e-09 6.573221410403963820e-04 6.356811929037672882e-06 -4.285447231942801665e-07 -6.648873073832040764e-03 6.464815685210439261e-08 -2.485697061739360670e-06 -1.796738427317064933e-05 -1.264506602327971230e-03 1.236821580349145387e-07 -7.871968110888655213e-06 1.434232127210418163e-06 -6.481749415385219915e-06 -1.793652043345406560e-09 1.184206006535656170e-04 -9.658919271783567408e-06 -1.201351166216966366e-06 4.808865144636768461e-06 -1.302737797932287998e-04 3.103776515265926286e-06 2.349846821071391485e-04 8.445804641496750827e-06 3.003998154749817527e-08 1.838118452474799495e-06 1.523133985901478160e-05
-6.302099038608343598e-05 -6.320838736168997408e-05 -1.560431561243433383e-03 -5.366392706023940450e-05 -1.599132088632951310e-03 -2.504603874453297093e-04 1.827756502654267210e-03 6.730949663407272219e-04 8.574949847427649650e-04 8.841971168483769806e-04 -6.280508308400158514e-05 -1.612168488782550436e-03 4.407433754557337283e-03 -9.649106329785325092e-03 -3.347690450337353213e-02 3.927233615829778257e-03 -1.833484850668170262e-03 -2.031666323752251251e-03 2.495343407775931638e-03 -4.727994277818775050e-04 1.671118087578702619e-03 1.999782179892112786e-03 -5.287522888879569311e-02 1.302174583677477293e-01 -6.287667896144530366e-03 1.249734720175417133e-02 -6.239925690015803075e-06 1.388937823238980300e-08 -2.584904173613293077e-04 2.697135479199477733e-05 1.481604251807935383e-06 2.620319726247506437e-03 -3.871925412379901268e-08 1.422384703247092027e-06 7.883529831518362453e-06 4.252830714778386631e-04 1.649874028988607189e-07 -1.029927605840433709e-05 2.304362517967017488e-06 -1.033216423629185221e-05 -1.385233346591065875e-09 2.592351802468946878e-03 3.576869621686416258e-05 1.313077087906934453e-06 -4.537245671214407459e-06 7.735861234990658081e-05 -7.556515406771605267e-06 6.519918014430319333e-04 2.241712925731939219e-06 -2.334921172327020887e-05 -6.134638471902283211e-06 -2.229012349629468169e-04
-6.025357623244070404e-05 -6.010490849545245735e-05 -1.417738839824324217e-03 -1.108619014648050058e-04 -1.263774068252598295e-03 2.869366040223488533e-04 6.730949663407272219e-04 1.773130126495737861e-03 8.876738617492893960e-04 9.983792789384053363e-04 -5.956449987184338858e-05 -2.199022199701056168e-03 7.199439670107634498e-03 -8.784760303302685883e-03 -3.145068103396351372e-02 4.491380814110398564e-03 5.662132494124932436e-04 -9.277774613112111995e-04 1.994659406603224803e-03 -7.830421270681854704e-04 9.085371694153149529e-04 6.712863689365949210e-04 -5.109216174685594913e-02 1.231698747779187975e-01 -5.770504977407395555e-03 1.161343220044392874e-03 -1.462637009551327559e-05 -2.079560617815920245e-09 9.519136213986124483e-04 1.450627251774708356e-04 -7.144894136161335945e-07 4.828350064383442504e-03 -2.183417183314829757e-08 3.823269114480774920e-07 -2.402404642012930224e-05 -2.295702665717955313e-03 2.456130649598060512e-07 -1.783362737656706232e-05 4.652842409350645960e-06 -2.095868433041062832e-05 -4.396136117514994099e-09 2.972535888369473578e-03 2.556796824209321982e-05 -2.731306823892789965e-06 1.190846774092474978e-05 6.307136899998878779e-05 1.355665005499891488e-05 1.706465953550503206e-03 4.004122499718489666e-05 -2.411898941629879125e-05 -4.661540092738630862e-06 -2.101898485046227406e-04
-6.623139671261002459e-05 -6.602339205330601301e-05 -1.484214407278829778e-03 -5.439354883177057723e-05 -1.550999874693255714e-03 -2.488309063609213888e-04 8.574949847427649650e-04 8.876738617492893960e-04 1.729325489657708350e-03 8.811889846178318003e-04 -6.584148533835648112e-05 -1.444014292947365342e-03 3.300139460452094532e-03 -9.923116627803919149e-03 -3.413834644600902135e-02 3.768833636509231252e-03 -1.733080131151205037e-03 -1.934199160430343433e-03 2.439979409526011299e-03 -4.959889320067512302e-04 1.568876052420712167e-03 2.020030017204693315e-03 -5.274074126640032611e-02 1.321966413872469881e-01 -6.202705816430422597e-03 1.196377719457669339e-02 -4.896546992042129047e-05 -1.591745263067859189e-08 2.591560673324711656e-04 1.121968301590010793e-04 2.999780054458860110e-07 8.584450574162637987e-03 -1.474568621876223213e-07 5.099140529632002594e-06 9.513805967329132880e-06 5.246250357256016482e-04 1.070740451429185731e-08 -2.268763513903926754e-06 5.189754198990715922e-07 -2.702688985425255155e-06 1.502524123097449405e-09 2.245513354003744917e-03 3.852491699586356634e-05 -8.809728915802388040e-06 3.868419215433795751e-05 5.472800955889781712e-05 4.055455195144523389e-05 9.274815339635291735e-04 5.537241519471356187e-05 -2.350051298979294326e-05 -6.084536190686821884e-06 -2.282147454976124750e-04
-6.196194693730329450e-05 -6.185754956767179386e-05 -1.474158420162178639e-03 -6.312844836914080211e-05 -1.460545089429088209e-03 5.062096192713650951e-05 8.841971168483769806e-04 9.983792789384053363e-04 8.811889846178318003e-04 1.016481073247910410e-03 -6.153871462167680856e-05 -2.068495839055361270e-03 5.924069804026274935e-03 -9.091766043538071843e-03 -3.246910944925385234e-02 4.572382668033050587e-03 4.126009577108894887e-04 -1.030346638216739566e-03 2.084280003228496884e-03 -7.828462786431446014e-04 9.862338339786968534e-04 7.845181581936011214e-04 -5.262145914639699412e-02 1.270861671200676501e-01 -5.964654885575916207e-03 1.991571853919288718e-03 -8.742596554476175606e-06 1.494252004753618488e-09 8.396943428015440827e-04 -3.856105697429952438e-05 -1.478992946593490287e-07 -1.887241775065846795e-03 3.054668163072827075e-08 -9.774742734299887775e-07 -1.772316776214346170e-06 -8.526393865377429550e-05 2.715448278691232440e-07 -1.715310873377584529e-05 3.521052813633561884e-06 -1.573457016878730132e-05 -2.769752128102673548e-09 2.839901831058884614e-03 3.043307990069019843e-05 -1.274136864220930656e-06 5.970371726291513773e-06 -6.919662372693561215e-05 4.886064152350770835e-06 9.765222766107740666e-04 2.130865255345775519e-05 -2.472949089473951349e-05 -4.893704119577286470e-06 -2.169503204703046595e-04
4.062522009290382554e-06 4.056924062817192299e-06 9.532265438562326427e-05 3.919579714790361809e-06 9.613142230119447996e-05 4.146099911451124021e-06 -6.280508308400158514e-05 -5.956449987184338858e-05 -6.584148533835648112e-05 -6.153871462167680856e-05 4.268738426125821393e-06 1.170529000020943927e-04 -3.003397851585156765e-04 6.033855257176801200e-04 2.121937538004350660e-03 -2.725083408153473798e-04 3.063127028575690251e-05 9.031355303639661291e-05 -1.432024044379241116e-04 4.249576662018141098e-05 -7.902968424787869934e-05 -8.279646046951318473e-05 3.375987570894235963e-03 -8.270517347533650962e-03 3.889012151650493880e-04 -3.931738387136463021e-04 1.370872575260361639e-06 5.979748220495887369e-11 -2.545330635169974721e-05 -7.550931412551508669e-07 -3.925557510810953924e-09 -6.977634605860319136e-05 1.462156058964676002e-09 -5.244875537904527852e-08 -1.191392656183883682e-07 -5.049079044091178304e-06 1.090427775714400368e-05 1.049036691931013765e-06 -5.369045016859395814e-06 1.804441996711798331e-07 1.518809871623991796e-09 -1.720374261107399474e-04 -2.313431620644368123e-06 1.985519596217340685e-07 -8.849027042090996695e-07 1.292986745093734185e-06 -8.402509231911374146e-07 5.114784207009415292e-04 7.226849928793636679e-06 1.551689383547833625e-06 3.452634555660128219e-07 1.417725151108257698e-05
1.189393810851165686e-04 1.187368472520366997e-04 2.777901786713439774e-03 1.451692064501462634e-04 2.666108320725071434e-03 -4.506359676205446275e-04 -1.612168488782550436e-03 -2.199022199701056168e-03 -1.444014292947365342e-03 -2.068495839055361270e-03 1.170529000020943927e-04 5.403179913171873329e-03 -1.481373033678759846e-02 1.720674478029816240e-02 6.215414097058559462e-02 -9.318485606143187341e-03 -2.957970181246481235e-03 9.891278589959475245e-04 -3.601397829186882022e-03 1.815217118891511265e-03 -1.195919714069564044e-03 -3.939873663803654391e-04 1.012105309544430592e-01 -2.436259450796167125e-01 1.115119842984282905e-02 6.311528304036653769e-03 4.218377836773219733e-06 -8.887031619078133933e-09 -2.240575038526819614e-03 2.014572541007127128e-04 5.996777033204542289e-07 1.080942286941736011e-02 -2.326412626394696636e-07 7.768806369254818611e-06 1.963527934815904305e-05 1.270351807295241366e-03 -3.435579959088266698e-05 4.699033169656335939e-05 1.646919284812463678e-05 4.523183599772588050e-05 -3.191567003402078829e-05 -5.948384851188267576e-03 -4.731674252314884132e-05 1.189934987835796843e-06 -6.067826768303797116e-06 3.506188411659064835e-04 -7.098300559864095040e-07 -4.380570065436581798e-03 -7.438558197002371293e-05 4.910586959800167147e-05 8.251987337884965682e-06 4.166261273005556409e-04
-3.222621207332465598e-04 -3.219307039475122092e-04 -7.581498171653443079e-03 -5.098092061981410921e-04 -6.944445446684298535e-03 2.226910759163703603e-03 4.407433754557337283e-03 7.199439670107634498e-03 3.300139460452094532e-03 5.924069804026274935e-03 -3.003397851585156765e-04 -1.481373033678759846e-02 5.205297308325916583e-02 -4.623331601261849305e-02 -1.689551750140573516e-01 2.687528482712573524e-02 1.224041191848392052e-02 -9.092379121753892818e-04 9.169807173225900943e-03 -5.557786326081122497e-03 2.061920243810751174e-03 -1.158264823097238799e-03 -2.780499259111013366e-01 6.639509187184420291e-01 -3.011382696957838612e-02 -3.653133022397535290e-02 5.698461908536429400e-05 4.284083135181721450e-08 7.572207830530489070e-03 -9.148451272684581014e-04 -2.450684814541733333e-06 -4.326845159593582096e-02 1.559046863494799461e-06 -3.997432345042361770e-05 -1.185968786954083468e-04 -8.787811367675551003e-03 2.841997512826377050e-05 -2.110528625274341171e-04 -1.185460349964348459e-03 -2.841612633129945152e-04 2.366716640343839075e-05 1.302283068642477032e-02 6.644877049741655878e-06 7.550684836856915306e-06 -2.727587755451978656e-05 -1.185615401373456713e-03 -4.817981597021903258e-05 5.330763413764032926e-02 8.101888050343449476e-04 -1.376050922287769783e-04 -2.043709331948265586e-05 -1.133733798997390435e-03
6.070057720193725633e-04 6.063967602829663977e-04 1.442834751499120008e-02 5.930176177444821317e-04 1.455962142812354185e-02 9.167134116769355863e-04 -9.649106329785325092e-03 -8.784760303302685883e-03 -9.923116627803919149e-03 -9.091766043538071843e-03 6.033855257176801200e-04 1.720674478029816240e-02 -4.623331601261849305e-02 9.060220579770443539e-02 3.180116642705852481e-01 -4.033908597535842272e-02 7.498295319075184984e-03 1.492540591753860335e-02 -2.205845068684085530e-02 5.949915555224996253e-03 -1.285890842484469290e-02 -1.384629605119254078e-02 5.064570877807170746e-01 -1.239603523761723336e+00 5.882398265605273679e-02 -7.263626965503203192e-02 1.850190586206959423e-04 9.606288979473532555e-09 -2.797078960964331264e-03 -2.439455961345224117e-04 -8.280323291517319913e-07 -1.731456354075100457e-02 2.946709933531625323e-07 -1.068197921085162825e-05 -2.039812018950549048e-05 -4.408238464317755989e-04 -1.704305828203567110e-06 1.120661389638351703e-04 -2.442241739965481519e-05 1.100442358659390224e-04 1.463643122897370625e-08 -2.477984781084668908e-02 -3.112756681574734311e-04 2.363900984707905273e-05 -1.089729648412069698e-04 -4.992890682613303818e-05 -1.028628527231077879e-04 -8.841133422320016783e-03 -2.456141096898952522e-04 2.305786250895434681e-04 5.333620473279788640e-05 2.122160527349091583e-03
2.135025620618672803e-03 2.132640057691767045e-03 5.095051831479128351e-02 2.104990576922286145e-03 5.127574161813864412e-02 2.599168011064259976e-03 -3.347690450337353213e-02 -3.145068103396351372e-02 -3.413834644600902135e-02 -3.246910944925385234e-02 2.121937538004350660e-03 6.215414097058559462e-02 -1.689551750140573516e-01 3.180116642705852481e-01 1.135001207819172686e+00 -1.446176574432589956e-01 2.159219185223375248e-02 4.798279325593969580e-02 -7.020260974776314222e-02 1.880192952687579147e-02 -4.584639159730173608e-02 1.634908510679361493e-02 1.674018207046123141e+00 -4.393118111403977011e+00 1.342704675146822457e-01 -1.882253158209125088e-01 5.752780294935727623e-04 2.002432739611093059e-08 -1.290704233128490454e-02 -5.332440982117889541e-04 -1.613494945181945081e-06 -4.423580898078833396e-02 7.110825748937129912e-07 -2.650659839569197916e-05 -5.104473104162500236e-05 -5.842419634024545927e-04 -6.525581244962840117e-06 4.256897619885432636e-04 -9.232817430093234452e-05 4.150582161361618069e-04 5.992732447476102917e-08 -8.919616791763887442e-02 -1.091678388385252567e-03 7.181574958113510706e-05 -3.332892914299169420e-04 1.360336435102996568e-04 -3.110903347573393393e-04 -3.173111616195524454e-02 -8.252745638215601594e-04 7.391871232357325816e-04 1.984443608317866905e-04 8.828508334436090468e-03
-2.744771197696372635e-04 -2.739732952779187075e-04 -6.708883680063614484e-03 -2.860465092978243780e-04 -6.639526125968181827e-03 1.778146937078894062e-04 3.927233615829778257e-03 4.491380814110398564e-03 3.768833636509231252e-03 4.572382668033050587e-03 -2.725083408153473798e-04 -9.318485606143187341e-03 2.687528482712573524e-02 -4.033908597535842272e-02 -1.446176574432589956e-01 2.080493509750784217e-02 1.150592763914352976e-03 -5.073105125284332884e-03 9.589175663231631203e-03 -3.400360482161044438e-03 4.820784496793567055e-03 3.730188147606840546e-03 -2.369794483162358800e-01 5.673343395070807871e-01 -2.708939626026656694e-02 1.240361466348847280e-02 -1.315573583342604991e-05 8.618605348025991418e-09 4.151659569819977913e-03 -1.957677623060997659e-04 -8.439839931955437464e-07 -7.936592145024037176e-03 1.729858945687329641e-07 -5.585261472153086507e-06 -1.025753057045329157e-05 -7.027730824124042274e-04 1.270294022372393859e-06 -8.031872151352309388e-05 1.706852902572342191e-05 -7.601132272489940416e-05 -1.452598875415267768e-08 1.311339560723202499e-02 1.376642466486734790e-04 -1.586454083441139374e-07 2.784476120887222083e-06 -2.730002732018916331e-04 -6.943400881744862566e-07 4.588041459284365048e-03 7.516591485917686172e-05 -1.105452018362581895e-04 -2.238028936954126731e-05 -9.639965268418365998e-04
3.071610764535416673e-05 3.095690191788947362e-05 2.000979207836500566e-03 3.759220352807264570e-05 2.373865893808120141e-03 2.662225063188444329e-03 -1.833484850668170262e-03 5.662132494124932436e-04 -1.733080131151205037e-03 4.126009577108894887e-04 3.063127028575690251e-05 -2.957970181246481235e-03 1.224041191848392052e-02 7.498295319075184984e-03 2.159219185223375248e-02 1.150592763914352976e-03 2.400729074118567938e-02 1.229388104612904806e-02 -6.369570175503337303e-03 -2.977431789382941393e-03 -9.129300521887800252e-03 -1.252891357745592772e-02 3.917207062858071853e-02 -8.544842681305442333e-02 8.472250837359392509e-03 -1.158301409121957615e-01 -1.316036782232760670e-05 3.206355065176397753e-08 5.810180965202979900e-03 -8.247465764108991623e-04 -1.391326861094289432e-06 -6.293227522007882602e-02 6.990438247837362326e-07 -2.414289917079529604e-05 -4.354801420330900398e-05 3.882879983258482768e-04 9.811171387530147594e-07 -5.371456111671637877e-05 4.320475862186663480e-06 -1.970748416881266707e-05 -3.006244083911324488e-09 -1.635142329401702115e-04 -5.637036041559561998e-05 -1.927987735493758803e-05 7.915901253538114529e-05 -1.408868732142103640e-03 6.142357608062222246e-05 -1.311605064337007485e-03 5.868643858906758427e-05 -1.985531229067979877e-08 1.654810927981102166e-05 1.228808664337881218e-04
9.089602458355638720e-05 9.088431531885505751e-05 2.880501398885399692e-03 9.775971645074222228e-05 3.057122847736733467e-03 1.349148074581109835e-03 -2.031666323752251251e-03 -9.277774613112111995e-04 -1.934199160430343433e-03 -1.030346638216739566e-03 9.031355303639661291e-05 9.891278589959475245e-04 -9.092379121753892818e-04 1.492540591753860335e-02 4.798279325593969580e-02 -5.073105125284332884e-03 1.229388104612904806e-02 1.297961793754202897e-02 -1.256441668320949258e-02 4.765327414157972431e-04 -5.216901989829881604e-03 -2.223724694708049954e-02 1.094962325804723913e-01 -1.954130123631317439e-01 2.315911752958539627e-03 -4.682773347016470911e-02 -3.719406166956285844e-06 1.445425300670536709e-08 1.911174922213133842e-03 -3.790002213556478380e-04 -4.957305880720430852e-07 -3.086655936914489001e-02 3.190638505932952176e-07 -1.112633885903730770e-05 -2.001569847706367395e-05 4.004743509754481959e-04 1.676670469844125823e-07 -6.234190363487527860e-06 -2.406429665938289615e-06 1.046769008958625067e-05 2.415698902819545934e-09 -3.666760222436863878e-03 -6.712605241747184623e-05 -1.015725020447797342e-05 4.114008226018678327e-05 -6.653637958995198796e-04 3.275961149898886493e-05 -1.942492439064065143e-03 1.060371201166390893e-05 8.430302404658081652e-05 -1.375780962798744740e-05 5.374681240782652790e-05
-1.441440074455385375e-04 -1.439952367735986179e-04 -3.811566643547606437e-03 -1.485435237492077447e-04 -3.895039212164248723e-03 -6.968101737212988121e-04 2.495343407775931638e-03 1.994659406603224803e-03 2.439979409526011299e-03 2.084280003228496884e-03 -1.432024044379241116e-04 -3.601397829186882022e-03 9.169807173225900943e-03 -2.205845068684085530e-02 -7.020260974776314222e-02 9.589175663231631203e-03 -6.369570175503337303e-03 -1.256441668320949258e-02 5.100262760844623267e-02 -2.760169752502963231e-02 1.031511070867418070e-02 4.339661882051597253e-02 -1.912146318346641116e-01 2.935252747334635703e-01 -6.007099022553443607e-02 5.764108380367943818e-02 -1.539926802741747993e-05 -6.188435964739369761e-09 7.103888019016450783e-05 1.673027792331557352e-04 1.490623909339698416e-07 1.492459484636535910e-02 -1.464261586820699533e-07 5.222410532392604695e-06 9.449613907865021242e-06 -2.918092781001535531e-04 2.925003184152873839e-07 -2.096451770474884281e-05 6.320948055145416344e-06 -2.813017088241898366e-05 -5.068617078775060944e-09 6.221128386667317337e-03 8.332999951656242692e-05 3.034004291243252706e-06 -1.083279308402872264e-05 2.768310122591613031e-04 -7.890537317682103603e-06 2.511529434529208814e-03 2.851037718852029556e-05 -7.723868979640511126e-04 2.186982799870448868e-05 1.124524853155532125e-03
4.277894520664460515e-05 4.268814901366449423e-05 8.467064058434956584e-04 4.149955136961021014e-05 7.991083259970074718e-04 -3.273795212203565183e-04 -4.727994277818775050e-04 -7.830421270681854704e-04 -4.959889320067512302e-04 -7.828462786431446014e-04 4.249576662018141098e-05 1.815217118891511265e-03 -5.557786326081122497e-03 5.949915555224996253e-03 1.880192952687579147e-02 -3.400360482161044438e-03 -2.977431789382941393e-03 4.765327414157972431e-04 -2.760169752502963231e-02 1.919715363123059709e-02 -3.061776866615819465e-03 -1.290760334044802060e-02 5.688676906405014388e-02 -7.876992908977603625e-02 3.547471424227243569e-02 -9.406527044971729062e-03 1.316489987098552845e-05 -4.304685527531907801e-09 -1.155145179765624695e-03 1.097952016004911989e-04 1.830889328426976712e-07 8.152563693211996310e-03 -8.825401178229165571e-08 3.001954590847500547e-06 5.356963318253188993e-06 -4.982833060040200556e-05 -2.911421390870742743e-07 1.749297240075529917e-05 -2.758672676041445254e-06 1.242528396909820589e-05 1.896374001491743484e-09 -1.981175061012770307e-03 -1.611302269456689468e-05 4.082465606376515724e-06 -1.754611434804090108e-05 2.062394711298169779e-04 -1.455634337920683591e-05 -5.273560598201033900e-04 -2.573153894905480619e-05 5.105368523940740722e-04 -1.307767353624517950e-05 -7.676220504670317347e-04
-7.957190371770913370e-05 -7.952850807942364131e-05 -2.468787075145347908e-03 -8.663466929615937218e-05 -2.593335630989633371e-03 -9.929749886374210441e-04 1.671118087578702619e-03 9.085371694153149529e-04 1.568876052420712167e-03 9.862338339786968534e-04 -7.902968424787869934e-05 -1.195919714069564044e-03 2.061920243810751174e-03 -1.285890842484469290e-02 -4.584639159730173608e-02 4.820784496793567055e-03 -9.129300521887800252e-03 -5.216901989829881604e-03 1.031511070867418070e-02 -3.061776866615819465e-03 7.470610613089791185e-02 -5.956035384855756787e-04 -5.983450621204092212e-02 1.736555074133923071e-01 -1.655895369489777669e-01 2.088425105270525495e-01 7.802823037027796754e-06 -9.908911063341425890e-09 -1.119586557560121442e-03 2.634080523906505433e-04 2.624914665758477134e-07 2.241918284372189027e-02 -2.177804271889082483e-07 7.629485351317595300e-06 1.366132393726192109e-05 -4.022144984730818980e-04 -4.899287248079401241e-08 -1.335878992154819218e-07 2.894938018198003763e-06 -1.265525630888631251e-05 -2.959894787565418279e-09 3.423855561086655390e-03 5.634078336001123672e-05 8.656489165877129320e-06 -3.528173671866020129e-05 4.832134070219525155e-04 -2.896797177069221414e-05 1.702447629499514092e-03 -8.410110635126601667e-06 -8.039829989251205331e-06 -1.964405546261841005e-04 -1.536952539495011014e-04
-8.320543763501984415e-05 -8.327635703278654829e-05 -2.542372099819973676e-03 -8.254294854629046045e-05 -2.745982993980870378e-03 -1.410221226283226879e-03 1.999782179892112786e-03 6.712863689365949210e-04 2.020030017204693315e-03 7.845181581936011214e-04 -8.279646046951318473e-05 -3.939873663803654391e-04 -1.158264823097238799e-03 -1.384629605119254078e-02 1.634908510679361493e-02 3.730188147606840546e-03 -1.252891357745592772e-02 -2.223724694708049954e-02 4.339661882051597253e-02 -1.290760334044802060e-02 -5.956035384855756787e-04 8.033603864552543161e-01 -1.656057004927390830e+00 6.171123753606938545e-01 -6.100797511718030197e-01 4.245668072960913086e-01 -2.382085027223865671e-05 -1.755534465420670199e-08 -2.733104069806468854e-03 4.477618317559284257e-04 8.911026801780008101e-07 3.306316346083035262e-02 -3.954021389430986399e-07 1.369315668615395272e-05 2.491506120341586489e-05 -1.591558305171435726e-05 -3.230091852786555095e-07 1.584035806480718546e-05 1.895159535775453943e-08 -8.736108194594009767e-08 7.225223956596898988e-10 2.652035724516608670e-03 6.184582957765417206e-05 4.905196860902726318e-06 -1.837530601582602777e-05 6.945779237689174131e-04 -1.077598551845813219e-05 1.537336992031997605e-03 5.292288823554160224e-06 -2.125554375987433338e-04 -3.205685421061222782e-04 4.984716139159080239e-03
3.397994719912940560e-03 3.393579051538893679e-03 8.298946979809540547e-02 3.425766689367755816e-03 8.335846373781855001e-02 4.326197083647182438e-03 -5.287522888879569311e-02 -5.109216174685594913e-02 -5.274074126640032611e-02 -5.262145914639699412e-02 3.375987570894235963e-03 1.012105309544430592e-01 -2.780499259111013366e-01 5.064570877807170746e-01 1.674018207046123141e+00 -2.369794483162358800e-01 3.917207062858071853e-02 1.094962325804723913e-01 -1.912146318346641116e-01 5.688676906405014388e-02 -5.983450621204092212e-02 -1.656057004927390830e+00 6.060365137056886731e+00 -7.932461119843577713e+00 1.595131269811015384e+00 -1.183098614559406681e+00 6.247197192798290910e-04 1.192387090655642211e-08 -2.599898108775844721e-02 -4.403952113806277376e-04 8.263243719877921717e-07 -6.834280720586967395e-02 6.024341954200728603e-07 -2.449780577264385904e-05 -4.662458391736249363e-05 2.906551497981299265e-03 -1.129520007166069483e-05 7.351647866292213528e-04 -1.647780390142438486e-04 7.372820214161053456e-04 1.221105101981958331e-07 -1.482368775336420641e-01 -1.763769697062967561e-03 5.479342362884913797e-05 -2.731132971191610470e-04 2.710541244690576300e-05 -2.519821380146063496e-04 -5.357075744180753857e-02 -1.109388100252288239e-03 1.506797044290506850e-03 9.897434381635325431e-04 2.388089512984955219e-03
-8.322137776015996538e-03 -8.312510434610745347e-03 -1.995052932574440663e-01 -8.243183035908277501e-03 -2.006792400592511960e-01 -1.009892831214966903e-02 1.302174583677477293e-01 1.231698747779187975e-01 1.321966413872469881e-01 1.270861671200676501e-01 -8.270517347533650962e-03 -2.436259450796167125e-01 6.639509187184420291e-01 -1.239603523761723336e+00 -4.393118111403977011e+00 5.673343395070807871e-01 -8.544842681305442333e-02 -1.954130123631317439e-01 2.935252747334635703e-01 -7.876992908977603625e-02 1.736555074133923071e-01 6.171123753606938545e-01 -7.932461119843577713e+00 1.764546854494934891e+01 -1.064842261055775285e+00 1.091690337326318927e+00 -2.095344209341846661e-03 -6.633765241441927666e-08 5.338316944278145848e-02 1.830543681127359606e-03 4.493916414914233058e-06 1.683194261768347078e-01 -2.468433628845673844e-06 9.314761456563099137e-05 1.792414538786476249e-04 3.435273815339034758e-04 2.595193720322330164e-05 -1.691595166419607426e-03 3.692439751732666834e-04 -1.658170107026551076e-03 -2.473923071870874473e-07 3.509294663471560494e-01 4.266663925358812545e-03 -2.506323186102584919e-04 1.172234997912226673e-03 -5.030859051588170523e-04 1.092048571110461200e-03 1.252056988866496745e-01 3.116406971142586003e-03 -2.825491724502746712e-03 -1.146352840386264055e-03 -3.195960477777846920e-02
3.914718466484708474e-04 3.909795001101668867e-04 9.844838517623969582e-03 3.991426648497272550e-04 9.939075287492025318e-03 9.219327966844199137e-04 -6.287667896144530366e-03 -5.770504977407395555e-03 -6.202705816430422597e-03 -5.964654885575916207e-03 3.889012151650493880e-04 1.115119842984282905e-02 -3.011382696957838612e-02 5.882398265605273679e-02 1.342704675146822457e-01 -2.708939626026656694e-02 8.472250837359392509e-03 2.315911752958539627e-03 -6.007099022553443607e-02 3.547471424227243569e-02 -1.655895369489777669e-01 -6.100797511718030197e-01 1.595131269811015384e+00 -1.064842261055775285e+00 3.173148252844695705e+00 -2.759232924686079613e+00 5.582136103507608213e-05 5.525175882999337039e-09 -2.286171086840339210e-03 -1.620757416817026762e-04 2.768074501340418683e-08 -1.763751745272219493e-02 1.551466606649285567e-07 -5.805099722291438797e-06 -1.062551001402082374e-05 5.658989380161363447e-04 -1.171127480817453124e-06 7.775962626270502341e-05 -1.887229004443943944e-05 8.424234749424862399e-05 1.462875711616067908e-08 -1.717611555448502608e-02 -2.107849709221941989e-04 4.889663867877513709e-07 -6.895462321966823200e-06 -2.283592804404992736e-04 -7.939940503011021656e-06 -6.441614360038872000e-03 -1.076950335451084954e-04 4.734382048000950307e-04 -7.036413928943972135e-04 -3.639110958964656035e-03
-3.952496801650394942e-04 -3.960269057690535711e-04 -1.560976116386545050e-02 -4.329098776237608670e-04 -1.738135785980018250e-02 -1.282826764165383333e-02 1.249734720175417133e-02 1.161343220044392874e-03 1.196377719457669339e-02 1.991571853919288718e-03 -3.931738387136463021e-04 6.311528304036653769e-03 -3.653133022397535290e-02 -7.263626965503203192e-02 -1.882253158209125088e-01 1.240361466348847280e-02 -1.158301409121957615e-01 -4.682773347016470911e-02 5.764108380367943818e-02 -9.406527044971729062e-03 2.088425105270525495e-01 4.245668072960913086e-01 -1.183098614559406681e+00 1.091690337326318927e+00 -2.759232924686079613e+00 3.021038722861232539e+00 2.842958140992449950e-05 -1.505568286831264348e-07 -2.512087858179203048e-02 3.887141174439797883e-03 6.322648691121056205e-06 3.004534974025180882e-01 -3.303561701625969100e-06 1.143939193064096027e-04 2.064001650623711903e-04 -2.206552238990862336e-03 -3.732384901692819811e-06 1.953696782025200014e-04 -7.329794817389154724e-06 3.469785564405952175e-05 3.919668383850620247e-09 1.199457083619267020e-02 3.961377175762087043e-04 8.909570838735447209e-05 -3.628234978959648735e-04 6.621595514030667942e-03 -2.804844849672304434e-04 1.025098675654610020e-02 -2.025753584539432628e-04 -2.420243287504532099e-04 8.151108348388787662e-04 4.210994253193390754e-04
1.361323839718528910e-06 1.350185440130802134e-06 7.914323463876379953e-06 3.175465997284558313e-07 1.435597901571841615e-05 2.817468713438588610e-06 -6.239925690015803075e-06 -1.462637009551327559e-05 -4.896546992042129047e-05 -8.742596554476175606e-06 1.370872575260361639e-06 4.218377836773219733e-06 5.698461908536429400e-05 1.850190586206959423e-04 5.752780294935727623e-04 -1.315573583342604991e-05 -1.316036782232760670e-05 -3.719406166956285844e-06 -1.539926802741747993e-05 1.316489987098552845e-05 7.802823037027796754e-06 -2.382085027223865671e-05 6.247197192798290910e-04 -2.095344209341846661e-03 5.582136103507608213e-05 2.842958140992449950e-05 1.882588658281448158e-04 2.860007495164852483e-10 1.424221619362390114e-05 -1.354593606060231255e-05 -9.618193348183182247e-09 -2.737321453599101447e-04 9.618171733070390488e-07 1.270354895118778119e-07 -4.510000710118935019e-07 -4.670455682376885499e-05 5.550534592555256104e-06 -3.522659432274639392e-07 5.503334439888986902e-06 -5.227730291358420533e-07 7.198732738899057989e-09 2.524409411638596040e-05 -6.731223441263717184e-07 1.754776594003490755e-05 -3.252334915881501148e-06 1.136092531266531721e-04 -4.205145555791797036e-06 1.254758950451132480e-04 -3.588046425236599543e-06 3.353836087736953936e-07 5.785622740988314908e-08 4.085493052142828275e-06
6.299675448969303180e-11 5.550317866562593313e-11 1.417742021636544282e-10 1.513532593147616621e-11 1.346127929495769584e-09 3.764006611735343145e-09 1.388937823238980300e-08 -2.079560617815920245e-09 -1.591745263067859189e-08 1.494252004753618488e-09 5.979748220495887369e-11 -8.887031619078133933e-09 4.284083135181721450e-08 9.606288979473532555e-09 2.002432739611093059e-08 8.618605348025991418e-09 3.206355065176397753e-08 1.445425300670536709e-08 -6.188435964739369761e-09 -4.304685527531907801e-09 -9.908911063341425890e-09 -1.755534465420670199e-08 1.192387090655642211e-08 -6.633765241441927666e-08 5.525175882999337039e-09 -1.505568286831264348e-07 2.860007495164852483e-10 5.424873057938661386e-13 6.349371553631799804e-10 -2.452141676361019290e-09 1.728861859131241596e-11 -1.895239023472244134e-07 -6.382021755184252407e-13 -9.690658678120706267e-11 -9.488866576786035634e-11 -1.715798912042369020e-09 3.539540971893729034e-12 -2.334142187447660396e-10 4.304476561498595245e-11 -1.904356277705995518e-10 -1.225163961887723038e-13 8.706467620087931129e-09 -1.100183773988460690e-10 1.246106307119980760e-10 -7.571359889981518849e-10 -1.244267002744421243e-09 -8.671139375689747976e-10 -6.239703562218035604e-09 -9.573052575650597132e-10 -1.575872193156772725e-11 1.852913390815590437e-11 1.230364314008004239e-10
-2.614962010157827392e-05 -2.525346313636401391e-05 -5.564141773791293722e-04 -2.540690377561765519e-05 -5.083057334980798942e-04 6.573221410403963820e-04 -2.584904173613293077e-04 9.519136213986124483e-04 2.591560673324711656e-04 8.396943428015440827e-04 -2.545330635169974721e-05 -2.240575038526819614e-03 7.572207830530489070e-03 -2.797078960964331264e-03 -1.290704233128490454e-02 4.151659569819977913e-03 5.810180965202979900e-03 1.911174922213133842e-03 7.103888019016450783e-05 -1.155145179765624695e-03 -1.119586557560121442e-03 -2.733104069806468854e-03 -2.599898108775844721e-02 5.338316944278145848e-02 -2.286171086840339210e-03 -2.512087858179203048e-02 1.424221619362390114e-05 6.349371553631799804e-10 4.661128393851335719e-03 -3.731924020352885246e-04 -6.183373432499055436e-07 -1.363677214523396561e-02 5.749773535810814474e-07 -9.276202073603039618e-06 -1.364189650366000163e-05 -1.275308021388586385e-04 4.634237526995757953e-07 -3.083283869265823605e-05 4.942893549071642823e-06 -2.185017490808597603e-05 -8.217846613056531733e-09 2.897436243198222607e-03 1.850299944437854900e-05 -4.178470863352172338e-06 1.727802973597818538e-05 -5.869589202315422805e-04 2.042895542878117707e-05 1.068089126763857588e-03 4.324409525114124498e-05 -1.576795893020606739e-05 6.404914289899162668e-07 -8.708232981472239847e-05
-1.493492541025523770e-06 -8.644714142728593872e-07 -3.773893489406209196e-05 -2.646832404015695550e-05 1.039712880279796114e-04 6.356811929037672882e-06 2.697135479199477733e-05 1.450627251774708356e-04 1.121968301590010793e-04 -3.856105697429952438e-05 -7.550931412551508669e-07 2.014572541007127128e-04 -9.148451272684581014e-04 -2.439455961345224117e-04 -5.332440982117889541e-04 -1.957677623060997659e-04 -8.247465764108991623e-04 -3.790002213556478380e-04 1.673027792331557352e-04 1.097952016004911989e-04 2.634080523906505433e-04 4.477618317559284257e-04 -4.403952113806277376e-04 1.830543681127359606e-03 -1.620757416817026762e-04 3.887141174439797883e-03 -1.354593606060231255e-05 -2.452141676361019290e-09 -3.731924020352885246e-04 4.244412345034911591e-03 9.812102842785582800e-08 7.363184761439534737e-03 2.436097107783747337e-04 9.858821887928187174e-05 4.627504714858731431e-06 -1.249608744775233598e-03 4.527633368398230850e-04 3.703174790329363635e-05 4.463077890099109084e-04 2.722076226580819662e-05 2.127478499396019664e-06 1.182439933627216959e-03 2.356567291865853823e-05 -7.022321101547885344e-07 -1.124498085837701747e-06 -2.176219510419444628e-03 -2.634798586514197781e-05 1.725996419725881045e-04 1.043092274813009270e-06 3.544134597386383091e-07 -4.887719841387809476e-07 -3.210699628564803632e-06
