theo_error.scale_from_amplitudes = yes
scaling_form = 1
eft_nu = 4.0
eft_C = 1.0237
eft_nu.piN = 5.0
eft_C.piN = 3.6305
residual_list.load = no
residual_list.load.prefix = N2LOsim-525-125.theo
eft_C = 4.70922343432903290
eft_C.piN = 3.63604821264743805
eft_C = 1.55311636626720428
eft_C.piN = 3.65517981350421906
eft_C = 1.38384364545345306
eft_C.piN = 3.67636017501354218
eft_C = 1.26641593873500824
eft_C.piN = 3.67495365440845490
eft_C = 1.22678883373737335
eft_C.piN = 3.67410026490688324
eft_C = 1.20949514210224152
eft_C.piN = 3.67257200181484222
