theo_error.scale_from_amplitudes = yes
scaling_form = 1
eft_nu = 4.0
eft_C = 1.0237
eft_nu.piN = 5.0
eft_C.piN = 3.6305
residual_list.load = no
residual_list.load.prefix = N2LOsim-550-158.theo
eft_C = 2.86834649741649628
eft_C.piN = 3.64039160311222076
eft_C = 1.91837556660175323
eft_C.piN = 3.65360178053379059
eft_C = 1.86552219092845917
eft_C.piN = 3.65692712366580963
eft_C = 1.86358861625194550
eft_C.piN = 3.65713812410831451
