4.034943010034203255e-06 4.032144133715553750e-06 9.306402158146888674e-05 4.012983084890568319e-06 9.320113121941467869e-05 2.239825197325188608e-06 -5.982885759044352127e-05 -5.866190693887077132e-05 -6.192271807614564477e-05 -6.067820029207408167e-05 4.025229882702247694e-06 6.975205348512132620e-05 1.689695364184728201e-05 5.982755876067657628e-04 2.100490564692100368e-03 -2.662552721688180458e-04 1.840050638062232284e-05 8.181724664474933546e-05 -1.375723792416521101e-04 4.382117084674455398e-05 -7.003848546018346874e-05 -6.524998668847587619e-05 3.291562011309954756e-03 -8.164613406435913823e-03 3.924472517086647402e-04 -3.429461982948251190e-04 1.443780814718630710e-06 2.481205065942422609e-11 -1.016543491069442801e-05 -2.027302226346103462e-06 -2.181620233193040984e-09 -5.270837156220029620e-05 1.590612647049124948e-09 -4.931656056008457793e-08 -6.776463517089589614e-08 -1.512133982264700040e-06 -8.628265302077172709e-09 3.427622515390931594e-07 -1.115781458970794570e-07 4.449806481372237575e-07 2.559408702595500396e-10 -2.995999739389341695e-05 9.348337144659081829e-07 2.120856585886662072e-07 -9.576727226377917741e-07 4.845074660456255545e-06 -8.145947111700847254e-07 -1.772205244452329016e-05 -1.244921185146196845e-06 1.551096027991936515e-06 3.081840522190213644e-07 1.467870348190827934e-05
4.032144133715553750e-06 4.030596328030489184e-06 9.313044303466140432e-05 4.015194848119441023e-06 9.321302220922395184e-05 2.278980615105119962e-06 -5.980847217542766399e-05 -5.862465179364811360e-05 -6.191976555026502754e-05 -6.067047301284230094e-05 4.023654474977580985e-06 6.959814906414565027e-05 1.682720794720838253e-05 5.982245344525417494e-04 2.100369628139732003e-03 -2.662852675736050397e-04 1.886277338869073555e-05 8.206864345066434703e-05 -1.376943552639760065e-04 4.375332770868225216e-05 -7.023283833025391787e-05 -6.544244897403793480e-05 3.291991350569067019e-03 -8.164437935821482889e-03 3.925991445077358418e-04 -3.451790546056998817e-04 1.439910733040483350e-06 2.264584242847811732e-11 -9.999048653210915958e-06 -1.365021771949063090e-06 -2.263176570127807530e-09 -5.478751787934987323e-05 1.470813424444477150e-09 -5.284995968598336710e-08 -6.757236304358766472e-08 -1.433092603569658717e-06 -8.553796734939809381e-09 3.398081845131854463e-07 -1.115768384556882293e-07 4.450698741210588692e-07 2.558208202599013731e-10 -3.005782495040005504e-05 9.268898307089775111e-07 2.081699036489162119e-07 -9.335768062500955636e-07 1.075452529204936419e-06 -8.295504330732728457e-07 -1.756210226199257397e-05 -1.215158367407628983e-06 1.550864753890718448e-06 3.084408950571781040e-07 1.467718634446724314e-05
9.306402158146888674e-05 9.313044303466140432e-05 2.279989568796815698e-03 9.376893669023628078e-05 2.271871069870869033e-03 1.339428880440821307e-04 -1.351158073913860582e-03 -1.293534807644194842e-03 -1.469903591951936088e-03 -1.418343223755322942e-03 9.297738696191444390e-05 1.400043553122040478e-03 2.908283958916239279e-04 1.393731283902540329e-02 4.910111096094921246e-02 -6.356257401164122460e-03 1.260734597581860631e-03 2.385818587695460059e-03 -3.463950245865326724e-03 9.085490363850233899e-04 -2.010164367698380472e-03 -1.864953156655461530e-03 7.827443361597570537e-02 -1.914985913613080071e-01 9.514735246807683525e-03 -1.207528537279189962e-02 1.106158220718452490e-05 1.922579805445635390e-10 -1.573927999769750036e-04 -4.196593091911898104e-05 -3.035756096882610078e-09 -3.211751496991302381e-03 2.920688603447270716e-08 -1.105420555333286669e-06 -1.558872653884647163e-06 2.382536148811587224e-05 -1.377180392837914790e-07 5.546776491874647431e-06 -2.464917260231859426e-06 9.920635660712085895e-06 5.583340325241296004e-09 -1.036151417377348958e-03 5.667292303257026712e-06 -2.497508097363069933e-07 -6.592906385180122180e-07 -5.900674461216890430e-05 1.912758247284931273e-06 -2.725163446313480812e-04 -2.979657599901076680e-06 3.608594478411312399e-05 7.714900620759577380e-06 3.418201919797791912e-04
4.012983084890568319e-06 4.015194848119441023e-06 9.376893669023628078e-05 4.636127847263707901e-06 8.965179032639258633e-05 -3.267577235781065561e-06 -6.073484468671439148e-05 -6.372496060358883536e-05 -6.187051598927649553e-05 -6.144697892541020980e-05 4.006371367611294662e-06 7.244099439051797081e-05 2.021723799886205268e-05 5.960248038294226319e-04 2.098699470196948528e-03 -2.709187901670163825e-04 1.193607661398813225e-05 7.971262221322329884e-05 -1.372911520085018117e-04 4.483188306775802824e-05 -6.908981350738823204e-05 -6.115440013572767024e-05 3.304104195937209148e-03 -8.165918887845102433e-03 3.927227311658271821e-04 -3.135022171633836379e-04 1.064689988046375950e-06 -1.203891735845651443e-11 -7.516255653219081154e-06 -1.205011723883083440e-05 7.986218957906078795e-09 -1.908521967195346049e-04 8.277339531549405708e-09 -2.339567463669711616e-07 5.624584293822333459e-07 3.323261694505674448e-05 -5.192864898914577432e-09 2.000199222046028684e-07 -1.195004287583981975e-07 4.806925705420754142e-07 2.578782483398317635e-10 -2.185242781711895708e-05 1.190734218779254771e-06 1.374153747020781576e-07 -6.495220557896861155e-07 -6.965797344254695157e-06 -6.105739221872215785e-07 -1.966608154289632075e-05 -9.396900706082671260e-07 1.560624400631267749e-06 3.061053373725330893e-07 1.466419923701375393e-05
9.320113121941467869e-05 9.321302220922395184e-05 2.271871069870869033e-03 8.965179032639258633e-05 2.298687610948326430e-03 1.652856866054468014e-04 -1.341971664892693166e-03 -1.259665572258467049e-03 -1.469153480003937157e-03 -1.412248550126252340e-03 9.307313908930567369e-05 1.385968052268910563e-03 2.702975698978977168e-04 1.393346942899817420e-02 4.905444040998773597e-02 -6.323758286375222651e-03 1.308390383069824980e-03 2.401901091708647743e-03 -3.465053456538772121e-03 9.000119894942526337e-04 -2.018579869646808939e-03 -1.891275228201692773e-03 7.812972309738114296e-02 -1.912776662693943253e-01 9.506898783544312503e-03 -1.228887527811968125e-02 1.507916774219267677e-05 6.343132700259896454e-10 -1.827762908337068892e-04 6.225977314882843484e-05 -4.301372634723038608e-08 -2.204612421543649704e-03 -4.559664317502052195e-08 1.076007358485271908e-06 -4.788689777555502067e-06 -1.660669442999127107e-04 -1.840256765108458076e-07 7.453432816167439041e-06 -2.552825790358896434e-06 1.024194044695527667e-05 5.866071171538016029e-09 -1.076458038612722583e-03 5.233725882190352912e-06 5.841557544526186869e-07 -4.029500479405394906e-06 5.093909378440963551e-05 -6.720247083821752674e-07 -2.759172382046028334e-04 -6.875963438078247673e-06 3.598646626611743554e-05 7.725172660522480934e-06 3.414885942276849962e-04
2.239825197325188608e-06 2.278980615105119962e-06 1.339428880440821307e-04 -3.267577235781065561e-06 1.652856866054468014e-04 1.651594662958317627e-04 5.141256313400940968e-05 1.402647837845935131e-04 -6.006632870807306665e-05 -3.979411419115203670e-06 2.339640740089469962e-06 -3.274947613190367355e-04 -1.811797565328940643e-04 4.618009402177459480e-04 1.500306151028690934e-03 -9.087287628329400761e-05 1.101877935299611219e-03 6.032256506404724741e-04 -3.422165002570697685e-04 -1.273694175752940921e-04 -4.464086630467497467e-04 -5.564748545168073015e-04 2.912045973552677101e-03 -6.062961560890998969e-03 5.770597733171439281e-04 -5.456129231526859850e-03 -5.683351135266706920e-06 1.309613771728833362e-09 -3.668001906441309461e-06 3.083387869916803483e-05 -1.563291563067549471e-07 -1.892482849349013665e-03 -1.787542077544103215e-09 -9.619949092375605743e-08 -7.841274500155873578e-06 -3.357290151250647719e-04 1.271523728887713680e-07 -5.018280739326371530e-06 1.236921539862757120e-06 -4.931207068325320071e-06 -2.497176113699325919e-09 -5.622284771305318188e-04 -3.023212954287491261e-05 -2.049140318145993679e-06 8.502118836581662204e-06 -4.758572797002157009e-05 8.329565046300115092e-06 1.734705064838816947e-04 1.232815116958490608e-05 4.434752204188886790e-07 7.905862432067072378e-07 9.328114479829044723e-06
-5.982885759044352127e-05 -5.980847217542766399e-05 -1.351158073913860582e-03 -6.073484468671439148e-05 -1.341971664892693166e-03 5.141256313400940968e-05 9.797415750394684181e-04 9.780807527535999996e-04 9.058924465626821704e-04 9.317154073276028058e-04 -5.965482805040927535e-05 -1.292940872357991417e-03 -3.735486493212636632e-04 -8.816526443738537111e-03 -3.110112483982781922e-02 4.061458742166200453e-03 4.314861933851494419e-04 -8.744119409869817623e-04 1.895600068954185133e-03 -7.528140224456722528e-04 7.993675621528301915e-04 6.234498496702845297e-04 -4.861245762623415956e-02 1.208636559061237459e-01 -5.649166949132313278e-03 1.730408970780019859e-03 -1.876740725591703412e-05 2.781579422059127298e-09 1.735405023047361306e-04 1.241437362717032333e-06 1.444949127721214820e-07 -1.210657525321485063e-03 -1.123904842147653143e-09 5.764944467052624790e-08 -1.294221258121379466e-06 -4.275689587225381085e-05 2.461327321250266738e-07 -9.808272982465144124e-06 2.786466288449316274e-06 -1.112057893747202353e-05 -6.154973439263503524e-09 1.111980938618275594e-04 -3.559288442678458313e-05 -3.202321159265834110e-06 1.436799965705062233e-05 -4.618946991631636364e-05 1.220046988163447154e-05 3.572429805992623458e-04 2.012397793635404490e-05 -2.348431976120344099e-05 -4.214270336193498329e-06 -2.179765629619588032e-04
-5.866190693887077132e-05 -5.862465179364811360e-05 -1.293534807644194842e-03 -6.372496060358883536e-05 -1.259665572258467049e-03 1.402647837845935131e-04 9.780807527535999996e-04 1.204712768177917037e-03 8.893499158099381916e-04 9.394971608489852480e-04 -5.844686428309371780e-05 -1.460474674108065609e-03 -4.616451195702527899e-04 -8.536867195496847943e-03 -3.028029557468964877e-02 4.087178819305643633e-03 9.633119832237050425e-04 -6.026149387730332825e-04 1.748674982453479222e-03 -8.142096843030471529e-04 6.087671775275279099e-04 3.328392189717384493e-04 -4.741135267105345968e-02 1.177451382125472845e-01 -5.397892550338024772e-03 -8.820941230947929729e-04 -2.162469247364455220e-05 9.981860487872372363e-10 1.552686607429654597e-04 6.091721947668362594e-05 -2.254820756350994154e-07 2.505204704072327808e-03 -3.920004733263034666e-08 1.210810097574580785e-06 -6.127609642498365844e-06 -2.727208570096389863e-04 2.697577664617835667e-07 -1.066870245210371243e-05 3.252151136509320652e-06 -1.300367187832826122e-05 -7.022994853244108330e-09 -2.406124236814380975e-04 -5.161589869388136335e-05 -4.338962229092077116e-06 1.899704532229651516e-05 2.125238107060651303e-05 1.834314429189145434e-05 4.641932456866279489e-04 2.749802378699437737e-05 -2.333001871505323481e-05 -3.848705698766244019e-06 -2.126293944700087817e-04
-6.192271807614564477e-05 -6.191976555026502754e-05 -1.469903591951936088e-03 -6.187051598927649553e-05 -1.469153480003937157e-03 -6.006632870807306665e-05 9.058924465626821704e-04 8.893499158099381916e-04 9.831420043997637567e-04 9.401977600961769011e-04 -6.181878182121595879e-05 -1.012559501857717391e-03 -2.278374563247800941e-04 -9.207191037732785632e-03 -3.240706237092966235e-02 4.172220579792562840e-03 -5.297502154026047716e-04 -1.409369139302319189e-03 2.203439006235680987e-03 -6.424397118370472805e-04 1.199512290352914689e-03 1.101268559528240445e-03 -5.128657126150332896e-02 1.262129464015986635e-01 -6.169573095859404860e-03 6.502477838469619686e-03 -1.508890014997972836e-05 -1.453643530312555742e-09 2.452212088363693696e-04 2.820321499989996098e-05 2.221200850558916514e-08 1.949210822672516313e-03 -2.757966176099022934e-08 9.849825637405133158e-07 1.258183898222281681e-06 1.493314492393730614e-05 1.076226517152981894e-07 -4.286307566746328846e-06 1.634488788479029072e-06 -6.547332792507910100e-06 -3.729605616850993549e-09 5.363743530297268147e-04 -1.025838670493597729e-05 -1.818885292976951997e-06 8.734605018645007516e-06 1.176740868212534661e-05 7.360845861256137814e-06 2.375880624686987008e-04 1.215452447163495092e-05 -2.392025609112814294e-05 -4.915111728927946556e-06 -2.260285267975168484e-04
-6.067820029207408167e-05 -6.067047301284230094e-05 -1.418343223755322942e-03 -6.144697892541020980e-05 -1.412248550126252340e-03 -3.979411419115203670e-06 9.317154073276028058e-04 9.394971608489852480e-04 9.401977600961769011e-04 9.396069105882231534e-04 -6.054206395957824517e-05 -1.151956372333708990e-03 -3.020929091021475727e-04 -8.980290691248627929e-03 -3.169241147932925357e-02 4.148145660105238483e-03 -7.864737871460621881e-05 -1.166126582582019486e-03 2.064680122942794994e-03 -6.930132351413798106e-04 1.022522111972215889e-03 8.645939006603079249e-04 -5.005003749409623476e-02 1.233987071887389791e-01 -5.929078702170112805e-03 4.266921432914665829e-03 -1.495959006660505433e-05 3.102270634405344630e-10 1.305703624277939853e-04 1.174805983476616502e-05 -6.383867807954522475e-08 2.535677784003474407e-04 -8.955343111056511280e-09 3.530603344587368516e-07 -5.044629787918297538e-07 -3.995221265382781477e-05 1.809903966521974115e-07 -7.222802888737459076e-06 2.295664866774669361e-06 -9.185579851005419797e-06 -5.104140564408170935e-09 3.206774675474446685e-04 -2.332516955110138738e-05 -2.057465698976264842e-06 9.625852281841181261e-06 -1.418287468861808742e-05 7.900028105705919325e-06 2.948305271777019315e-04 1.408997884903057834e-05 -2.370569201989019420e-05 -4.586598815153861727e-06 -2.214535813691286827e-04
4.025229882702247694e-06 4.023654474977580985e-06 9.297738696191444390e-05 4.006371367611294662e-06 9.307313908930567369e-05 2.339640740089469962e-06 -5.965482805040927535e-05 -5.844686428309371780e-05 -6.181878182121595879e-05 -6.054206395957824517e-05 4.128271462790518866e-06 6.895956269555828140e-05 1.815871650427661305e-05 5.972024736288692164e-04 2.096681713614656061e-03 -2.657372722422992272e-04 1.927046204212174292e-05 8.213397075310566154e-05 -1.375393780664324887e-04 4.361124917536272270e-05 -7.025636557030331725e-05 -6.554351690289799966e-05 3.286263662740829435e-03 -8.150105993391904696e-03 3.920078078458819754e-04 -3.466668450280401947e-04 1.443141909483646794e-06 2.416512258500234733e-11 -1.003437156550180698e-05 -1.386067191944401341e-06 -2.310241228232660354e-09 -5.598330763621993378e-05 1.529734731737907737e-09 -5.381254750471217650e-08 -7.060519618895176772e-08 -1.555178746598287677e-06 7.644520229557359367e-06 6.380269441515844686e-07 -3.757401333068328752e-06 2.739724053758366183e-08 1.121083721763633900e-09 -3.708748121354651472e-05 6.015250027972423806e-07 2.086982875801229023e-07 -9.354206403392409173e-07 1.059399795799525590e-06 -8.324495966572698101e-07 2.304282662991976151e-04 3.319811820167084936e-06 1.547807999651473933e-06 3.081156743230481087e-07 1.465102999321860973e-05
6.975205348512132620e-05 6.959814906414565027e-05 1.400043553122040478e-03 7.244099439051797081e-05 1.385968052268910563e-03 -3.274947613190367355e-04 -1.292940872357991417e-03 -1.460474674108065609e-03 -1.012559501857717391e-03 -1.151956372333708990e-03 6.895956269555828140e-05 2.768353641305686813e-03 8.801770885354025329e-04 9.966295816343832825e-03 3.545962817747615181e-02 -4.876692012832110554e-03 -2.799166610263399777e-03 -1.476732992140897781e-04 -1.654876877027701551e-03 1.195456342244331956e-03 -8.346783721082523533e-05 3.781218975266471133e-04 5.439072997766332407e-02 -1.373911523901479304e-01 5.831583320535883852e-03 9.056245554400968803e-03 3.707665524707333805e-05 -3.654459768958207607e-09 -2.037087011840630507e-04 9.390187248602013901e-05 2.728253904380490656e-07 7.708369901321883086e-03 -7.719052535657366344e-08 2.596637888679814302e-06 7.904725010954498327e-06 1.991976156600095966e-04 -1.694056333606656667e-05 2.621868362113044645e-05 1.045146639315647342e-05 2.755172921462182667e-05 -2.431251668775682968e-05 1.159023955969189137e-03 1.166462659313452846e-04 8.737533965196795459e-06 -3.767653228626622122e-05 2.314451142658101833e-04 -3.434146332517689227e-05 -1.555847276883045530e-03 -6.702729349341868953e-05 2.824067366317679732e-05 3.608894666512990896e-06 2.509011080497613468e-04
1.689695364184728201e-05 1.682720794720838253e-05 2.908283958916239279e-04 2.021723799886205268e-05 2.702975698978977168e-04 -1.811797565328940643e-04 -3.735486493212636632e-04 -4.616451195702527899e-04 -2.278374563247800941e-04 -3.020929091021475727e-04 1.815871650427661305e-05 8.801770885354025329e-04 3.974166363590206450e-04 2.341787473756490757e-03 8.426565273326042799e-03 -1.235246630844425916e-03 -1.416546491400874283e-03 -4.088922721752101053e-04 -2.272354424087074352e-04 3.937839248494473315e-04 2.510624105026955594e-04 4.435821306214690271e-04 1.257212878974664147e-02 -3.250732736852025850e-02 1.185322739142239973e-03 5.745324367367842314e-03 1.174312819509662206e-05 -2.041780932185324078e-09 -2.064796306925004762e-05 2.829015827021550490e-06 1.679108055262797098e-07 3.714036164529633394e-03 1.730056722749925043e-08 1.043540531841350845e-06 6.035318344531335399e-06 2.098792010362457027e-04 -2.865070463677310419e-06 5.863054363032162237e-06 -1.466212194748448374e-04 -6.198566871828653215e-06 -4.052243288947015277e-06 -9.003806910095108374e-05 2.935591098776452575e-05 3.097306958513846624e-06 -1.295061273530117217e-05 1.616115923288075659e-04 -1.089203913395768641e-05 2.924063897483420663e-03 4.022989486184708197e-05 7.182172964864786972e-06 4.667683637858854612e-07 6.040566391338809428e-05
5.982755876067657628e-04 5.982245344525417494e-04 1.393731283902540329e-02 5.960248038294226319e-04 1.393346942899817420e-02 4.618009402177459480e-04 -8.816526443738537111e-03 -8.536867195496847943e-03 -9.207191037732785632e-03 -8.980290691248627929e-03 5.972024736288692164e-04 9.966295816343832825e-03 2.341787473756490757e-03 8.904758673919013767e-02 3.124746872769196826e-01 -3.947573997804432883e-02 3.898408517602400952e-03 1.274481262743487088e-02 -2.071770610598971593e-02 6.349056281828028420e-03 -1.083261624227546682e-02 -1.025697473704123217e-02 4.901418948293136402e-01 -1.214775767186502708e+00 5.868301517602923789e-02 -5.656430250332690479e-02 1.896852302311973447e-04 2.058215276527262127e-09 -1.314611840608185308e-03 -2.425554737600392940e-04 -5.330561528362888647e-07 -1.016481660050669138e-02 2.364382953796595700e-07 -8.521727089264189984e-06 -1.237695530128472398e-05 -2.527261070590148574e-04 -1.147793858291402417e-06 4.565666717632496738e-05 -1.589057419152975053e-05 6.345433374206759804e-05 3.652981045211476350e-08 -5.095814451109233895e-03 1.068053513091737596e-04 2.507508417149108612e-05 -1.161895032864320560e-04 2.060112840812551729e-05 -9.963052784899670993e-05 -2.386536093369146915e-03 -1.509714100593833284e-04 2.299929398623755785e-04 4.644478845365904239e-05 2.182466512130843469e-03
2.100490564692100368e-03 2.100369628139732003e-03 4.910111096094921246e-02 2.098699470196948528e-03 4.905444040998773597e-02 1.500306151028690934e-03 -3.110112483982781922e-02 -3.028029557468964877e-02 -3.240706237092966235e-02 -3.169241147932925357e-02 2.096681713614656061e-03 3.545962817747615181e-02 8.426565273326042799e-03 3.124746872769196826e-01 1.112889295119221966e+00 -1.395796024114508149e-01 1.306666414095056933e-02 4.202026549035275255e-02 -6.551029554813872502e-02 1.920449784264407350e-02 -3.980856811700836384e-02 2.542621054629168320e-02 1.612059610113524055e+00 -4.294378756257658303e+00 1.361144391432950740e-01 -1.520023447626174251e-01 6.237992886921224760e-04 5.043458197814713435e-09 -4.596406119330011079e-03 -7.948771091227705386e-04 -1.226947919142712909e-06 -3.439852207989062272e-02 7.489534561492062131e-07 -2.719007635833884360e-05 -3.440341239442545516e-05 -4.800754092183664957e-04 -4.276250480422544054e-06 1.702922779962121524e-04 -5.891749755842437818e-05 2.354554401799181513e-04 1.345282398236148077e-07 -1.725673427092421289e-02 4.199114459010640362e-04 8.078049757862014804e-05 -3.767385979172553634e-04 6.342509909531269499e-05 -3.187183665740024423e-04 -8.509975145405815344e-03 -4.998869270423713122e-04 7.218460921654143523e-04 1.742854134718055837e-04 9.050188689617478383e-03
-2.662552721688180458e-04 -2.662852675736050397e-04 -6.356257401164122460e-03 -2.709187901670163825e-04 -6.323758286375222651e-03 -9.087287628329400761e-05 4.061458742166200453e-03 4.087178819305643633e-03 4.172220579792562840e-03 4.148145660105238483e-03 -2.657372722422992272e-04 -4.876692012832110554e-03 -1.235246630844425916e-03 -3.947573997804432883e-02 -1.395796024114508149e-01 1.847787820341608919e-02 -1.137088452030867239e-03 -5.609293259710803649e-03 9.354026674893904311e-03 -2.943994697907622877e-03 4.886466470757043490e-03 4.111586994136202586e-03 -2.220560569332307166e-01 5.442689782594821724e-01 -2.648285633195725935e-02 2.268896585808994476e-02 -4.564382496495250749e-05 1.126426894616624874e-09 5.679333892849106882e-04 5.510910404431411586e-05 -3.599392807640050981e-07 3.268325444233295424e-03 -2.988251659825208637e-08 1.258289279447403708e-06 -2.911008214737700156e-06 -2.649045726101348147e-04 7.417138105887632240e-07 -2.968124752576525109e-05 9.987296293229900064e-06 -4.005211810486172157e-05 -2.211040909829492318e-08 1.670354048875846275e-03 -8.970580655947411213e-05 -4.513270261202249512e-06 2.313043427882530370e-05 -2.380235910943101436e-06 1.586208453841322138e-05 1.186895287535835730e-03 3.964861211091022102e-05 -1.043732532744306692e-04 -2.071658194757536390e-05 -9.739085669548632656e-04
1.840050638062232284e-05 1.886277338869073555e-05 1.260734597581860631e-03 1.193607661398813225e-05 1.308390383069824980e-03 1.101877935299611219e-03 4.314861933851494419e-04 9.633119832237050425e-04 -5.297502154026047716e-04 -7.864737871460621881e-05 1.927046204212174292e-05 -2.799166610263399777e-03 -1.416546491400874283e-03 3.898408517602400952e-03 1.306666414095056933e-02 -1.137088452030867239e-03 9.743652665888715911e-03 5.426743701804838567e-03 -3.120333977895132366e-03 -1.121695935852316459e-03 -4.063204383427675842e-03 -4.830263279888377670e-03 2.699600690398382130e-02 -5.363986526134164462e-02 5.263487756401366742e-03 -4.836612934308610195e-02 -7.480085559722432444e-05 9.801585878021238093e-09 1.614791693989873675e-04 -1.703298409840865843e-04 -5.520629900335160102e-07 -2.535639475311679894e-02 1.334364496852228061e-07 -4.861769946327632146e-06 -2.118314571116738218e-05 -3.843334492643777560e-04 1.180393496248194073e-06 -4.675167441310330521e-05 9.253361350858106186e-06 -3.659434633145552083e-05 -1.952084000222323171e-08 -4.578044792352482968e-03 -2.499324984629972424e-04 -2.315966879555473367e-05 9.640124651879928479e-05 -5.662338368295464922e-04 9.417768712769875050e-05 1.359153894471139398e-03 1.286439121693290651e-04 4.349787176331088571e-06 7.092959534532912960e-06 8.034798116353008342e-05
8.181724664474933546e-05 8.206864345066434703e-05 2.385818587695460059e-03 7.971262221322329884e-05 2.401901091708647743e-03 6.032256506404724741e-04 -8.744119409869817623e-04 -6.026149387730332825e-04 -1.409369139302319189e-03 -1.166126582582019486e-03 8.213397075310566154e-05 -1.476732992140897781e-04 -4.088922721752101053e-04 1.274481262743487088e-02 4.202026549035275255e-02 -5.609293259710803649e-03 5.426743701804838567e-03 9.544271523633868909e-03 -1.081376107995507888e-02 1.319925125316680431e-03 -2.525553507535235019e-03 -1.767163861566126842e-02 9.742383444052721275e-02 -1.714692276349971956e-01 -8.224135320862545340e-04 -1.333894949887126993e-02 -2.715543568325008396e-05 4.836275119257575567e-09 -6.891615154427489320e-05 -1.041890192105214129e-04 -1.895238798379360861e-07 -1.420765383937133003e-02 7.784213339955987638e-08 -2.883227021757933827e-06 -1.030194327599930063e-05 -1.282627820763164949e-04 4.182872532473759291e-07 -1.648344927443931134e-05 2.142553403507600681e-06 -8.321228211112100578e-06 -4.239337963162349506e-09 -2.855923130384861557e-03 -1.068491763663419609e-04 -1.098597053704920467e-05 4.455640502759856232e-05 -2.970332306792471209e-04 4.535649726932443598e-05 3.921839875059118363e-04 5.702360239660662260e-05 8.500934246987851804e-05 -1.808280596130739824e-05 2.919433790909297831e-05
-1.375723792416521101e-04 -1.376943552639760065e-04 -3.463950245865326724e-03 -1.372911520085018117e-04 -3.465053456538772121e-03 -3.422165002570697685e-04 1.895600068954185133e-03 1.748674982453479222e-03 2.203439006235680987e-03 2.064680122942794994e-03 -1.375393780664324887e-04 -1.654876877027701551e-03 -2.272354424087074352e-04 -2.071770610598971593e-02 -6.551029554813872502e-02 9.354026674893904311e-03 -3.120333977895132366e-03 -1.081376107995507888e-02 5.018512735075509462e-02 -2.809619157192292521e-02 8.540239571049899892e-03 4.134765627157033913e-02 -1.820091943505568466e-01 2.739116340826071583e-01 -6.354796906906368115e-02 4.644682705251457211e-02 -1.073755935578590973e-05 -2.255909165679038584e-09 2.459820924833913919e-04 7.951110184070895302e-05 6.287049402646339886e-08 8.222353994982164321e-03 -6.155763731425407515e-08 2.290826131262682891e-06 5.334106070651248576e-06 2.994543077601217725e-05 3.356505806190976559e-08 -1.443607437058517921e-06 2.154491338813880079e-06 -8.748421962698955289e-06 -5.116695711267711404e-09 2.088429382487831491e-03 2.535049265946325286e-05 2.410465784140251309e-06 -7.705335952860284482e-06 1.399249627579643180e-04 -1.079340818102111971e-05 2.293884754734845524e-04 -7.740622727208869871e-06 -7.804901743992050415e-04 2.462549543916833089e-05 1.209527923847111396e-03
4.382117084674455398e-05 4.375332770868225216e-05 9.085490363850233899e-04 4.483188306775802824e-05 9.000119894942526337e-04 -1.273694175752940921e-04 -7.528140224456722528e-04 -8.142096843030471529e-04 -6.424397118370472805e-04 -6.930132351413798106e-04 4.361124917536272270e-05 1.195456342244331956e-03 3.937839248494473315e-04 6.349056281828028420e-03 1.920449784264407350e-02 -2.943994697907622877e-03 -1.121695935852316459e-03 1.319925125316680431e-03 -2.809619157192292521e-02 1.904875902350836731e-02 -3.484262958851992720e-03 -1.413385214474482260e-02 5.776758144076687973e-02 -7.976690309792031086e-02 3.975081949078791699e-02 -2.166610539480324713e-02 2.368624871994453885e-05 -1.338835345672888004e-09 -1.244605745222099010e-04 7.999285499445701777e-06 6.502061133812546964e-08 2.903797273995821319e-03 -4.211276305678367450e-09 1.510301206543589004e-07 2.460569648589383534e-06 5.270768705041021173e-05 -2.689282867618110463e-07 1.067654065175674299e-05 -2.693897795419973650e-06 1.071400337257140693e-05 5.902997791909722907e-09 2.879957954796300663e-04 4.605674639321769329e-05 4.964765599264644145e-06 -2.154146156395892085e-05 8.248235729056910682e-05 -1.994133369320904192e-05 -3.859136778515900607e-04 -2.891317955414365737e-05 5.166130772162835739e-04 -1.260747912499695701e-05 -8.104060258876456032e-04
-7.003848546018346874e-05 -7.023283833025391787e-05 -2.010164367698380472e-03 -6.908981350738823204e-05 -2.018579869646808939e-03 -4.464086630467497467e-04 7.993675621528301915e-04 6.087671775275279099e-04 1.199512290352914689e-03 1.022522111972215889e-03 -7.025636557030331725e-05 -8.346783721082523533e-05 2.510624105026955594e-04 -1.083261624227546682e-02 -3.980856811700836384e-02 4.886466470757043490e-03 -4.063204383427675842e-03 -2.525553507535235019e-03 8.540239571049899892e-03 -3.484262958851992720e-03 7.343237082424163009e-02 -2.787852479016271479e-03 -5.032946517052700602e-02 1.505774836742088396e-01 -1.630660818343236396e-01 1.857846836737802876e-01 2.224042296319916719e-05 -3.423650254690720332e-09 6.858725141433956863e-05 7.555600561335736021e-05 7.994450868391676281e-08 1.067356689558916251e-02 -5.303043650602769249e-08 1.990935478286598700e-06 6.929706855335796787e-06 5.569890445543966876e-05 -2.707680319260049388e-07 1.063318293331319798e-05 -1.040291519339092975e-06 3.957906204014866166e-06 1.975594713173366224e-09 2.148704391483000076e-03 7.380662682459821259e-05 8.675908795792539136e-06 -3.517051001522093014e-05 2.236887068062824919e-04 -3.599681210108893041e-05 -2.458800353962488361e-04 -4.391848486288975567e-05 -5.425236807988945229e-06 -1.941955449451385814e-04 -1.342831412721608685e-04
-6.524998668847587619e-05 -6.544244897403793480e-05 -1.864953156655461530e-03 -6.115440013572767024e-05 -1.891275228201692773e-03 -5.564748545168073015e-04 6.234498496702845297e-04 3.328392189717384493e-04 1.101268559528240445e-03 8.645939006603079249e-04 -6.554351690289799966e-05 3.781218975266471133e-04 4.435821306214690271e-04 -1.025697473704123217e-02 2.542621054629168320e-02 4.111586994136202586e-03 -4.830263279888377670e-03 -1.767163861566126842e-02 4.134765627157033913e-02 -1.413385214474482260e-02 -2.787852479016271479e-03 7.929776717864401858e-01 -1.628531546860793044e+00 5.794318226371972802e-01 -6.086396143214258814e-01 3.943165808932828087e-01 8.551646764024694626e-06 -4.933796513394196704e-09 5.615116756940816307e-05 1.084877839140836639e-04 4.021097466196084892e-07 1.251929467292687247e-02 -9.536119550590776084e-08 3.428698229721823397e-06 1.212029195171244190e-05 2.619369617158029081e-04 -4.584976464329647756e-07 1.817896791927583132e-05 -3.130866077143309968e-06 1.237292989215856389e-05 6.266181463642415646e-09 2.636090438308509067e-03 1.088890476940048129e-04 6.794461906378102385e-06 -2.699529926481019336e-05 2.498678734187208370e-04 -2.759780666197555218e-05 -4.017122461626003189e-04 -3.826946173693797316e-05 -2.085425621923268002e-04 -3.056778132303070638e-04 5.096076553426460640e-03
3.291562011309954756e-03 3.291991350569067019e-03 7.827443361597570537e-02 3.304104195937209148e-03 7.812972309738114296e-02 2.912045973552677101e-03 -4.861245762623415956e-02 -4.741135267105345968e-02 -5.128657126150332896e-02 -5.005003749409623476e-02 3.286263662740829435e-03 5.439072997766332407e-02 1.257212878974664147e-02 4.901418948293136402e-01 1.612059610113524055e+00 -2.220560569332307166e-01 2.699600690398382130e-02 9.742383444052721275e-02 -1.820091943505568466e-01 5.776758144076687973e-02 -5.032946517052700602e-02 -1.628531546860793044e+00 5.877226905644484134e+00 -7.658699731608687777e+00 1.587728240581225414e+00 -1.136271373246825256e+00 7.593152727444967909e-04 9.130406375726593581e-09 -6.955160179046107963e-03 -1.196344578244974699e-03 -1.788175387097165172e-07 -7.199306838126988406e-02 1.006915223467691467e-06 -3.732374937195315711e-05 -4.137802876752520270e-05 3.151145798354843333e-04 -6.457977653864086240e-06 2.580324952237802224e-04 -9.435734937137168143e-05 3.780414961381255048e-04 2.139024876329523562e-07 -2.883138250340199979e-02 5.852625172266911861e-04 7.998886637799730538e-05 -3.926586357890723706e-04 -4.415842891128189370e-04 -3.046015339533596558e-04 -1.249873633781290079e-02 -5.592186182064830735e-04 1.457704573434542676e-03 9.282905667289910109e-04 2.422845845279988659e-03
-8.164613406435913823e-03 -8.164437935821482889e-03 -1.914985913613080071e-01 -8.165918887845102433e-03 -1.912776662693943253e-01 -6.062961560890998969e-03 1.208636559061237459e-01 1.177451382125472845e-01 1.262129464015986635e-01 1.233987071887389791e-01 -8.150105993391904696e-03 -1.373911523901479304e-01 -3.250732736852025850e-02 -1.214775767186502708e+00 -4.294378756257658303e+00 5.442689782594821724e-01 -5.363986526134164462e-02 -1.714692276349971956e-01 2.739116340826071583e-01 -7.976690309792031086e-02 1.505774836742088396e-01 5.794318226371972802e-01 -7.658699731608687777e+00 1.720811797774316076e+01 -1.072540584286612031e+00 9.619485315637511524e-01 -2.316381767185148478e-03 -1.971489540904009604e-08 1.774924278058857829e-02 3.055516701391011551e-03 3.840087639562642094e-06 1.417022899438065697e-01 -2.818336371247563684e-06 1.027129206963939636e-04 1.261390609445215848e-04 1.294765959098154433e-03 1.656152794207171541e-05 -6.599555179700539393e-04 2.305838279224702166e-04 -9.219682783514512696e-04 -5.256151606561401329e-07 6.776351433607261110e-02 -1.608221780777273520e-03 -2.912207868243237604e-04 1.367676766525113743e-03 2.341277170655998129e-06 1.143483495841199956e-03 3.272316392097331106e-02 1.834502753753705076e-03 -2.730362770451343415e-03 -1.036938118122068386e-03 -3.273718636319687680e-02
3.924472517086647402e-04 3.925991445077358418e-04 9.514735246807683525e-03 3.927227311658271821e-04 9.506898783544312503e-03 5.770597733171439281e-04 -5.649166949132313278e-03 -5.397892550338024772e-03 -6.169573095859404860e-03 -5.929078702170112805e-03 3.920078078458819754e-04 5.831583320535883852e-03 1.185322739142239973e-03 5.868301517602923789e-02 1.361144391432950740e-01 -2.648285633195725935e-02 5.263487756401366742e-03 -8.224135320862545340e-04 -6.354796906906368115e-02 3.975081949078791699e-02 -1.630660818343236396e-01 -6.086396143214258814e-01 1.587728240581225414e+00 -1.072540584286612031e+00 3.168388100311342992e+00 -2.743705179094618973e+00 7.224449301688660140e-05 3.119833040567465201e-09 -7.855686226136558876e-04 -1.761172550307477623e-04 -1.202661742196087985e-07 -1.391268739381960884e-02 1.450794523208145197e-07 -5.368068168252919853e-06 -9.165489259526865356e-06 -3.310443900911470578e-05 -5.157669400001324906e-07 2.070087391009910698e-05 -9.241038594785707912e-06 3.713156071379069981e-05 2.123736304061706956e-08 -4.368420032271316290e-03 1.667493772407273160e-05 4.237780127663054761e-06 -2.465656742591502710e-05 -1.742017187431573789e-04 -1.474547179905168551e-05 -1.186765924673463882e-03 -3.741001921039318690e-05 5.643135089849028252e-04 -7.397070942959439212e-04 -3.752560847309121574e-03
-3.429461982948251190e-04 -3.451790546056998817e-04 -1.207528537279189962e-02 -3.135022171633836379e-04 -1.228887527811968125e-02 -5.456129231526859850e-03 1.730408970780019859e-03 -8.820941230947929729e-04 6.502477838469619686e-03 4.266921432914665829e-03 -3.466668450280401947e-04 9.056245554400968803e-03 5.745324367367842314e-03 -5.656430250332690479e-02 -1.520023447626174251e-01 2.268896585808994476e-02 -4.836612934308610195e-02 -1.333894949887126993e-02 4.644682705251457211e-02 -2.166610539480324713e-02 1.857846836737802876e-01 3.943165808932828087e-01 -1.136271373246825256e+00 9.619485315637511524e-01 -2.743705179094618973e+00 2.702579351637524496e+00 2.985822544679107545e-04 -4.717766822611333501e-08 -2.283798289614605813e-04 8.994686106972304713e-04 2.605504716608362395e-06 1.260166692917427944e-01 -7.082457835782946005e-07 2.586565987458227023e-05 1.034270261044533540e-04 1.781811377409942606e-03 -5.095703212549981438e-06 2.016383867074242439e-04 -3.649278038562417956e-05 1.439239802509019450e-04 7.584831819790413359e-08 2.396133852445543611e-02 1.140016953971194347e-03 1.042011021349560109e-04 -4.291470482856135204e-04 2.725416805996815767e-03 -4.254105669364289361e-04 -5.481925018450484535e-03 -5.693816623878144006e-04 -3.438538375133286295e-04 8.870782135916800617e-04 7.202356415528772884e-04
1.443780814718630710e-06 1.439910733040483350e-06 1.106158220718452490e-05 1.064689988046375950e-06 1.507916774219267677e-05 -5.683351135266706920e-06 -1.876740725591703412e-05 -2.162469247364455220e-05 -1.508890014997972836e-05 -1.495959006660505433e-05 1.443141909483646794e-06 3.707665524707333805e-05 1.174312819509662206e-05 1.896852302311973447e-04 6.237992886921224760e-04 -4.564382496495250749e-05 -7.480085559722432444e-05 -2.715543568325008396e-05 -1.073755935578590973e-05 2.368624871994453885e-05 2.224042296319916719e-05 8.551646764024694626e-06 7.593152727444967909e-04 -2.316381767185148478e-03 7.224449301688660140e-05 2.985822544679107545e-04 8.690317195841754843e-05 4.064971243076512682e-11 -2.130436745391149056e-05 9.186143456661166924e-07 -1.010865292244007653e-08 1.226377127195268002e-04 9.985812354674635660e-09 -8.259332524198282564e-08 -2.511345466111609259e-07 -1.759745276333193393e-05 8.276683163580742631e-08 5.534422614724232634e-09 1.601754852627886655e-07 -3.311682173109498292e-07 -2.509755475226351389e-10 1.731736543475614226e-05 9.146524589842144036e-07 8.416367857709874787e-06 -3.776902782321085552e-06 1.908399439574675171e-05 -4.721225630067432943e-06 2.603326040056391788e-05 -4.582782126681758338e-06 4.441181761073524098e-07 3.466158655825511959e-08 4.528616926358457489e-06
2.481205065942422609e-11 2.264584242847811732e-11 1.922579805445635390e-10 -1.203891735845651443e-11 6.343132700259896454e-10 1.309613771728833362e-09 2.781579422059127298e-09 9.981860487872372363e-10 -1.453643530312555742e-09 3.102270634405344630e-10 2.416512258500234733e-11 -3.654459768958207607e-09 -2.041780932185324078e-09 2.058215276527262127e-09 5.043458197814713435e-09 1.126426894616624874e-09 9.801585878021238093e-09 4.836275119257575567e-09 -2.255909165679038584e-09 -1.338835345672888004e-09 -3.423650254690720332e-09 -4.933796513394196704e-09 9.130406375726593581e-09 -1.971489540904009604e-08 3.119833040567465201e-09 -4.717766822611333501e-08 4.064971243076512682e-11 2.113934806670089064e-13 -4.157185078247965491e-09 -6.577139113904957194e-10 1.066549549164256894e-11 -6.124615009666978526e-08 8.787499309272170275e-13 -3.095388870888372545e-11 -5.401613151889494184e-11 -1.845106365814840619e-09 2.710110553404752510e-12 -1.137671026982373780e-10 2.979541309471962302e-11 -1.200228631012724925e-10 -5.968329937781244477e-14 -2.875374682620892748e-09 -3.320529408697693737e-10 3.710907745740696030e-11 -2.578266298372075560e-10 -7.676319432242706426e-11 -2.976563365388594567e-10 1.372561306188021597e-10 -2.947976767462734388e-10 -3.638053135741670115e-12 5.534322183312973541e-12 2.667787034289659164e-11
-1.016543491069442801e-05 -9.999048653210915958e-06 -1.573927999769750036e-04 -7.516255653219081154e-06 -1.827762908337068892e-04 -3.668001906441309461e-06 1.735405023047361306e-04 1.552686607429654597e-04 2.452212088363693696e-04 1.305703624277939853e-04 -1.003437156550180698e-05 -2.037087011840630507e-04 -2.064796306925004762e-05 -1.314611840608185308e-03 -4.596406119330011079e-03 5.679333892849106882e-04 1.614791693989873675e-04 -6.891615154427489320e-05 2.459820924833913919e-04 -1.244605745222099010e-04 6.858725141433956863e-05 5.615116756940816307e-05 -6.955160179046107963e-03 1.774924278058857829e-02 -7.855686226136558876e-04 -2.283798289614605813e-04 -2.130436745391149056e-05 -4.157185078247965491e-09 1.047479360009048862e-03 1.979336977321571094e-05 7.974079078394078204e-07 3.394652954982212839e-03 -4.420013402370497979e-08 1.610613635517060567e-06 2.954330568900612606e-06 1.499847116144217190e-04 2.509363155365097381e-08 1.393930998795672161e-06 -5.955290662853330403e-07 2.676817486091516454e-06 1.720425566343696605e-09 -1.530187210561320026e-04 -5.783695508185563325e-06 -5.506469212679949181e-06 2.288453806331629028e-05 -7.091317744686650320e-05 2.461579509297861894e-05 1.352253233127165451e-04 2.821477029091750869e-05 -3.464121712108345244e-06 -5.566666142563853525e-07 -3.240301421539801150e-05
-2.027302226346103462e-06 -1.365021771949063090e-06 -4.196593091911898104e-05 -1.205011723883083440e-05 6.225977314882843484e-05 3.083387869916803483e-05 1.241437362717032333e-06 6.091721947668362594e-05 2.820321499989996098e-05 1.174805983476616502e-05 -1.386067191944401341e-06 9.390187248602013901e-05 2.829015827021550490e-06 -2.425554737600392940e-04 -7.948771091227705386e-04 5.510910404431411586e-05 -1.703298409840865843e-04 -1.041890192105214129e-04 7.951110184070895302e-05 7.999285499445701777e-06 7.555600561335736021e-05 1.084877839140836639e-04 -1.196344578244974699e-03 3.055516701391011551e-03 -1.761172550307477623e-04 8.994686106972304713e-04 9.186143456661166924e-07 -6.577139113904957194e-10 1.979336977321571094e-05 1.132894098105590884e-03 -3.462190372471782562e-08 4.674848166597782989e-03 3.797639391133337516e-06 1.187166946361523059e-05 -4.308527466799278733e-06 -3.609647430192145911e-04 6.985623806729770384e-06 1.399550115315412223e-05 5.182301440267609530e-06 8.400989092754779561e-06 4.765830805230676726e-08 1.789121935938705731e-04 1.905807675435533950e-05 4.591501061990343654e-07 -1.793682641354299803e-06 -2.319961071361769950e-03 -2.765172073002756956e-05 -7.118626411222763167e-05 -3.470642186353369225e-06 -4.378701718384215613e-07 -1.910634821110850323e-07 -5.444169666640782308e-06
