par.Ct_1S0np = -0.149611035184676
par.Ct_1S0pp = -0.148809816950057
par.C_1S0 = 2.52687608431729
par.Ct_3S1 = -0.180750852284318
par.C_3S1 = 0.739710535134908
par.C_3S1-3D1 = 0.657386830302102
par.C_3P0 = 1.18335083958285
par.C_1P1 = 0.663464903932912
par.C_3P1 = -0.966501819407742
par.C_3P2 = -0.639350834458053
par.Ct_1S0nn = -0.149284551530755
par.c_D = -0.594247767260769
par.c_E = -0.528487514413023
par.c1 = -0.502267364274713E-01
par.c2 = 4.19295236902562
par.c3 = -3.44763575900664
par.c4 = 4.23540299641084
par.d1+d2 = 5.45065702350610
par.d3 = -4.85508209930646
par.d5 = -0.299205809708897
par.d14-d15 = -10.3220260116379
par.e14 = -0.370070163956204
par.e15 = -10.4116511849799
par.e16 = 3.48889435722261
par.e17 = 1.44564262700234
par.e18 = -2.50822950291466
par.Ct_1S0np = -0.150145550106324
par.Ct_1S0pp = -0.149370206630535
par.C_1S0 = 2.50826829210283
par.Ct_3S1 = -0.180010810407087
par.C_3S1 = 0.718600935361023
par.C_3S1-3D1 = 0.593578676397843
par.C_3P0 = 1.16106182118371
par.C_1P1 = 0.541746682783241
par.C_3P1 = -0.958902216172735
par.C_3P2 = -0.664420628256669
par.Ct_1S0nn = -0.149867100446597
par.c_D = -0.414654235170612
par.c_E = -0.434379937716405
par.c1 = -0.228094643139342
par.c2 = 3.79843638690260
par.c3 = -3.58223144852900
par.c4 = 3.79184832784981
par.d1+d2 = 5.25508231655500
par.d3 = -4.77376598769477
par.d5 = -0.239562211809705
par.d14-d15 = -10.1981648231018
par.e14 = -0.117995055351670
par.e15 = -10.6285486320416
par.e16 = 4.79190143089377
par.e17 = 1.33467527338532
par.e18 = -0.397796575765229
par.Ct_1S0np = -0.150080171064696
par.Ct_1S0pp = -0.149302602576948
par.C_1S0 = 2.51108146853809
par.Ct_3S1 = -0.180090910892659
par.C_3S1 = 0.721818887006764
par.C_3S1-3D1 = 0.600369357170703
par.C_3P0 = 1.16370132166312
par.C_1P1 = 0.550979802334149
par.C_3P1 = -0.960204151175032
par.C_3P2 = -0.662689196646245
par.Ct_1S0nn = -0.149796736536039
par.c_D = -0.431933612848379
par.c_E = -0.443659425428224
par.c1 = -0.210798293506103
par.c2 = 3.84219247681587
par.c3 = -3.57371529752742
par.c4 = 3.83805035518446
par.d1+d2 = 5.27692983044350
par.d3 = -4.78370643584038
par.d5 = -0.245699261996568
par.d14-d15 = -10.2131844823933
par.e14 = -0.140941020753533
par.e15 = -10.5839481610051
par.e16 = 4.63541775160802
par.e17 = 1.34168029365921
par.e18 = -0.614831360320127
par.Ct_1S0np = -0.150077895785472
par.Ct_1S0pp = -0.149300341930538
par.C_1S0 = 2.51101034842213
par.Ct_3S1 = -0.180086468215308
par.C_3S1 = 0.721703015373014
par.C_3S1-3D1 = 0.600252853263371
par.C_3P0 = 1.16352664527980
par.C_1P1 = 0.550761933593260
par.C_3P1 = -0.960254851760426
par.C_3P2 = -0.662724132321230
par.Ct_1S0nn = -0.149794497402217
par.c_D = -0.431600230263858
par.c_E = -0.443361845551862
par.c1 = -0.210603173944888
par.c2 = 3.84281621170304
par.c3 = -3.57380998624861
par.c4 = 3.83681881355736
par.d1+d2 = 5.27633942000326
par.d3 = -4.78354207242567
par.d5 = -0.245464583031291
par.d14-d15 = -10.2127334724553
par.e14 = -0.140660033350804
par.e15 = -10.5835050825381
par.e16 = 4.63337888452204
par.e17 = 1.34198177519895
par.e18 = -0.609279515535308
