1.164916639207065001e-06 1.182523444984040979e-06 -2.435970197697154961e-06 5.705616649993811363e-08 -4.362441957749277501e-08 2.826252225464021765e-07 -2.083794428279087584e-06 1.676135100352655801e-06 2.025758005175444418e-06 -1.304713277735287706e-09 0.000000000000000000e+00 0.000000000000000000e+00 0.000000000000000000e+00 0.000000000000000000e+00 0.000000000000000000e+00 0.000000000000000000e+00 0.000000000000000000e+00 0.000000000000000000e+00 0.000000000000000000e+00 0.000000000000000000e+00 0.000000000000000000e+00 0.000000000000000000e+00 0.000000000000000000e+00 0.000000000000000000e+00 0.000000000000000000e+00 0.000000000000000000e+00 -1.643337445040839263e-06 -2.749531146486850068e-10 2.101276646193114586e-05 -1.376325597638694030e-06 -7.294999063263619276e-09 1.133105486814282381e-04 7.508615605924071498e-08 4.438785216140863235e-08 4.217347168846824497e-08 2.459405784659763628e-06 -1.575801492415128033e-04 -1.147399403724972991e-05 2.741475715447408185e-04 3.830130151379942656e-05 2.475481711991551269e-07 7.171230963832707882e-04 1.051422868774984803e-08 -3.728956753822127036e-07 1.499951346645454928e-06 -2.584036247119230092e-06 1.735412692879809335e-06 -1.835176238182577389e-03 -3.965054352404772438e-05 0.000000000000000000e+00 0.000000000000000000e+00 0.000000000000000000e+00
1.182523444984040979e-06 1.203733440068716161e-06 -2.479645412725515409e-06 9.035282613332485791e-08 -1.355846077483913117e-07 2.591644773209477059e-07 -2.116815484402462677e-06 1.725179738817796119e-06 2.071860750736401278e-06 -1.894402108241801638e-09 0.000000000000000000e+00 0.000000000000000000e+00 0.000000000000000000e+00 0.000000000000000000e+00 0.000000000000000000e+00 0.000000000000000000e+00 0.000000000000000000e+00 0.000000000000000000e+00 0.000000000000000000e+00 0.000000000000000000e+00 0.000000000000000000e+00 0.000000000000000000e+00 0.000000000000000000e+00 0.000000000000000000e+00 0.000000000000000000e+00 0.000000000000000000e+00 -1.647297517451350909e-06 -2.800820153518640312e-10 2.145006965041105202e-05 -3.294761967142585277e-06 -7.692319342392142351e-09 1.155841457829580895e-04 -2.901399833218201832e-07 -7.441924970871318447e-08 2.540229661239817015e-08 2.364608553096390855e-06 -1.570019877473876626e-04 -1.126339742879319724e-05 2.822494866582737796e-04 3.950688388326980920e-05 2.882254963877505085e-07 7.576944559871085861e-04 1.106202210563194737e-08 -3.773204261023244420e-07 1.527115740561214898e-06 -1.194570020428201214e-05 1.659470331347577858e-06 -1.868079644346302796e-03 -4.036144960000926301e-05 0.000000000000000000e+00 0.000000000000000000e+00 0.000000000000000000e+00
-2.435970197697154961e-06 -2.479645412725515409e-06 5.108010533877140772e-06 -1.860982366542360846e-07 2.792363478048504827e-07 -5.338837618120099858e-07 4.360253271169235487e-06 -3.553778766536682636e-06 -4.267703183772471209e-06 3.899024100851777767e-09 0.000000000000000000e+00 0.000000000000000000e+00 0.000000000000000000e+00 0.000000000000000000e+00 0.000000000000000000e+00 0.000000000000000000e+00 0.000000000000000000e+00 0.000000000000000000e+00 0.000000000000000000e+00 0.000000000000000000e+00 0.000000000000000000e+00 0.000000000000000000e+00 0.000000000000000000e+00 0.000000000000000000e+00 0.000000000000000000e+00 0.000000000000000000e+00 3.445284661162240285e-06 5.767696762905489571e-10 -4.418568340470206224e-05 6.787152611070049776e-06 1.584459715729272246e-08 -2.380955744426913750e-04 5.976484364726436955e-07 1.532977544957875829e-07 -5.232992910850431168e-08 -4.871181385596473582e-06 3.234251858053681762e-04 2.320284826583783339e-05 -5.814166140588064796e-04 -8.138182123094392416e-05 -5.936882275939033896e-07 -1.560785478742583851e-03 -2.278583446600310996e-08 7.819159365694385234e-07 -3.145264675522281845e-06 2.460772897908051988e-05 -3.418470870701107769e-06 3.848199606472787419e-03 8.314362556087783785e-05 0.000000000000000000e+00 0.000000000000000000e+00 0.000000000000000000e+00
5.705616649993811363e-08 9.035282613332485791e-08 -1.860982366542360846e-07 5.564303978557366374e-06 -1.378218470860317381e-05 -2.588997102242958674e-06 -8.771341572672564294e-07 7.007760915581593835e-06 2.886109975085309415e-06 -2.247520049271573550e-08 0.000000000000000000e+00 0.000000000000000000e+00 0.000000000000000000e+00 0.000000000000000000e+00 0.000000000000000000e+00 0.000000000000000000e+00 0.000000000000000000e+00 0.000000000000000000e+00 0.000000000000000000e+00 0.000000000000000000e+00 0.000000000000000000e+00 0.000000000000000000e+00 0.000000000000000000e+00 0.000000000000000000e+00 0.000000000000000000e+00 0.000000000000000000e+00 -4.378812371421266639e-08 -1.581905794806707023e-10 1.176176725860535857e-05 -2.770030396114006029e-05 -4.474312382956970392e-09 4.379026491367858241e-04 -1.053068421737661335e-05 -2.126513541424517013e-06 -5.589557136275988287e-07 -3.072223854730337896e-05 9.719073807313055764e-04 1.050617546735149667e-04 9.500800588483346906e-04 1.344840987803918339e-04 8.517370457180536449e-06 6.546609339387048955e-03 1.755185934439526300e-07 -2.494450939214990558e-08 1.150153980365849038e-07 -9.092348259647509427e-05 -9.100967667568906404e-07 -1.402000164855838596e-04 -3.029140602451933626e-06 0.000000000000000000e+00 0.000000000000000000e+00 0.000000000000000000e+00
-4.362441957749277501e-08 -1.355846077483913117e-07 2.792363478048504827e-07 -1.378218470860317381e-05 3.798202384200291272e-05 1.902478275449847239e-05 2.384648075699726308e-06 -2.378099286281897115e-05 -6.091163769544137761e-06 1.855674990955975878e-07 0.000000000000000000e+00 0.000000000000000000e+00 0.000000000000000000e+00 0.000000000000000000e+00 0.000000000000000000e+00 0.000000000000000000e+00 0.000000000000000000e+00 0.000000000000000000e+00 0.000000000000000000e+00 0.000000000000000000e+00 0.000000000000000000e+00 0.000000000000000000e+00 0.000000000000000000e+00 0.000000000000000000e+00 0.000000000000000000e+00 0.000000000000000000e+00 3.956580879834193664e-08 3.629949405979022640e-10 -2.491613292040287107e-05 7.544779252227004358e-05 3.341329723721494006e-08 -8.921975953362498712e-04 2.756047525285951083e-05 5.865480944331053841e-06 3.093153702137580030e-06 1.925063927491791563e-04 -2.042677307994994647e-03 -2.229955478531177456e-04 -1.976351202660575710e-03 -2.822050070939480411e-04 -1.889882926586091325e-05 -1.383139421243070877e-02 -2.410440001851810935e-07 3.407120848480824881e-08 -1.729810129059650754e-07 2.556984804563137352e-04 2.736295976623542641e-06 2.103670688634819066e-04 4.545159449240854543e-06 0.000000000000000000e+00 0.000000000000000000e+00 0.000000000000000000e+00
2.826252225464021765e-07 2.591644773209477059e-07 -5.338837618120099858e-07 -2.588997102242958674e-06 1.902478275449847239e-05 4.289383026179136298e-05 1.185305994589638525e-06 -2.469626799506291446e-05 2.084336607107866273e-06 4.366203158519312123e-07 0.000000000000000000e+00 0.000000000000000000e+00 0.000000000000000000e+00 0.000000000000000000e+00 0.000000000000000000e+00 0.000000000000000000e+00 0.000000000000000000e+00 0.000000000000000000e+00 0.000000000000000000e+00 0.000000000000000000e+00 0.000000000000000000e+00 0.000000000000000000e+00 0.000000000000000000e+00 0.000000000000000000e+00 0.000000000000000000e+00 0.000000000000000000e+00 -2.228763343500992947e-07 -1.583045521293531111e-11 8.550080405295707310e-06 -1.238625535322271761e-06 7.303577311016535999e-08 4.119282749640685941e-04 5.617125236173292389e-06 1.505856643910412834e-06 5.737401643567833565e-06 4.013367738116734506e-04 7.290942973852667036e-04 7.224384353221816198e-05 7.841840845136152345e-04 1.037408370946220462e-04 3.175004368775077344e-06 4.753384327126386130e-03 5.533701768009320024e-07 -8.321351670715774902e-08 3.285610496426434393e-07 7.702310710148819821e-05 1.272046500456942903e-06 -4.022096799686440509e-04 -8.690082232747070302e-06 0.000000000000000000e+00 0.000000000000000000e+00 0.000000000000000000e+00
-2.083794428279087584e-06 -2.116815484402462677e-06 4.360253271169235487e-06 -8.771341572672564294e-07 2.384648075699726308e-06 1.185305994589638525e-06 3.986692684884065164e-05 -6.841582971040449231e-06 -1.032186426636872105e-05 -4.355702934073291242e-07 0.000000000000000000e+00 0.000000000000000000e+00 0.000000000000000000e+00 0.000000000000000000e+00 0.000000000000000000e+00 0.000000000000000000e+00 0.000000000000000000e+00 0.000000000000000000e+00 0.000000000000000000e+00 0.000000000000000000e+00 0.000000000000000000e+00 0.000000000000000000e+00 0.000000000000000000e+00 0.000000000000000000e+00 0.000000000000000000e+00 0.000000000000000000e+00 3.119032334435295202e-06 2.726823002025344724e-09 2.640436911653749595e-05 -2.319884510961792723e-06 2.465800716253995449e-07 -1.514428092484774242e-04 6.900208576004065124e-07 -1.745513731456732446e-10 1.499220394973965599e-07 1.258902079831296294e-05 1.899479119244066368e-04 1.028007586058692622e-05 -5.776068555305728571e-04 -8.105493198667556491e-05 -1.372370039480694197e-06 -1.957748066586652898e-03 -2.399256636960508553e-08 6.223888357749159393e-07 -2.690239888637248666e-06 8.439026382351759437e-06 -3.062464009152716757e-06 3.284864980397613106e-03 7.097230182364523004e-05 0.000000000000000000e+00 0.000000000000000000e+00 0.000000000000000000e+00
1.676135100352655801e-06 1.725179738817796119e-06 -3.553778766536682636e-06 7.007760915581593835e-06 -2.378099286281897115e-05 -2.469626799506291446e-05 -6.841582971040449231e-06 1.102599520647842580e-04 4.799824361432790577e-06 -2.616568084516845973e-07 0.000000000000000000e+00 0.000000000000000000e+00 0.000000000000000000e+00 0.000000000000000000e+00 0.000000000000000000e+00 0.000000000000000000e+00 0.000000000000000000e+00 0.000000000000000000e+00 0.000000000000000000e+00 0.000000000000000000e+00 0.000000000000000000e+00 0.000000000000000000e+00 0.000000000000000000e+00 0.000000000000000000e+00 0.000000000000000000e+00 0.000000000000000000e+00 -2.418484533727707095e-06 -6.844291584905422730e-10 3.351029238769835200e-05 -9.787488691619790576e-06 -6.573339523082569017e-08 3.015775756748365847e-03 -1.101300176434509170e-05 -2.025044167446857639e-06 -3.412971205046198684e-06 -2.391133880162020400e-04 3.830859244595851863e-04 5.285941202885550917e-05 9.775253606973800889e-04 1.408048008057353247e-04 7.477040863847455878e-06 5.192097736636688832e-03 -1.032603273459345236e-07 -5.372404150900051735e-07 2.189055426947937673e-06 -7.005293065062748431e-05 1.769988856495281990e-06 -2.677294801993598036e-03 -5.784523135406500105e-05 0.000000000000000000e+00 0.000000000000000000e+00 0.000000000000000000e+00
2.025758005175444418e-06 2.071860750736401278e-06 -4.267703183772471209e-06 2.886109975085309415e-06 -6.091163769544137761e-06 2.084336607107866273e-06 -1.032186426636872105e-05 4.799824361432790577e-06 3.585707665747466503e-05 5.045591682433538487e-07 0.000000000000000000e+00 0.000000000000000000e+00 0.000000000000000000e+00 0.000000000000000000e+00 0.000000000000000000e+00 0.000000000000000000e+00 0.000000000000000000e+00 0.000000000000000000e+00 0.000000000000000000e+00 0.000000000000000000e+00 0.000000000000000000e+00 0.000000000000000000e+00 0.000000000000000000e+00 0.000000000000000000e+00 0.000000000000000000e+00 0.000000000000000000e+00 -1.783312640784331803e-06 -1.983357498579603599e-09 1.491708645937052065e-04 -1.167487997227574692e-05 2.212733628271068430e-08 9.428571001568523914e-04 -4.523918029054565092e-06 -7.520635080751910541e-07 1.963928160435344475e-07 1.540855553701977326e-05 3.185159218787353592e-04 4.316039990924246713e-05 1.042182956851026802e-03 1.457503634479159066e-04 5.355481234888070124e-06 5.061209697624920179e-03 1.468692564700088071e-07 -6.156722171051715302e-07 2.632357930339318067e-06 -4.747793167421889303e-05 2.546744850290315848e-06 -3.215140924909239053e-03 -6.946585430144281976e-05 0.000000000000000000e+00 0.000000000000000000e+00 0.000000000000000000e+00
-1.304713277735287706e-09 -1.894402108241801638e-09 3.899024100851777767e-09 -2.247520049271573550e-08 1.855674990955975878e-07 4.366203158519312123e-07 -4.355702934073291242e-07 -2.616568084516845973e-07 5.045591682433538487e-07 4.860039186438141881e-07 0.000000000000000000e+00 0.000000000000000000e+00 0.000000000000000000e+00 0.000000000000000000e+00 0.000000000000000000e+00 0.000000000000000000e+00 0.000000000000000000e+00 0.000000000000000000e+00 0.000000000000000000e+00 0.000000000000000000e+00 0.000000000000000000e+00 0.000000000000000000e+00 0.000000000000000000e+00 0.000000000000000000e+00 0.000000000000000000e+00 0.000000000000000000e+00 8.064572679201652115e-08 -2.944980496448570120e-11 -6.541999395198203835e-06 5.981316642285300955e-08 -1.163993397864107077e-08 7.048387480306650958e-07 9.139793510967191824e-08 2.843921518424433670e-08 5.995099960297132391e-08 4.058171813542103297e-06 9.339011786733933772e-06 9.085647420759414539e-07 8.180344044271251660e-06 1.066831797126480374e-06 4.227424278673046443e-08 5.214948497485317574e-05 5.724297596965967928e-09 1.412996253049163539e-10 -2.455497763342852334e-09 1.594482025900356274e-06 1.549944542311956086e-08 2.937390772985946366e-06 6.346482603041881625e-08 0.000000000000000000e+00 0.000000000000000000e+00 0.000000000000000000e+00
0.000000000000000000e+00 0.000000000000000000e+00 0.000000000000000000e+00 0.000000000000000000e+00 0.000000000000000000e+00 0.000000000000000000e+00 0.000000000000000000e+00 0.000000000000000000e+00 0.000000000000000000e+00 0.000000000000000000e+00 4.556755192941925543e-07 1.382686378077916700e-06 4.742681552143572429e-06 0.000000000000000000e+00 0.000000000000000000e+00 0.000000000000000000e+00 0.000000000000000000e+00 0.000000000000000000e+00 0.000000000000000000e+00 0.000000000000000000e+00 0.000000000000000000e+00 0.000000000000000000e+00 0.000000000000000000e+00 0.000000000000000000e+00 0.000000000000000000e+00 0.000000000000000000e+00 0.000000000000000000e+00 0.000000000000000000e+00 0.000000000000000000e+00 0.000000000000000000e+00 0.000000000000000000e+00 0.000000000000000000e+00 0.000000000000000000e+00 0.000000000000000000e+00 0.000000000000000000e+00 0.000000000000000000e+00 1.148156247147497159e-04 9.798640086861757365e-06 -5.442980608179970130e-05 -7.860540114519306575e-06 -1.592717322065920297e-10 -4.714286575602790949e-04 3.149130712339990473e-08 0.000000000000000000e+00 0.000000000000000000e+00 0.000000000000000000e+00 0.000000000000000000e+00 7.100885504791537919e-04 1.601555902030257078e-05 0.000000000000000000e+00 0.000000000000000000e+00 0.000000000000000000e+00
0.000000000000000000e+00 0.000000000000000000e+00 0.000000000000000000e+00 0.000000000000000000e+00 0.000000000000000000e+00 0.000000000000000000e+00 0.000000000000000000e+00 0.000000000000000000e+00 0.000000000000000000e+00 0.000000000000000000e+00 1.382686378077916700e-06 2.826658221036992217e-03 7.960894209941331507e-04 0.000000000000000000e+00 0.000000000000000000e+00 0.000000000000000000e+00 0.000000000000000000e+00 0.000000000000000000e+00 0.000000000000000000e+00 0.000000000000000000e+00 0.000000000000000000e+00 0.000000000000000000e+00 0.000000000000000000e+00 0.000000000000000000e+00 0.000000000000000000e+00 0.000000000000000000e+00 0.000000000000000000e+00 0.000000000000000000e+00 0.000000000000000000e+00 0.000000000000000000e+00 0.000000000000000000e+00 0.000000000000000000e+00 0.000000000000000000e+00 0.000000000000000000e+00 0.000000000000000000e+00 0.000000000000000000e+00 1.204314584715003144e-03 1.236278675286070982e-04 6.428923870844641423e-04 9.238893883119450481e-05 -4.341827833038999578e-04 3.106892926624239132e-03 -3.494018644904219954e-07 0.000000000000000000e+00 0.000000000000000000e+00 0.000000000000000000e+00 0.000000000000000000e+00 2.154668671903639705e-03 4.859707040873172416e-05 0.000000000000000000e+00 0.000000000000000000e+00 0.000000000000000000e+00
0.000000000000000000e+00 0.000000000000000000e+00 0.000000000000000000e+00 0.000000000000000000e+00 0.000000000000000000e+00 0.000000000000000000e+00 0.000000000000000000e+00 0.000000000000000000e+00 0.000000000000000000e+00 0.000000000000000000e+00 4.742681552143572429e-06 7.960894209941331507e-04 3.460977922989771482e-04 0.000000000000000000e+00 0.000000000000000000e+00 0.000000000000000000e+00 0.000000000000000000e+00 0.000000000000000000e+00 0.000000000000000000e+00 0.000000000000000000e+00 0.000000000000000000e+00 0.000000000000000000e+00 0.000000000000000000e+00 0.000000000000000000e+00 0.000000000000000000e+00 0.000000000000000000e+00 0.000000000000000000e+00 0.000000000000000000e+00 0.000000000000000000e+00 0.000000000000000000e+00 0.000000000000000000e+00 0.000000000000000000e+00 0.000000000000000000e+00 0.000000000000000000e+00 0.000000000000000000e+00 0.000000000000000000e+00 3.620719594949139107e-04 1.103658583548198705e-05 -1.351761505375467971e-03 -1.953380511145185480e-04 -1.301280162532081688e-04 -2.011181386462988774e-02 3.797185306878166698e-07 0.000000000000000000e+00 0.000000000000000000e+00 0.000000000000000000e+00 0.000000000000000000e+00 7.390618381172211690e-03 1.666903160180885878e-04 0.000000000000000000e+00 0.000000000000000000e+00 0.000000000000000000e+00
0.000000000000000000e+00 0.000000000000000000e+00 0.000000000000000000e+00 0.000000000000000000e+00 0.000000000000000000e+00 0.000000000000000000e+00 0.000000000000000000e+00 0.000000000000000000e+00 0.000000000000000000e+00 0.000000000000000000e+00 0.000000000000000000e+00 0.000000000000000000e+00 0.000000000000000000e+00 2.454335976204236047e-01 6.659123600548532140e-01 7.375910376465030782e-02 6.136064861814050087e-02 1.104266307768468625e-02 -9.675180936256723430e-03 1.521158501695634574e-03 1.011392161492472713e-02 -7.451183851439818762e-02 3.885336357058997159e-01 -2.252051841438383217e+00 9.529724340714584851e-03 -2.771337182307737068e-01 1.059402869310360273e+01 -3.275904581196725947e-05 1.201458553208209490e-01 2.163458250841840957e+00 3.558142629654623720e-04 -3.655688097840803508e-02 3.544722762486564593e-01 1.221045293551233646e-01 1.290227632937258895e-02 -2.662459888258150165e-01 7.489228514375412260e-02 -5.649119840234390066e-02 1.094120008157171142e-01 -7.026630124458144167e-02 -1.435282513716737429e-02 -1.006855043189945320e+01 2.013612508299737064e-04 9.507663200373126511e-01 9.566581027013240646e-02 9.293492753894380343e+00 8.681103673458540060e-02 5.262174484387282192e+00 9.844352037074927120e-02 1.963497655502076313e-04 8.313943790416832155e-05 5.157137776634770389e-03
0.000000000000000000e+00 0.000000000000000000e+00 0.000000000000000000e+00 0.000000000000000000e+00 0.000000000000000000e+00 0.000000000000000000e+00 0.000000000000000000e+00 0.000000000000000000e+00 0.000000000000000000e+00 0.000000000000000000e+00 0.000000000000000000e+00 0.000000000000000000e+00 0.000000000000000000e+00 6.659123600548532140e-01 1.917933012698068485e+00 1.107922450517780932e-01 1.710351345214208840e-01 5.434372896131201003e-02 -4.944922932093015477e-02 4.629842743027974550e-03 -5.318427065057501624e-03 -1.298204189087098781e-01 1.434099660965397760e+00 -6.683246148182861113e+00 2.479821306132756753e-02 -7.779748413841711674e-01 -1.175768495695329818e+01 3.826968388974882288e-05 -1.832913543122693945e-02 5.465968228557631647e-01 -2.538663218397058715e-04 -3.651299096500126851e+00 -1.581978573787743425e-01 -6.079016868355807679e-02 -1.077212259367931607e-02 -1.250903748454546549e-01 -8.208648481856659629e+00 -8.203106180364507782e-01 -7.780734097995598120e+00 -1.035665005458783039e+00 -7.469570611505238489e-02 -5.500440677854567184e+01 -1.683557246500674062e-03 -1.049122499250970009e+00 -1.525480562004447593e-01 -1.140331157513168137e+01 -1.591258857545502226e-01 -6.063889666161593084e+00 -1.656097639617230000e-01 6.490390546063649121e-04 2.779359694337381879e-04 1.589776933613641988e-02
0.000000000000000000e+00 0.000000000000000000e+00 0.000000000000000000e+00 0.000000000000000000e+00 0.000000000000000000e+00 0.000000000000000000e+00 0.000000000000000000e+00 0.000000000000000000e+00 0.000000000000000000e+00 0.000000000000000000e+00 0.000000000000000000e+00 0.000000000000000000e+00 0.000000000000000000e+00 7.375910376465030782e-02 1.107922450517780932e-01 1.053969395158600164e-01 1.601118452236666156e-02 -2.084423898242516657e-02 2.465948667240947315e-02 -2.965905143345288347e-03 3.070501083922486801e-02 -3.418923349827192315e-02 -3.405737634395190061e-01 -1.675784210975558297e-01 -7.039607349377269285e-02 -1.898589578133748346e-02 4.065211623736139757e+01 -1.274851102569074350e-04 3.563847888581746504e-01 5.616761345242649917e+00 1.238031493010541577e-03 3.262269364625486556e+00 1.145934390164468741e+00 4.005780199224729943e-01 4.632942472363051067e-02 -6.367168993420010414e-01 7.802523458112776922e+00 5.995199962753053891e-01 7.504042755067118264e+00 7.598064765515145647e-01 2.856790372810325690e-02 2.247712830190414124e+01 2.124976466945493331e-03 3.642724436496657781e+00 4.099954134527737937e-01 3.666908774318592634e+01 3.911940353029311757e-01 2.039933445304183124e+01 4.298857248425181909e-01 -1.224445180104811711e-04 -5.815489301033390564e-06 1.074724618513004694e-03
0.000000000000000000e+00 0.000000000000000000e+00 0.000000000000000000e+00 0.000000000000000000e+00 0.000000000000000000e+00 0.000000000000000000e+00 0.000000000000000000e+00 0.000000000000000000e+00 0.000000000000000000e+00 0.000000000000000000e+00 0.000000000000000000e+00 0.000000000000000000e+00 0.000000000000000000e+00 6.136064861814050087e-02 1.710351345214208840e-01 1.601118452236666156e-02 6.584524621984992887e-01 3.408480529014071281e-01 -1.626077472914352895e-01 -9.295026450048932132e-02 -2.461433850582924465e-01 -2.897096718735105991e-01 6.671704993355893620e-01 -8.393214189046243057e-01 2.308664811252224558e-01 -3.189787471029649879e+00 -9.326004280598108664e+01 2.890871794197733555e-04 -1.627279400183160307e-01 2.824606843097880571e+00 -1.681140762462811442e-03 -1.297979593656018338e+01 -1.382935168690387684e+00 -4.858732407093383499e-01 -6.909140785850473310e-02 -1.235051218414224133e-01 -2.056435457736512262e+01 -1.802060134868695762e+00 -1.963347857478177261e+01 -2.306698674322446241e+00 -1.573647712369214413e-01 -1.071111291485316031e+02 -4.673971523051412801e-03 -8.354606156314792642e+00 -9.523670518933022855e-01 -8.438419879124808176e+01 -9.132242603199791642e-01 -4.685088711704241859e+01 -1.000477582923554376e+00 -2.588948176711643027e-04 3.286474110779440908e-04 4.891855964712608917e-04
0.000000000000000000e+00 0.000000000000000000e+00 0.000000000000000000e+00 0.000000000000000000e+00 0.000000000000000000e+00 0.000000000000000000e+00 0.000000000000000000e+00 0.000000000000000000e+00 0.000000000000000000e+00 0.000000000000000000e+00 0.000000000000000000e+00 0.000000000000000000e+00 0.000000000000000000e+00 1.104266307768468625e-02 5.434372896131201003e-02 -2.084423898242516657e-02 3.408480529014071281e-01 1.895637285556981133e-01 -9.839542518020795436e-02 -4.697359240970790800e-02 -1.366169649442991463e-01 -1.554301505364358571e-01 4.636499086290735150e-01 -3.818425390287689680e-01 1.302036428249981614e-01 -1.649936897195838359e+00 -6.014716727719178380e+01 1.868484577892399036e-04 -1.838080618962312229e-01 -7.027424693655015542e-02 -1.223753534120642413e-03 -7.707056882012629728e+00 -1.041963666711762215e+00 -3.655116221768021090e-01 -4.903610536263591779e-02 1.112386166192078085e-01 -1.293538073979432035e+01 -1.110148470143049737e+00 -1.236502132193141179e+01 -1.418945383800018334e+00 -9.036944967793039685e-02 -6.234322926381842933e+01 -3.037354883399992402e-03 -5.388489028410026194e+00 -6.127616581183354949e-01 -5.439038254291030228e+01 -5.870230836283590881e-01 -3.020949226995806924e+01 -6.434832807440598046e-01 -5.230550582253923071e-05 1.454134241716098085e-04 -3.265757359267509180e-04
0.000000000000000000e+00 0.000000000000000000e+00 0.000000000000000000e+00 0.000000000000000000e+00 0.000000000000000000e+00 0.000000000000000000e+00 0.000000000000000000e+00 0.000000000000000000e+00 0.000000000000000000e+00 0.000000000000000000e+00 0.000000000000000000e+00 0.000000000000000000e+00 0.000000000000000000e+00 -9.675180936256723430e-03 -4.944922932093015477e-02 2.465948667240947315e-02 -1.626077472914352895e-01 -9.839542518020795436e-02 9.217787396350360374e-02 -4.057053476723301161e-03 7.505709452391681746e-02 1.019081760529720604e-01 -3.654879995079072796e-01 3.122092144162483263e-01 -1.283535732632184179e-01 8.279263765180271406e-01 3.549331338498731725e+01 -1.105049030692391917e-04 1.468063357304750793e-01 9.577462831440541891e-01 7.911643424448054933e-04 4.276820952464706949e+00 6.875138038261463524e-01 2.410723932140882431e-01 3.116950701090227122e-02 -1.557516899872018190e-01 7.619345299718989217e+00 6.451181822984580760e-01 7.289333638585880237e+00 8.231582723952975966e-01 4.933375037954444015e-02 3.458404029135991209e+01 1.831876491813835177e-03 3.179810851642467462e+00 3.617267960783459579e-01 3.210022562590314266e+01 3.465960757202992681e-01 1.782774724090415930e+01 3.798877277478671655e-01 -6.971028470374403046e-04 -4.995665762942741635e-05 1.509172984779875298e-03
0.000000000000000000e+00 0.000000000000000000e+00 0.000000000000000000e+00 0.000000000000000000e+00 0.000000000000000000e+00 0.000000000000000000e+00 0.000000000000000000e+00 0.000000000000000000e+00 0.000000000000000000e+00 0.000000000000000000e+00 0.000000000000000000e+00 0.000000000000000000e+00 0.000000000000000000e+00 1.521158501695634574e-03 4.629842743027974550e-03 -2.965905143345288347e-03 -9.295026450048932132e-02 -4.697359240970790800e-02 -4.057053476723301161e-03 3.156682772582449642e-02 3.177197851231311487e-02 2.657308191638631592e-02 -3.833761023596241047e-02 9.408354378940914087e-03 4.403988866130480878e-03 4.251111028859985153e-01 1.230081618638602592e+01 -3.805874801415326324e-05 1.422204674809091074e-02 -5.437291143774080071e-01 2.080752812756052404e-04 1.735840501768858957e+00 1.688504792746161054e-01 5.927840031330675052e-02 8.661295219255533279e-03 3.187970778784924436e-02 2.638112954231545793e+00 2.314584243359173732e-01 2.518341580776850108e+00 2.967342960477737379e-01 2.076219260457411869e-02 1.397752070971863247e+01 5.940052609785236113e-04 1.102009288807590970e+00 1.251455432336562590e-01 1.111887065681140996e+01 1.198140249445011352e-01 6.177217807851620890e+00 1.313893536871378886e-01 5.414833463104453196e-04 -5.889367299889918352e-05 -7.683406460535725704e-04
0.000000000000000000e+00 0.000000000000000000e+00 0.000000000000000000e+00 0.000000000000000000e+00 0.000000000000000000e+00 0.000000000000000000e+00 0.000000000000000000e+00 0.000000000000000000e+00 0.000000000000000000e+00 0.000000000000000000e+00 0.000000000000000000e+00 0.000000000000000000e+00 0.000000000000000000e+00 1.011392161492472713e-02 -5.318427065057501624e-03 3.070501083922486801e-02 -2.461433850582924465e-01 -1.366169649442991463e-01 7.505709452391681746e-02 3.177197851231311487e-02 1.759708700158938710e-01 8.989034989163380285e-02 -3.334265333360419969e-01 1.792389097128006537e-01 -2.518206103041590316e-01 1.364326971428147184e+00 4.943802088390805949e+01 -1.537171872102334458e-04 1.821098264831814695e-01 8.038767500003022315e-01 1.060207277693625549e-03 6.049315276105451389e+00 9.156301526580353789e-01 3.209413072543096934e-01 4.204008637714613111e-02 -1.678063116428111512e-01 1.043549712979021749e+01 8.848302407852448592e-01 9.982246167527673464e+00 1.130256355441917826e+00 6.924242336637451145e-02 4.809171151278231093e+01 2.492310982424044211e-03 4.429228896325634324e+00 5.026932263124295197e-01 4.468422719426193623e+01 4.812037711456772504e-01 2.482624641306401614e+01 5.277395196117954379e-01 8.697950500565648259e-05 -3.100696469821326382e-04 4.223606817791106943e-04
0.000000000000000000e+00 0.000000000000000000e+00 0.000000000000000000e+00 0.000000000000000000e+00 0.000000000000000000e+00 0.000000000000000000e+00 0.000000000000000000e+00 0.000000000000000000e+00 0.000000000000000000e+00 0.000000000000000000e+00 0.000000000000000000e+00 0.000000000000000000e+00 0.000000000000000000e+00 -7.451183851439818762e-02 -1.298204189087098781e-01 -3.418923349827192315e-02 -2.897096718735105991e-01 -1.554301505364358571e-01 1.019081760529720604e-01 2.657308191638631592e-02 8.989034989163380285e-02 9.030949660538404311e-01 -1.808957173514346817e+00 1.141679721476630327e+00 -7.210368165255627293e-01 1.790093754701497009e+00 3.149433332543878805e+01 -9.741148117430364136e-05 -4.449500739464359866e-03 -2.385878952760494442e+00 4.648801869826630576e-04 4.981713308053642209e+00 3.534001293428943313e-01 1.248436629917034635e-01 2.006791126947408965e-02 1.906267859225982964e-01 7.466775496693105474e+00 6.768591197233595480e-01 7.114598781807025318e+00 8.672633277112289374e-01 6.420045721881542655e-02 4.327665406773097345e+01 1.614948286188463283e-03 2.820982443853568444e+00 3.243108731988946225e-01 2.855884677260701920e+01 3.120291123076355255e-01 1.583439245547413421e+01 3.411324351710837699e-01 -4.943128826617885282e-05 -4.008283089552376870e-04 4.176372663975837229e-03
0.000000000000000000e+00 0.000000000000000000e+00 0.000000000000000000e+00 0.000000000000000000e+00 0.000000000000000000e+00 0.000000000000000000e+00 0.000000000000000000e+00 0.000000000000000000e+00 0.000000000000000000e+00 0.000000000000000000e+00 0.000000000000000000e+00 0.000000000000000000e+00 0.000000000000000000e+00 3.885336357058997159e-01 1.434099660965397760e+00 -3.405737634395190061e-01 6.671704993355893620e-01 4.636499086290735150e-01 -3.654879995079072796e-01 -3.833761023596241047e-02 -3.334265333360419969e-01 -1.808957173514346817e+00 6.661155159687615956e+00 -7.487263785763345503e+00 1.934744697966002569e+00 -4.348097999809112046e+00 -2.711938069897037735e+02 8.489375730670143273e-04 -1.728465346497413124e+00 -2.176321869838056955e+01 -7.155751348744169085e-03 -2.918997844483331860e+01 -6.397900498200293384e+00 -2.244036423285869386e+00 -2.743746451020939725e-01 2.574154312005387801e+00 -6.025374206835795121e+01 -5.009234874158230433e+00 -5.771139662226401157e+01 -6.364271034962073692e+00 -3.356933141222882000e-01 -2.459772006465455831e+02 -1.506283794424828279e-02 -2.429464454610775448e+01 -2.778982758369080042e+00 -2.456395381049996161e+02 -2.668917101164265393e+00 -1.362937795515668427e+02 -2.921062020590722508e+00 1.153329138023761937e-03 1.139564108612380403e-03 4.431083631132983272e-04
0.000000000000000000e+00 0.000000000000000000e+00 0.000000000000000000e+00 0.000000000000000000e+00 0.000000000000000000e+00 0.000000000000000000e+00 0.000000000000000000e+00 0.000000000000000000e+00 0.000000000000000000e+00 0.000000000000000000e+00 0.000000000000000000e+00 0.000000000000000000e+00 0.000000000000000000e+00 -2.252051841438383217e+00 -6.683246148182861113e+00 -1.675784210975558297e-01 -8.393214189046243057e-01 -3.818425390287689680e-01 3.122092144162483263e-01 9.408354378940914087e-03 1.792389097128006537e-01 1.141679721476630327e+00 -7.487263785763345503e+00 2.446696123843323178e+01 -8.732407239147126354e-01 4.374718520905982899e+00 1.705768598996151866e+02 -5.386168909966030033e-04 9.316584081196392919e-01 9.547756367634999464e+00 4.361624227615676017e-03 2.559621095169824656e+01 3.692653995362575881e+00 1.311522749860546622e+00 1.702374809162658931e-01 -9.332478116246941680e-01 5.518818619832735095e+01 5.009770686179497723e+00 5.261053284742351366e+01 6.343969404073309448e+00 3.950002472916555041e-01 2.906391659825610532e+02 1.267930481526221773e-02 1.526806466888351466e+01 1.847106743819992847e+00 1.568346111316419638e+02 1.812985023095861736e+00 8.620574998130200584e+01 1.957820048860733131e+00 -2.386842103203710031e-03 -1.469140474441760474e-03 -5.286815035747580160e-02
0.000000000000000000e+00 0.000000000000000000e+00 0.000000000000000000e+00 0.000000000000000000e+00 0.000000000000000000e+00 0.000000000000000000e+00 0.000000000000000000e+00 0.000000000000000000e+00 0.000000000000000000e+00 0.000000000000000000e+00 0.000000000000000000e+00 0.000000000000000000e+00 0.000000000000000000e+00 9.529724340714584851e-03 2.479821306132756753e-02 -7.039607349377269285e-02 2.308664811252224558e-01 1.302036428249981614e-01 -1.283535732632184179e-01 4.403988866130480878e-03 -2.518206103041590316e-01 -7.210368165255627293e-01 1.934744697966002569e+00 -8.732407239147126354e-01 3.359802294145390889e+00 -3.915013659873519458e+00 -6.594275227134966144e+01 2.057065509820303986e-04 -3.418073707174664744e-01 -3.432741729404270359e+00 -1.593227472180652445e-03 -7.414510028164576383e+00 -1.408427797449162355e+00 -4.935815728098967847e-01 -6.188448947030614905e-02 4.539138209300976889e-01 -1.401028067574854852e+01 -1.167845472273594920e+00 -1.341563351941880988e+01 -1.487837061272687667e+00 -8.329001237912726785e-02 -5.939313031663868259e+01 -3.451049851384393411e-03 -5.907874141521994638e+00 -6.715884984788810241e-01 -5.962960788798120859e+01 -6.433341267363594795e-01 -3.312026002661500712e+01 -7.052366902751755484e-01 4.212688906954630019e-04 -7.104024656582553967e-04 -5.863230268050268271e-03
0.000000000000000000e+00 0.000000000000000000e+00 0.000000000000000000e+00 0.000000000000000000e+00 0.000000000000000000e+00 0.000000000000000000e+00 0.000000000000000000e+00 0.000000000000000000e+00 0.000000000000000000e+00 0.000000000000000000e+00 0.000000000000000000e+00 0.000000000000000000e+00 0.000000000000000000e+00 -2.771337182307737068e-01 -7.779748413841711674e-01 -1.898589578133748346e-02 -3.189787471029649879e+00 -1.649936897195838359e+00 8.279263765180271406e-01 4.251111028859985153e-01 1.364326971428147184e+00 1.790093754701497009e+00 -4.348097999809112046e+00 4.374718520905982899e+00 -3.915013659873519458e+00 1.796600138826961413e+01 4.768187337714302885e+02 -1.478978418644626494e-03 1.001307320652953470e+00 -1.038458829133807804e+01 8.896587374476547933e-03 6.501190060585506103e+01 7.392376762699917947e+00 2.596177821664658936e+00 3.629425160421912433e-01 2.255082161941449614e-01 1.046486111245435922e+02 9.123948194779316623e+00 9.994203029228702917e+01 1.167395340427498951e+01 7.827409597486677528e-01 5.347217521655373957e+02 2.398732290663282973e-02 4.271573668354410103e+01 4.867336052195167184e+00 4.313975401880583149e+02 4.666578559916670699e+00 2.395304639455364963e+02 5.112918439945519644e+00 9.559927946966564807e-04 -6.281237941678698838e-04 6.817605470788717925e-04
-1.643337445040839263e-06 -1.647297517451350909e-06 3.445284661162240285e-06 -4.378812371421266639e-08 3.956580879834193664e-08 -2.228763343500992947e-07 3.119032334435295202e-06 -2.418484533727707095e-06 -1.783312640784331803e-06 8.064572679201652115e-08 0.000000000000000000e+00 0.000000000000000000e+00 0.000000000000000000e+00 1.059402869310360273e+01 -1.175768495695329818e+01 4.065211623736139757e+01 -9.326004280598108664e+01 -6.014716727719178380e+01 3.549331338498731725e+01 1.230081618638602592e+01 4.943802088390805949e+01 3.149433332543878805e+01 -2.711938069897037735e+02 1.705768598996151866e+02 -6.594275227134966144e+01 4.768187337714302885e+02 7.498285529758063785e+04 1.100364675540908416e-01 1.222048394157240239e+02 6.005237254436409785e+03 6.048719049463295860e-01 1.023683097251898516e+03 1.315191586474301857e+03 -9.121901917090691825e+01 9.459565965047758596e+00 2.449189076429440206e+02 2.625609170061760960e+04 -6.416353010564326951e+02 2.640667717284646278e+04 -7.605671196826524465e+02 1.926636979104629575e+02 2.664958706252127013e+04 1.300311024308933971e+00 1.157719745124766814e+04 8.651558210763545276e+01 3.414808524498104816e+05 7.169120608817723905e+01 1.444360705151693255e+05 7.748974810226874865e+01 -2.848676348998666064e-02 -5.548935942247759656e-02 1.283069622110479813e-01
-2.749531146486850068e-10 -2.800820153518640312e-10 5.767696762905489571e-10 -1.581905794806707023e-10 3.629949405979022640e-10 -1.583045521293531111e-11 2.726823002025344724e-09 -6.844291584905422730e-10 -1.983357498579603599e-09 -2.944980496448570120e-11 0.000000000000000000e+00 0.000000000000000000e+00 0.000000000000000000e+00 -3.275904581196725947e-05 3.826968388974882288e-05 -1.274851102569074350e-04 2.890871794197733555e-04 1.868484577892399036e-04 -1.105049030692391917e-04 -3.805874801415326324e-05 -1.537171872102334458e-04 -9.741148117430364136e-05 8.489375730670143273e-04 -5.386168909966030033e-04 2.057065509820303986e-04 -1.478978418644626494e-03 1.100364675540908416e-01 1.294539957101462741e-06 -8.092191526828940162e-04 1.284018549633926358e-02 -3.284154891447950612e-06 -2.166436964402241455e-02 7.817883993531402412e-04 -2.367708146416565122e-03 -1.936157473835041878e-04 3.156450654863901702e-03 7.274180639187355357e-02 -7.257413119543248449e-03 7.559044524011825084e-02 -8.973956235388153360e-03 6.153073259043116174e-04 -8.076319925895095175e-02 -6.607294098803649418e-06 3.299364734707432856e-02 -2.096738653056816424e-03 1.402323227536075523e+00 -2.059081189581991097e-03 5.636612500821862604e-01 -2.264316031536156657e-03 8.030322015674895770e-08 1.729687246559999357e-07 -3.894667175680591605e-07
2.101276646193114586e-05 2.145006965041105202e-05 -4.418568340470206224e-05 1.176176725860535857e-05 -2.491613292040287107e-05 8.550080405295707310e-06 2.640436911653749595e-05 3.351029238769835200e-05 1.491708645937052065e-04 -6.541999395198203835e-06 0.000000000000000000e+00 0.000000000000000000e+00 0.000000000000000000e+00 1.201458553208209490e-01 -1.832913543122693945e-02 3.563847888581746504e-01 -1.627279400183160307e-01 -1.838080618962312229e-01 1.468063357304750793e-01 1.422204674809091074e-02 1.821098264831814695e-01 -4.449500739464359866e-03 -1.728465346497413124e+00 9.316584081196392919e-01 -3.418073707174664744e-01 1.001307320652953470e+00 1.222048394157240239e+02 -8.092191526828940162e-04 1.416614299185593673e+00 1.452556907720904888e+01 5.239904894549760744e-03 1.911789210885210366e+01 3.835771568065647674e+00 2.007442111031069842e+00 2.148425686001702584e-01 -2.875500234152867929e+00 1.084147807802762209e+01 4.331365219037949466e+00 8.879518627733995473e+00 5.432517850679248639e+00 -3.262872867703350138e-02 1.225235754693854631e+02 9.779262284991228904e-03 4.936463409722001927e+00 2.074612013059753401e+00 -2.285847268928947074e+02 1.998241612957250002e+00 -7.081361860738279290e+01 2.193042705820703375e+00 -5.112473566666831054e-04 -1.660441234830161144e-04 9.308113978042215596e-04
-1.376325597638694030e-06 -3.294761967142585277e-06 6.787152611070049776e-06 -2.770030396114006029e-05 7.544779252227004358e-05 -1.238625535322271761e-06 -2.319884510961792723e-06 -9.787488691619790576e-06 -1.167487997227574692e-05 5.981316642285300955e-08 0.000000000000000000e+00 0.000000000000000000e+00 0.000000000000000000e+00 2.163458250841840957e+00 5.465968228557631647e-01 5.616761345242649917e+00 2.824606843097880571e+00 -7.027424693655015542e-02 9.577462831440541891e-01 -5.437291143774080071e-01 8.038767500003022315e-01 -2.385878952760494442e+00 -2.176321869838056955e+01 9.547756367634999464e+00 -3.432741729404270359e+00 -1.038458829133807804e+01 6.005237254436409785e+03 1.284018549633926358e-02 1.452556907720904888e+01 8.206686377928274396e+02 5.056136338045136985e-02 -6.244176872883781471e+01 1.076920388577624408e+02 -1.702770894501512089e+00 1.072224464211822603e+00 5.091835456959508122e+00 2.389820671392287295e+03 -7.726879743672049017e+01 2.413607605394501661e+03 -9.458242075572478313e+01 2.035359199631821525e+01 1.064445994577146166e+03 7.282617601888378978e-02 9.853262603907426183e+02 -1.275057591529730416e+00 3.064084152716131939e+04 -2.296717814222363430e+00 1.284999336784152911e+04 -2.593475493938029786e+00 -1.053735892743948473e-02 3.906460319708354029e-05 1.402828324416573180e-02
