theo_error.scale_from_amplitudes = yes
scaling_form = 1
eft_nu = 4.0
eft_C = 1.0237
eft_nu.piN = 5.0
eft_C.piN = 3.6305
residual_list.load = no
residual_list.load.prefix = N2LOsim-575-191.theo
eft_C = 2.01470009982585907
eft_C.piN = 3.64676199853420258
eft_C = 1.85259781777858734
eft_C.piN = 3.65698672831058502
eft_C = 1.83912850916385651
eft_C.piN = 3.65524239838123322
