theo_error.scale_from_amplitudes = yes
scaling_form = 1
eft_nu = 4.0
eft_C = 1.0237
eft_nu.piN = 5.0
eft_C.piN = 3.6305
residual_list.load = no
residual_list.load.prefix = N2LOsim-450-191.theo
eft_C = 1.26665078103542328
eft_C.piN = 3.62091086804866791
eft_C = 1.03043489158153534
eft_C.piN = 3.63583393394947052
eft_C = 1.01463310420513153
eft_C.piN = 3.63667614758014679
eft_C = 1.01358629763126373
eft_C.piN = 3.63669119775295258
eft_C = 1.01351223886013031
eft_C.piN = 3.63668821752071381
