par.Ct_1S0np = -0.149611035184676
par.Ct_1S0pp = -0.148809816950057
par.C_1S0 = 2.52687608431729
par.Ct_3S1 = -0.180750852284318
par.C_3S1 = 0.739710535134908
par.C_3S1-3D1 = 0.657386830302102
par.C_3P0 = 1.18335083958285
par.C_1P1 = 0.663464903932912
par.C_3P1 = -0.966501819407742
par.C_3P2 = -0.639350834458053
par.Ct_1S0nn = -0.149284551530755
par.c_D = -0.594247767260769
par.c_E = -0.528487514413023
par.c1 = -0.502267364274713E-01
par.c2 = 4.19295236902562
par.c3 = -3.44763575900664
par.c4 = 4.23540299641084
par.d1+d2 = 5.45065702350610
par.d3 = -4.85508209930646
par.d5 = -0.299205809708897
par.d14-d15 = -10.3220260116379
par.e14 = -0.370070163956204
par.e15 = -10.4116511849799
par.e16 = 3.48889435722261
par.e17 = 1.44564262700234
par.e18 = -2.50822950291466
par.Ct_1S0np = -0.149879961429118
par.Ct_1S0pp = -0.149088637714772
par.C_1S0 = 2.51735589911604
par.Ct_3S1 = -0.180524901032247
par.C_3S1 = 0.729087153291742
par.C_3S1-3D1 = 0.625576855923618
par.C_3P0 = 1.16908991547992
par.C_1P1 = 0.605096290180726
par.C_3P1 = -0.961262560035785
par.C_3P2 = -0.652706109840930
par.Ct_1S0nn = -0.149575414141232
par.c_D = -0.498166421261666
par.c_E = -0.477961456102156
par.c1 = -0.137199610407278
par.c2 = 4.00362879367825
par.c3 = -3.51672276930812
par.c4 = 3.99742972068865
par.d1+d2 = 5.34484329393541
par.d3 = -4.81113644649701
par.d5 = -0.266829690293200
par.d14-d15 = -10.2544814136581
par.e14 = -0.236773243127541
par.e15 = -10.5193335986268
par.e16 = 4.11454076900146
par.e17 = 1.38439730942857
par.e18 = -1.37416173855822
par.Ct_1S0np = -0.149874677746993
par.Ct_1S0pp = -0.149082613365112
par.C_1S0 = 2.51827677675770
par.Ct_3S1 = -0.180583380494583
par.C_3S1 = 0.730385452156603
par.C_3S1-3D1 = 0.628789556241625
par.C_3P0 = 1.17125731893054
par.C_1P1 = 0.610035793520829
par.C_3P1 = -0.961389964835343
par.C_3P2 = -0.651476825118972
par.Ct_1S0nn = -0.149568121207924
par.c_D = -0.507650497426143
par.c_E = -0.482696194714095
par.c1 = -0.132606544698476
par.c2 = 4.01139992082806
par.c3 = -3.51082702450177
par.c4 = 4.02182433151066
par.d1+d2 = 5.35601454431086
par.d3 = -4.81557094387929
par.d5 = -0.270409738920434
par.d14-d15 = -10.2621989934079
par.e14 = -0.248365809556032
par.e15 = -10.5172373890470
par.e16 = 4.09031701697100
par.e17 = 1.38637967492030
par.e18 = -1.48796086212050
