4.061577548972832245e-06 4.057123566293577193e-06 9.411729743253071962e-05 4.025150988855938333e-06 9.437122917399307770e-05 2.724494097173576955e-06 -6.140525512217682850e-05 -5.986161883760618765e-05 -6.334437335906464807e-05 -6.126031872100448324e-05 4.038034858953717754e-06 9.978221559013285107e-05 -5.822884409165270635e-05 6.024738389145315549e-04 2.115743297695432765e-03 -2.695847685265413555e-04 2.215501963268759310e-05 8.533866459856556783e-05 -1.404327240827621327e-04 4.359125313911870581e-05 -7.359925444569401817e-05 -7.622069734583534497e-05 3.344141048218114958e-03 -8.235557439924080791e-03 3.903015943517055631e-04 -3.553233232412054488e-04 1.419421733243530946e-06 3.124513910333680516e-11 -1.873441695032685521e-05 -2.000622664496558672e-06 -3.047512172612484429e-09 -6.857146688187139814e-05 1.704947643508818498e-09 -5.295273941351796828e-08 -7.191498235612807418e-08 -1.559834412896929940e-06 -1.282382758547111933e-08 7.014705086280610971e-07 -1.639266066247878962e-07 7.011735675828059892e-07 2.557784376295722988e-10 -1.384297958655067971e-04 -1.564180740420119665e-06 2.091899331361755853e-07 -9.439690547218913049e-07 4.790475201971775762e-06 -8.256256697024688030e-07 -5.049587389633116428e-05 -1.748279370641821190e-06 1.555572349672595349e-06 3.330027619671877346e-07 1.433614445856541648e-05
4.057123566293577193e-06 4.054208645018004525e-06 9.414566005600633969e-05 4.026882274988873069e-06 9.431968473367374913e-05 2.750306519225581590e-06 -6.147352336021276475e-05 -5.978964823972017566e-05 -6.324345852262155477e-05 -6.122142489150245008e-05 4.034956708987757721e-06 9.966799841060181280e-05 -5.825090374924248845e-05 6.022278872791743875e-04 2.114848637013351258e-03 -2.694449941237980154e-04 2.251313513830625901e-05 8.548877174079753407e-05 -1.404593429326658847e-04 4.352033430525860944e-05 -7.370796904797657792e-05 -7.636341004940724419e-05 3.342958652395158336e-03 -8.232174379118889149e-03 3.902343373659802493e-04 -3.569285436235435961e-04 1.407633292400089808e-06 2.518004085047154454e-11 -1.818258159859533344e-05 -1.336774882645116174e-06 -3.303348922541470163e-09 -6.902794167116706994e-05 1.587309581348048140e-09 -5.678296802125165566e-08 -7.181447507778893789e-08 -1.445860747133338247e-06 -1.279584722744893496e-08 7.000745297777327473e-07 -1.643752467319743543e-07 7.031357408046953160e-07 2.566033609805764997e-10 -1.383229323071274899e-04 -1.561915755844397093e-06 2.032212968084596017e-07 -9.113789773014377910e-07 9.022233396332358796e-07 -8.316792727765496412e-07 -5.024894685517745886e-05 -1.706897272789956872e-06 1.554716753546563906e-06 3.330742485955622671e-07 1.432963299538952285e-05
9.411729743253071962e-05 9.414566005600633969e-05 2.317887001035418091e-03 9.584222659301817448e-05 2.309817583618231900e-03 1.442337363208938373e-04 -1.440519715252827366e-03 -1.370583364460351309e-03 -1.480641376081541765e-03 -1.440997580243260842e-03 9.365459281988518985e-05 2.234584555431928278e-03 -1.387379182263175905e-03 1.410652849772454573e-02 4.971922591328262198e-02 -6.477785776510164989e-03 1.364729485384147010e-03 2.489274234045171352e-03 -3.557565628928870734e-03 9.086054223861215681e-04 -2.119022012314415466e-03 -2.150404248935257681e-03 8.000603670785769173e-02 -1.942161706125698772e-01 9.519219651809409169e-03 -1.247180919133564561e-02 1.052384030732258798e-05 -2.977212896991919336e-10 -3.720132577032966674e-04 -4.617738585691793867e-05 -5.164299179527097069e-08 -3.136365580940152654e-03 3.754051487799692722e-08 -1.385083756933505514e-06 -1.607728225845016457e-06 7.892158392705301737e-05 -2.973013535178012262e-07 1.626766794206751284e-05 -4.374090233600672368e-06 1.865835251475067306e-05 7.103187295874032329e-09 -3.358906657928421424e-03 -3.800286345664790353e-05 -3.342768772985676789e-07 -1.887007311156316377e-07 -7.236170331550214468e-05 1.473892514730791372e-06 -1.150192527742014120e-03 -1.702008573741543084e-05 3.641936295183904605e-05 8.391640104607524264e-06 3.353444114485323695e-04
4.025150988855938333e-06 4.026882274988873069e-06 9.584222659301817448e-05 5.997995239150512027e-06 8.645177774471113851e-05 -8.895819527952551889e-06 -6.056115493950940876e-05 -7.326472713890695633e-05 -6.172355374748232149e-05 -6.268414167967578849e-05 3.995899902679915890e-06 1.096596733661067853e-04 -6.974522382882360292e-05 5.979335580892802295e-04 2.112145010363266403e-03 -2.790490745744740012e-04 1.592157061859330263e-05 8.469454244712209113e-05 -1.415597014299736518e-04 4.462690353616373032e-05 -7.432539571402085421e-05 -7.113942212529385093e-05 3.376273622376888689e-03 -8.241267462527126011e-03 3.937548841747720921e-04 -3.293332752317975438e-04 7.751574687390390930e-07 -1.506577674736146125e-11 -2.214460787745307221e-05 -1.577068222118355398e-05 1.879796823485997886e-08 -1.395796626227598840e-04 9.084004074655659309e-09 -2.559439386846235833e-07 1.135047075138098260e-06 9.463883436798916672e-05 -1.185053391982470028e-08 7.019827701886343229e-07 -2.337360283077336525e-07 1.006365379857885660e-06 4.029099438408667106e-10 -1.471103378008560732e-04 -1.257417149759470784e-06 7.813970639034843936e-08 -3.952604540468135649e-07 -8.105445201521005200e-06 -3.930307123203734386e-07 -7.441770186690179921e-05 -1.555804966671301573e-06 1.571224569139746845e-06 3.325493653813821657e-07 1.429499195889129315e-05
9.437122917399307770e-05 9.431968473367374913e-05 2.309817583618231900e-03 8.645177774471113851e-05 2.363685796177965055e-03 2.039815787588030328e-04 -1.435111759637787334e-03 -1.301781924288320262e-03 -1.493624891217369688e-03 -1.431210945997190990e-03 9.389300664693494582e-05 2.185963683126135489e-03 -1.353557217970472858e-03 1.412898821488024932e-02 4.972982992699874483e-02 -6.424082272668473967e-03 1.470585694504105648e-03 2.530024235612711708e-03 -3.568879753599570829e-03 8.925918212338881637e-04 -2.143518461023657257e-03 -2.211178880889313157e-03 7.987997651398072441e-02 -1.941786498346325107e-01 9.520366213180142534e-03 -1.295759072011239653e-02 1.608814702363934573e-05 4.486513558289527791e-10 -3.814493089765352883e-04 8.112400011146939137e-05 -1.335210452534215635e-07 -2.614677799650379914e-03 -5.052812327082697644e-08 1.185701337497058643e-06 -6.664200408170685896e-06 -3.412494749012381381e-04 -3.302512273976042931e-07 1.765139915896644999e-05 -4.240176087171265663e-06 1.800166844433012965e-05 6.845684161031550269e-09 -3.300941990283566465e-03 -3.798321425621639831e-05 8.007285217424811617e-07 -4.824586487799498458e-06 5.774984005675559511e-05 -2.271385653532270759e-06 -1.071729564912791673e-03 -2.095972741042665256e-05 3.629511615663378113e-05 8.435861469590161607e-06 3.354092083610138268e-04
2.724494097173576955e-06 2.750306519225581590e-06 1.442337363208938373e-04 -8.895819527952551889e-06 2.039815787588030328e-04 2.007979621841991325e-04 -3.716696979058574358e-05 1.312494017008399396e-04 -8.296806218126208821e-05 -1.748497947091509771e-06 2.833356545647930304e-06 -2.509848699741709308e-04 1.215770942888355199e-04 5.586313945696398447e-04 1.776553034592861288e-03 -7.458648249431508448e-05 1.233202608433453225e-03 6.685329955035834324e-04 -3.824126135083822774e-04 -1.384502577315465310e-04 -5.014679687025320499e-04 -6.562683763873158448e-04 3.281046255676350019e-03 -7.093735924993270665e-03 6.104700397290537071e-04 -6.070952557146700422e-03 -3.990659798654163370e-06 1.117211165280426254e-09 1.889200609095738261e-04 3.234323735965160580e-05 -2.566808852523635409e-07 -2.366271327579338307e-03 3.865117525333350503e-09 -2.962339231856580708e-07 -9.454479658646504220e-06 -5.718526821286411960e-04 6.354779632907267935e-08 -3.586371160129943825e-06 7.749184785996810008e-07 -3.322217137090572330e-06 -1.570263591600031982e-09 6.786706814664007032e-06 -7.444849642730543618e-06 -1.749764622919329701e-06 7.245206780363003729e-06 -5.007327806592595695e-05 6.891524024065559408e-06 2.122578380551218649e-04 1.116282682752486576e-05 5.474019163680089290e-07 9.553960750075422410e-07 1.072363422303152516e-05
-6.140525512217682850e-05 -6.147352336021276475e-05 -1.440519715252827366e-03 -6.056115493950940876e-05 -1.435111759637787334e-03 -3.716696979058574358e-05 1.154188604730425460e-03 8.702295087697477184e-04 8.960502759318783811e-04 9.306782545048490488e-04 -6.112089959176537587e-05 -1.553386201719686010e-03 9.651634558259598786e-04 -9.170478913111186625e-03 -3.219478414725318594e-02 4.094577071465412867e-03 -2.687910191902905194e-04 -1.260496837163935019e-03 2.117252094237515384e-03 -6.727838667771773081e-04 1.089736471607361673e-03 1.129922917974722496e-03 -5.078929657997433011e-02 1.252720975762615929e-01 -5.913395017402461526e-03 5.074912891079336186e-03 -1.177626533314168378e-05 7.607636060841611429e-09 2.068036145359797534e-04 6.053626436458800180e-06 6.837652848988964370e-07 -2.436579286104069821e-05 -7.014297946525761017e-09 2.707920835919736885e-07 1.231349884915487054e-06 5.158230635047765490e-05 2.310865625864707459e-07 -1.242870990723794145e-05 2.869860987481186160e-06 -1.224198027624968655e-05 -4.615739276515016657e-09 2.191315620359741978e-03 2.337432893564999573e-05 -1.092949523268427196e-06 5.506351993412401859e-06 -5.437239083141568650e-06 2.808098901280816399e-06 7.033350183399565345e-04 1.503796699210833844e-05 -2.368797783931033234e-05 -5.022912433739777726e-06 -2.182652841104762865e-04
-5.986161883760618765e-05 -5.978964823972017566e-05 -1.370583364460351309e-03 -7.326472713890695633e-05 -1.301781924288320262e-03 1.312494017008399396e-04 8.702295087697477184e-04 1.379310854085831050e-03 9.230795659644930881e-04 9.640388211915350888e-04 -5.940403212867296812e-05 -1.766358867690869016e-03 1.056276846386544057e-03 -8.747160546086259897e-03 -3.108852237690706843e-02 4.260878209122357513e-03 5.428254020615110725e-04 -8.804060915714160586e-04 1.931123325198139768e-03 -7.702080189003427529e-04 8.317582489327231092e-04 6.562153627161192160e-04 -4.964075360661375502e-02 1.213157549986361300e-01 -5.649045187139538349e-03 1.178840457263659672e-03 -1.842537709021395748e-05 -8.986149377596996441e-10 6.238179461250720941e-04 9.116714265502477254e-05 -3.702267016136010939e-07 5.073654634756250524e-03 -5.594290379768756615e-08 1.747887896809568423e-06 -8.768360028073144720e-06 -6.440007417960972452e-04 2.302445639700444827e-07 -1.305894245577548744e-05 3.506560094757374402e-06 -1.502759871703628628e-05 -5.878359319248808982e-09 2.267972050983135292e-03 1.896669536038579908e-05 -3.449870203198799701e-06 1.515857933195146501e-05 7.826898237985680038e-05 1.589219904483864181e-05 1.084520922599389522e-03 3.336401280135481233e-05 -2.370129806678035277e-05 -4.484336861223158646e-06 -2.111030599688846500e-04
-6.334437335906464807e-05 -6.324345852262155477e-05 -1.480641376081541765e-03 -6.172355374748232149e-05 -1.493624891217369688e-03 -8.296806218126208821e-05 8.960502759318783811e-04 9.230795659644930881e-04 1.090915094417514199e-03 9.462734409646312086e-04 -6.298542710098406310e-05 -1.467853143933786197e-03 8.647139181031616648e-04 -9.404982206080140031e-03 -3.300134057900554890e-02 4.182751201114944320e-03 -6.569309550614940967e-04 -1.488759128029982105e-03 2.263219663391002195e-03 -6.354571023201322638e-04 1.266348192657549675e-03 1.337195247114941581e-03 -5.235648339040982480e-02 1.285414918602091616e-01 -6.170534643008505904e-03 7.029511393420541376e-03 -2.356354632153643232e-05 -4.770389198683201937e-09 4.792307369146473362e-04 3.645804645197185575e-05 5.115969420725132463e-08 3.031855738157344677e-03 -4.747071245222378627e-08 1.651618147426902558e-06 2.516885860679824776e-06 7.982704408265685662e-05 1.588903603742562644e-07 -8.876702287882647720e-06 2.185194761099034887e-06 -9.378368877426085880e-06 -3.266276323163708756e-09 2.130575150945296196e-03 2.661782557991115595e-05 -3.751971412403132930e-06 1.688691967205137111e-05 -1.409926842767888312e-06 1.663650036361857506e-05 7.936165716283609915e-04 3.023980648969278726e-05 -2.409559154210751239e-05 -5.373897024951611575e-06 -2.232353420867214035e-04
-6.126031872100448324e-05 -6.122142489150245008e-05 -1.440997580243260842e-03 -6.268414167967578849e-05 -1.431210945997190990e-03 -1.748497947091509771e-06 9.306782545048490488e-04 9.640388211915350888e-04 9.462734409646312086e-04 9.584649830622733128e-04 -6.089484528640200044e-05 -1.627240900524449130e-03 9.567080237038811047e-04 -9.060692458383375059e-03 -3.202872971262856611e-02 4.250043867625830779e-03 -7.312062786036881666e-05 -1.200902781887261102e-03 2.109224422817954081e-03 -7.009246118781289068e-04 1.065299081866977627e-03 9.972189927361023269e-04 -5.112148035313252709e-02 1.249408202605774149e-01 -5.930222884485169751e-03 4.192973588989745010e-03 -1.406011772004123036e-05 2.595334977382994130e-10 4.008648699167642908e-04 8.073203413969725294e-06 -8.942544793799819965e-08 4.361264499449510942e-04 -8.222165440632516792e-09 3.247772296254843138e-07 -6.797727525569054044e-07 -7.199825788391223374e-05 2.362083342982050567e-07 -1.285767978829419879e-05 3.075621449565970498e-06 -1.311542760932571416e-05 -5.034901092675386807e-09 2.219489164596902351e-03 2.208218485609858469e-05 -1.933725453737876355e-06 9.029088812149662410e-06 -1.485836659864488607e-05 7.787042307814652986e-06 8.336905250751951244e-04 2.211114763757740103e-05 -2.392736153333238836e-05 -4.948179285759407854e-06 -2.169589101678150633e-04
4.038034858953717754e-06 4.034956708987757721e-06 9.365459281988518985e-05 3.995899902679915890e-06 9.389300664693494582e-05 2.833356545647930304e-06 -6.112089959176537587e-05 -5.940403212867296812e-05 -6.298542710098406310e-05 -6.089484528640200044e-05 4.203536886860616648e-06 9.824453285926158753e-05 -5.252540452335245364e-05 5.993342388405368442e-04 2.104505705639293095e-03 -2.679810611969607828e-04 2.267760421673296851e-05 8.517447914153267825e-05 -1.397990015285708568e-04 4.326526882793671117e-05 -7.340904818094416684e-05 -7.614743838546208805e-05 3.326224465023709231e-03 -8.191702027388343688e-03 3.883217844653485398e-04 -3.564382384763317181e-04 1.421207399133625476e-06 2.875163498439770111e-11 -1.820912493558157218e-05 -1.311290930444448322e-06 -3.374980082393499429e-09 -6.994090013602151748e-05 1.653214080265535626e-09 -5.751818006519223199e-08 -7.968695309647083795e-08 -2.026058998127627209e-06 9.844779072476330311e-06 9.758123737490180331e-07 -4.876210073289689940e-06 1.745373221566090067e-07 1.865664734946371448e-09 -1.418097685728836506e-04 -1.793283337009715107e-06 2.064628533932149122e-07 -9.241287877094914174e-07 9.483062945424624013e-07 -8.465357351892739547e-07 3.902855213980438074e-04 5.567060746943315330e-06 1.546765272010794986e-06 3.315545412548192570e-07 1.425954209856662994e-05
9.978221559013285107e-05 9.966799841060181280e-05 2.234584555431928278e-03 1.096596733661067853e-04 2.185963683126135489e-03 -2.509848699741709308e-04 -1.553386201719686010e-03 -1.766358867690869016e-03 -1.467853143933786197e-03 -1.627240900524449130e-03 9.824453285926158753e-05 3.851269648832860316e-03 -1.905531337546812354e-03 1.452988143476088671e-02 5.168633669825043603e-02 -7.122051076038631023e-03 -1.752869437150444531e-03 1.026859118858091530e-03 -3.005186532276638532e-03 1.401459011583334850e-03 -1.051962052420131206e-03 -6.907030106767823516e-04 8.189950219132247078e-02 -2.014153251210658579e-01 9.152466090988105665e-03 2.112005959295743668e-03 2.650577849052546630e-05 -3.399266907966832732e-09 -9.568341887317593272e-04 9.524369513550300190e-05 4.116750910857986387e-07 4.235859619948847271e-03 -1.030106211248756157e-07 3.313774344487750835e-06 1.045728393578980876e-05 5.428151326157133185e-04 -2.818077695404668388e-05 3.239389183145627261e-05 2.104453008715075264e-05 3.353411624467295978e-05 -2.912658306480493575e-05 -3.868745181194821123e-03 -2.205025085749391038e-05 5.238226987262494502e-06 -2.348432518416647719e-05 2.092217018431168215e-04 -1.930038815499156548e-05 -3.437109741173856488e-03 -7.939313072540137343e-05 3.982845876535811891e-05 6.955786114835951840e-06 3.520651556176991040e-04
-5.822884409165270635e-05 -5.825090374924248845e-05 -1.387379182263175905e-03 -6.974522382882360292e-05 -1.353557217970472858e-03 1.215770942888355199e-04 9.651634558259598786e-04 1.056276846386544057e-03 8.647139181031616648e-04 9.567080237038811047e-04 -5.252540452335245364e-05 -1.905531337546812354e-03 1.624784491264323052e-03 -8.584438499610907991e-03 -3.059883194551334465e-02 4.263837715732558646e-03 4.543295322786966572e-04 -9.281043233344367155e-04 1.941875252506442646e-03 -7.484516193305227596e-04 8.746744022045919867e-04 6.679677998455324679e-04 -4.924207747219828263e-02 1.195971178543457358e-01 -5.627328371836173848e-03 1.575765341476121489e-03 7.247172232512379448e-07 3.930357730791594146e-09 5.044663779131142861e-04 -1.561906003115226126e-04 -1.240510575429355181e-07 -1.646538363317301716e-03 2.652864371299540788e-07 -4.611584690446184106e-06 -1.009191668636430682e-05 -6.563307020840691581e-04 2.589324446596318695e-06 -3.545543602612048816e-05 -3.847916904512126927e-04 -6.405901631900691418e-05 2.001479239360553965e-06 9.735930668242677184e-04 -1.991416070571460435e-05 4.424179963878316607e-07 -2.597446811794253035e-07 -4.570979827541588178e-05 -2.751334007100096885e-06 1.337573886773738528e-02 2.193130597083240113e-04 -2.340428569819239348e-05 -4.489338940422690362e-06 -2.074859289239126814e-04
6.024738389145315549e-04 6.022278872791743875e-04 1.410652849772454573e-02 5.979335580892802295e-04 1.412898821488024932e-02 5.586313945696398447e-04 -9.170478913111186625e-03 -8.747160546086259897e-03 -9.404982206080140031e-03 -9.060692458383375059e-03 5.993342388405368442e-04 1.452988143476088671e-02 -8.584438499610907991e-03 8.967789526559814817e-02 3.147547172199354759e-01 -3.996356389592282260e-02 4.679106151676675276e-03 1.338394171670168054e-02 -2.120223400033268216e-02 6.286365475546623269e-03 -1.146031938560541918e-02 -1.200714264245794638e-02 4.981751942379404885e-01 -1.225459488589086376e+00 5.840507245966239380e-02 -5.944805908079529855e-02 1.868111432419617194e-04 2.297183708712219896e-09 -2.295157385661973637e-03 -2.413830384047643027e-04 -7.340468449817205810e-07 -1.236240609359955979e-02 2.608247927622459496e-07 -9.347360544550195849e-06 -1.340051548135768296e-05 -2.416879215874329187e-04 -1.841488151013711528e-06 1.007925554979210113e-04 -2.426558765214485017e-05 1.038034855824674464e-04 3.786373383425178756e-08 -2.049798243088819805e-02 -2.354283112370902822e-04 2.473091770333448589e-05 -1.142823992801278150e-04 -4.109948064865434842e-06 -1.018781254208992278e-04 -7.282125466129722897e-03 -2.270325263818171531e-04 2.306038085819450668e-04 5.032168621193100922e-05 2.131182623940019571e-03
2.115743297695432765e-03 2.114848637013351258e-03 4.971922591328262198e-02 2.112145010363266403e-03 4.972982992699874483e-02 1.776553034592861288e-03 -3.219478414725318594e-02 -3.108852237690706843e-02 -3.300134057900554890e-02 -3.202872971262856611e-02 2.104505705639293095e-03 5.168633669825043603e-02 -3.059883194551334465e-02 3.147547172199354759e-01 1.121519284187342258e+00 -1.415549452034216560e-01 1.538335459720971757e-02 4.405712009133251617e-02 -6.741102852306721238e-02 1.924836225092594472e-02 -4.181226170707962042e-02 2.041463221953360163e-02 1.639696530671103547e+00 -4.333937746375066347e+00 1.347754249925447456e-01 -1.602434770189671842e-01 6.111570401719984081e-04 5.530732605689404490e-09 -8.994032601074473943e-03 -7.792467322818631172e-04 -1.726427979696511866e-06 -4.148076314204652421e-02 8.261547686556050437e-07 -2.978044206236711577e-05 -3.654222384904367486e-05 -2.186246898695954222e-04 -6.707096576954970342e-06 3.668069195343643535e-04 -8.878780964495137256e-05 3.795504621360660516e-04 1.400119971379945172e-07 -7.284192137587097715e-02 -8.201479401429458268e-04 7.925023876943254511e-05 -3.684464003394705340e-04 -1.873294715959986567e-05 -3.258457811707840459e-04 -2.606339664471233816e-02 -7.722237245569507288e-04 7.298813220258660835e-04 1.876482666535594251e-04 8.854861362480237127e-03
-2.695847685265413555e-04 -2.694449941237980154e-04 -6.477785776510164989e-03 -2.790490745744740012e-04 -6.424082272668473967e-03 -7.458648249431508448e-05 4.094577071465412867e-03 4.260878209122357513e-03 4.182751201114944320e-03 4.250043867625830779e-03 -2.679810611969607828e-04 -7.122051076038631023e-03 4.263837715732558646e-03 -3.996356389592282260e-02 -1.415549452034216560e-01 1.901067383157695537e-02 -1.091002593167599444e-03 -5.774755041944537592e-03 9.585050020693239997e-03 -2.994815509061902938e-03 5.095417741854201855e-03 4.713585927211903781e-03 -2.276573564792988280e-01 5.530326062658308395e-01 -2.658439471335213855e-02 2.232402649326632738e-02 -4.204403993981745060e-05 1.352111269864779409e-09 1.899542852518032888e-03 4.374865575491431987e-05 -4.661634858915734625e-07 3.674200556140764379e-03 -3.267233882207772697e-08 1.331905053024876849e-06 -3.843167194019281972e-06 -4.785872972612435512e-04 1.048911746610617020e-06 -5.712837497302609182e-05 1.418980118732370151e-05 -6.045308574694012563e-05 -2.350952981912957977e-08 9.970965558927702768e-03 9.909185057756800469e-05 -4.058243518807866201e-06 2.080002217300614499e-05 4.108754621350509833e-06 1.612828401518185157e-05 3.716788935250410486e-03 7.857984037863135628e-05 -1.057796736896436267e-04 -2.242200708978508815e-05 -9.572171585551907938e-04
2.215501963268759310e-05 2.251313513830625901e-05 1.364729485384147010e-03 1.592157061859330263e-05 1.470585694504105648e-03 1.233202608433453225e-03 -2.687910191902905194e-04 5.428254020615110725e-04 -6.569309550614940967e-04 -7.312062786036881666e-05 2.267760421673296851e-05 -1.752869437150444531e-03 4.543295322786966572e-04 4.679106151676675276e-03 1.538335459720971757e-02 -1.091002593167599444e-03 1.086071752807000676e-02 6.008684783092271831e-03 -3.489913409060798125e-03 -1.214037063374207200e-03 -4.566505485005094463e-03 -5.672845702133010731e-03 3.053974350303388305e-02 -6.250719346695098044e-02 5.612907198948762291e-03 -5.364306167810237863e-02 -6.412307124063812674e-05 8.368336362313421919e-09 1.480731542856404464e-03 -2.511504815143119360e-04 -1.170413758038344530e-06 -2.361003592779334012e-02 2.162575642852383284e-07 -7.681503215530293842e-06 -2.357570085902466910e-05 -3.185298997459325566e-04 5.221545125670589213e-07 -2.745471555433633921e-05 2.784822518514824667e-06 -1.182113629628992217e-05 -5.261012487853920371e-09 -3.243564321129528780e-04 -4.651720092988195380e-05 -2.142257414680390765e-05 8.921747370772974985e-05 -6.665699213644340690e-04 8.421899158164052653e-05 6.474089622654751255e-04 1.048138477300335241e-04 5.364050241116600273e-06 8.556389488742088026e-06 9.145914036516928258e-05
8.533866459856556783e-05 8.548877174079753407e-05 2.489274234045171352e-03 8.469454244712209113e-05 2.530024235612711708e-03 6.685329955035834324e-04 -1.260496837163935019e-03 -8.804060915714160586e-04 -1.488759128029982105e-03 -1.200902781887261102e-03 8.517447914153267825e-05 1.026859118858091530e-03 -9.281043233344367155e-04 1.338394171670168054e-02 4.405712009133251617e-02 -5.774755041944537592e-03 6.008684783092271831e-03 9.894121295690904566e-03 -1.109098095365165446e-02 1.303415197356979326e-03 -2.897127451947589371e-03 -1.881162592709455933e-02 1.024201174094758193e-01 -1.800557899988262378e-01 2.257779194944978252e-04 -1.658061290753753969e-02 -2.242722660007485241e-05 4.023601712568942164e-09 2.562455848584698111e-04 -1.438349232893973754e-04 -4.850537681004542189e-07 -1.341959795660493254e-02 1.223628527183912091e-07 -4.393762030955459818e-06 -1.131282527449651326e-05 -3.429516052679373091e-05 -1.289045428534825818e-08 1.218958556906989864e-06 -2.427151501006979939e-06 1.036230645344688811e-05 3.685235481577063379e-09 -2.899278723894700618e-03 -5.153315538118383377e-05 -1.019309573862327593e-05 4.138996414499450697e-05 -3.518741503834006776e-04 4.003290985719116146e-05 -6.771452673788249006e-04 3.377331802036166231e-05 8.634952382247073341e-05 -1.723359155405408233e-05 3.419102479837216220e-05
-1.404327240827621327e-04 -1.404593429326658847e-04 -3.557565628928870734e-03 -1.415597014299736518e-04 -3.568879753599570829e-03 -3.824126135083822774e-04 2.117252094237515384e-03 1.931123325198139768e-03 2.263219663391002195e-03 2.109224422817954081e-03 -1.397990015285708568e-04 -3.005186532276638532e-03 1.941875252506442646e-03 -2.120223400033268216e-02 -6.741102852306721238e-02 9.585050020693239997e-03 -3.489913409060798125e-03 -1.109098095365165446e-02 5.033637178610391588e-02 -2.802531065999248547e-02 9.022669491627045152e-03 4.220668208046811365e-02 -1.864395261787331060e-01 2.822855216669383216e-01 -6.101919464509090313e-02 4.541100278653287248e-02 -1.196020450718941584e-05 -1.874584652372754959e-09 4.192454416628346703e-04 9.716489451755718745e-05 2.046346416253297499e-07 8.181383923323615887e-03 -8.619998495714619723e-08 3.123968137141942823e-06 5.813832608555874529e-06 -5.519321415644565416e-05 3.518795855496900532e-07 -1.945478737277785153e-05 5.800343500785111459e-06 -2.475559784661393606e-05 -9.261433111038106640e-09 4.927805311330083621e-03 6.249795436282597118e-05 2.203131930070885774e-06 -7.024004868976675873e-06 1.715778494011798588e-04 -8.239624425875745502e-06 1.612888018908222683e-03 1.660343075396521204e-05 -7.763589246552641361e-04 2.304240368859906962e-05 1.166000503119686473e-03
4.359125313911870581e-05 4.352033430525860944e-05 9.086054223861215681e-04 4.462690353616373032e-05 8.925918212338881637e-04 -1.384502577315465310e-04 -6.727838667771773081e-04 -7.702080189003427529e-04 -6.354571023201322638e-04 -7.009246118781289068e-04 4.326526882793671117e-05 1.401459011583334850e-03 -7.484516193305227596e-04 6.286365475546623269e-03 1.924836225092594472e-02 -2.994815509061902938e-03 -1.214037063374207200e-03 1.303415197356979326e-03 -2.802531065999248547e-02 1.899864793876791455e-02 -3.566056763199378435e-03 -1.411072352361091541e-02 5.788144388634646614e-02 -8.028752289985457979e-02 3.743851081612449561e-02 -1.906530738677854678e-02 2.169784096997889213e-05 -1.107916499772747592e-09 -4.254845121758421100e-04 1.956249822431489955e-05 1.433585150431782400e-07 2.455081016726951872e-03 -1.400530338247263122e-08 4.851113965124632603e-07 2.722537352297869884e-06 5.213997911561566194e-05 -2.264162699050026153e-07 1.222146906147010594e-05 -2.421854768543305444e-06 1.033630496070545206e-05 3.968696932210616539e-09 -1.579012457967933838e-03 -1.141536180440945058e-05 4.630877741806273335e-06 -2.011028808179405171e-05 9.364016867989552267e-05 -1.848193270336421037e-05 -6.762892752340615102e-04 -3.137795722140010685e-05 5.123109268326665831e-04 -1.195017453968422519e-05 -7.843869171934706765e-04
-7.359925444569401817e-05 -7.370796904797657792e-05 -2.119022012314415466e-03 -7.432539571402085421e-05 -2.143518461023657257e-03 -5.014679687025320499e-04 1.089736471607361673e-03 8.317582489327231092e-04 1.266348192657549675e-03 1.065299081866977627e-03 -7.340904818094416684e-05 -1.051962052420131206e-03 8.746744022045919867e-04 -1.146031938560541918e-02 -4.181226170707962042e-02 5.095417741854201855e-03 -4.566505485005094463e-03 -2.897127451947589371e-03 9.022669491627045152e-03 -3.566056763199378435e-03 7.298701026616749576e-02 -2.453423582452589347e-03 -5.387665084849881797e-02 1.582518702254403775e-01 -1.653959549282938701e-01 1.882087330052609198e-01 1.936623423192648162e-05 -2.856242226634851280e-09 -6.893541002037410163e-05 1.065513788454300873e-04 2.938293845395125736e-07 1.026678772531945324e-02 -8.811163840988337135e-08 3.182242087452737938e-06 7.772421157262350555e-06 -3.583722880625450397e-05 5.955875040928558280e-08 -3.622745856426218893e-06 2.559887433684016679e-06 -1.090723293878348196e-05 -4.068510898462740586e-09 2.589900846561844511e-03 4.203308044880150595e-05 8.281353167760201135e-06 -3.365180897248293518e-05 2.706148841575615853e-04 -3.267696277908732025e-05 6.684828124612443058e-04 -2.547863913077677469e-05 -7.362541385575219980e-06 -1.938357818822060647e-04 -1.303971109493728226e-04
-7.622069734583534497e-05 -7.636341004940724419e-05 -2.150404248935257681e-03 -7.113942212529385093e-05 -2.211178880889313157e-03 -6.562683763873158448e-04 1.129922917974722496e-03 6.562153627161192160e-04 1.337195247114941581e-03 9.972189927361023269e-04 -7.614743838546208805e-05 -6.907030106767823516e-04 6.679677998455324679e-04 -1.200714264245794638e-02 2.041463221953360163e-02 4.713585927211903781e-03 -5.672845702133010731e-03 -1.881162592709455933e-02 4.220668208046811365e-02 -1.411072352361091541e-02 -2.453423582452589347e-03 8.008244186190530689e-01 -1.651734589062622049e+00 6.037484635948604517e-01 -6.051950223585057520e-01 3.907188679048475555e-01 2.951537840494681294e-06 -4.466484112239127020e-09 -5.614263968561092420e-04 1.518732896788265677e-04 7.384993926259221103e-07 1.252424367492827907e-02 -1.408404934978909932e-07 4.991796865229092939e-06 1.380781016675827405e-05 2.606087098486780567e-04 -7.261558758315661826e-08 3.413402122272515143e-06 8.782707262815660622e-07 -3.836287906821445753e-06 -7.447621558470821697e-10 2.276443693163496609e-03 4.818278318119466807e-05 6.134581903839173109e-06 -2.414089111408517353e-05 3.076797945551557121e-04 -2.332386375484242426e-05 4.309143871740594295e-04 -2.007471539115771486e-05 -2.199778253904986498e-04 -3.193692218414968982e-04 5.043248726298595226e-03
3.344141048218114958e-03 3.342958652395158336e-03 8.000603670785769173e-02 3.376273622376888689e-03 7.987997651398072441e-02 3.281046255676350019e-03 -5.078929657997433011e-02 -4.964075360661375502e-02 -5.235648339040982480e-02 -5.112148035313252709e-02 3.326224465023709231e-03 8.189950219132247078e-02 -4.924207747219828263e-02 4.981751942379404885e-01 1.639696530671103547e+00 -2.276573564792988280e-01 3.053974350303388305e-02 1.024201174094758193e-01 -1.864395261787331060e-01 5.788144388634646614e-02 -5.387665084849881797e-02 -1.651734589062622049e+00 5.976323934168342511e+00 -7.786309022980550054e+00 1.581404804604081171e+00 -1.135834725224022179e+00 7.422076427934518657e-04 7.499992203243375334e-09 -1.605096613880757639e-02 -1.215587300676065170e-03 -7.933621530159565453e-07 -8.024079369338507628e-02 1.181508386863374084e-06 -4.316086944499394667e-05 -4.215915580657147565e-05 1.584700800546153324e-03 -1.089947076270037430e-05 5.960819744519910363e-04 -1.495004181593392423e-04 6.382594269292117799e-04 2.399185733846717068e-07 -1.177546810732025828e-01 -1.308147856535994864e-03 7.780664001019576691e-05 -3.799803396925773751e-04 -6.629093849283513923e-04 -3.210846451675479843e-04 -4.207233579578194271e-02 -1.027417587390383382e-03 1.493059656860310424e-03 9.776796564884930856e-04 2.272862235728870511e-03
-8.235557439924080791e-03 -8.232174379118889149e-03 -1.942161706125698772e-01 -8.241267462527126011e-03 -1.941786498346325107e-01 -7.093735924993270665e-03 1.252720975762615929e-01 1.213157549986361300e-01 1.285414918602091616e-01 1.249408202605774149e-01 -8.191702027388343688e-03 -2.014153251210658579e-01 1.195971178543457358e-01 -1.225459488589086376e+00 -4.333937746375066347e+00 5.530326062658308395e-01 -6.250719346695098044e-02 -1.800557899988262378e-01 2.822855216669383216e-01 -8.028752289985457979e-02 1.582518702254403775e-01 6.037484635948604517e-01 -7.786309022980550054e+00 1.738858517539611270e+01 -1.064359517065387006e+00 9.874575901204720729e-01 -2.267922590459940831e-03 -2.045362923773195611e-08 3.603319642360301722e-02 3.012168716753502434e-03 5.667127129739693510e-06 1.677669136169229469e-01 -3.141140639587211960e-06 1.135275913475644073e-04 1.330207283808399605e-04 -1.552876027802886747e-04 2.629159318001713232e-05 -1.437811046240849901e-03 3.505009862740941957e-04 -1.497895301346145909e-03 -5.548971540565146985e-07 2.849048725944207661e-01 3.196498095531098097e-03 -2.853256424725810056e-04 1.335329225273144222e-03 3.624703121002492267e-04 1.173545178227215768e-03 1.019500217210653342e-01 2.912813418351669053e-03 -2.781198618135931246e-03 -1.102895473409412370e-03 -3.200528250437333772e-02
3.903015943517055631e-04 3.902343373659802493e-04 9.519219651809409169e-03 3.937548841747720921e-04 9.520366213180142534e-03 6.104700397290537071e-04 -5.913395017402461526e-03 -5.649045187139538349e-03 -6.170534643008505904e-03 -5.930222884485169751e-03 3.883217844653485398e-04 9.152466090988105665e-03 -5.627328371836173848e-03 5.840507245966239380e-02 1.347754249925447456e-01 -2.658439471335213855e-02 5.612907198948762291e-03 2.257779194944978252e-04 -6.101919464509090313e-02 3.743851081612449561e-02 -1.653959549282938701e-01 -6.051950223585057520e-01 1.581404804604081171e+00 -1.064359517065387006e+00 3.158315228846769962e+00 -2.736378312698588555e+00 6.919882836690271133e-05 2.335996571130425874e-09 -1.630873146830096390e-03 -1.850160979256888034e-04 -2.572789568562520105e-07 -1.382789534184478142e-02 1.723827453480845540e-07 -6.272397386200706063e-06 -8.736477719158731732e-06 1.697933667826161661e-04 -1.172482758652470459e-06 6.431904319219544468e-05 -1.698040707620590431e-05 7.248876886355470645e-05 2.719707580049622527e-08 -1.372119393899134607e-02 -1.597186215909722614e-04 4.079653550841777471e-06 -2.334567917761825370e-05 -2.102261970134945376e-04 -1.762742153325206945e-05 -4.764454826970443944e-03 -9.555950147486602479e-05 5.132421177204695654e-04 -7.064042120494743284e-04 -3.601327214584647447e-03
-3.553233232412054488e-04 -3.569285436235435961e-04 -1.247180919133564561e-02 -3.293332752317975438e-04 -1.295759072011239653e-02 -6.070952557146700422e-03 5.074912891079336186e-03 1.178840457263659672e-03 7.029511393420541376e-03 4.192973588989745010e-03 -3.564382384763317181e-04 2.112005959295743668e-03 1.575765341476121489e-03 -5.944805908079529855e-02 -1.602434770189671842e-01 2.232402649326632738e-02 -5.364306167810237863e-02 -1.658061290753753969e-02 4.541100278653287248e-02 -1.906530738677854678e-02 1.882087330052609198e-01 3.907188679048475555e-01 -1.135834725224022179e+00 9.874575901204720729e-01 -2.736378312698588555e+00 2.720624861875231559e+00 2.523474112793940472e-04 -3.997354958429624060e-08 -5.727447820665839198e-03 1.274547919272418176e-03 5.525973995743302661e-06 1.176830710481836240e-01 -1.104724679070604049e-06 3.934263770411207476e-05 1.138798487208019428e-04 1.332452221567001103e-03 -1.635631495875286644e-06 8.425981107596980835e-05 -1.672066162249182181e-06 6.837823372928908492e-06 6.314629033107836014e-09 1.043140349062774211e-02 3.177043529482546946e-04 9.636419537735847133e-05 -3.972486936841170403e-04 3.207928203594284308e-03 -3.778891490297366443e-04 1.277650099781452164e-04 -4.219462298456954025e-04 -2.995366284486316081e-04 8.569987578945526549e-04 5.358955615868904801e-04
1.419421733243530946e-06 1.407633292400089808e-06 1.052384030732258798e-05 7.751574687390390930e-07 1.608814702363934573e-05 -3.990659798654163370e-06 -1.177626533314168378e-05 -1.842537709021395748e-05 -2.356354632153643232e-05 -1.406011772004123036e-05 1.421207399133625476e-06 2.650577849052546630e-05 7.247172232512379448e-07 1.868111432419617194e-04 6.111570401719984081e-04 -4.204403993981745060e-05 -6.412307124063812674e-05 -2.242722660007485241e-05 -1.196020450718941584e-05 2.169784096997889213e-05 1.936623423192648162e-05 2.951537840494681294e-06 7.422076427934518657e-04 -2.267922590459940831e-03 6.919882836690271133e-05 2.523474112793940472e-04 1.169998353982224095e-04 1.839496764814750957e-10 -1.998831540602064632e-05 -3.065877708127578593e-06 -2.923491136624106674e-09 -4.928102428582547124e-07 1.894653852938134979e-07 -4.590398238232944315e-09 -2.584124026996567588e-07 -2.759935629130909961e-05 1.309106824580201973e-06 -1.522064156173105476e-07 1.392710464958794786e-06 -4.982356792156612478e-07 -1.469184158140340415e-10 -1.077152233009931421e-05 -7.464849765372925822e-07 1.114254788328017964e-05 -3.698406311018274471e-06 5.037989452859404694e-05 -4.651724814846436092e-06 5.635615259854098160e-05 -4.370675771614053806e-06 4.230157132097949720e-07 3.957135358890046470e-08 4.337207891629124077e-06
3.124513910333680516e-11 2.518004085047154454e-11 -2.977212896991919336e-10 -1.506577674736146125e-11 4.486513558289527791e-10 1.117211165280426254e-09 7.607636060841611429e-09 -8.986149377596996441e-10 -4.770389198683201937e-09 2.595334977382994130e-10 2.875163498439770111e-11 -3.399266907966832732e-09 3.930357730791594146e-09 2.297183708712219896e-09 5.530732605689404490e-09 1.352111269864779409e-09 8.368336362313421919e-09 4.023601712568942164e-09 -1.874584652372754959e-09 -1.107916499772747592e-09 -2.856242226634851280e-09 -4.466484112239127020e-09 7.499992203243375334e-09 -2.045362923773195611e-08 2.335996571130425874e-09 -3.997354958429624060e-08 1.839496764814750957e-10 3.503686634917758076e-13 -7.524938038147683521e-09 -7.009159776000039802e-10 1.669677536826397264e-11 -8.113938707628669604e-08 4.693313387560833983e-13 -3.903352286375758020e-11 -4.489779616218709490e-11 -1.791894884230653838e-09 3.317690786985779439e-13 -1.183298275400921525e-10 2.593626849583217703e-11 -1.173141956427132402e-10 -5.159243174128931914e-14 4.087330488091262641e-09 -8.752033069189782945e-11 8.621377686030706424e-11 -4.990249856354098265e-10 6.470200341588483647e-10 -5.695733416193677820e-10 -2.393840756010955567e-09 -6.173992461616974208e-10 -2.731895850247056119e-12 5.097506774907161812e-12 3.107670355480340175e-11
-1.873441695032685521e-05 -1.818258159859533344e-05 -3.720132577032966674e-04 -2.214460787745307221e-05 -3.814493089765352883e-04 1.889200609095738261e-04 2.068036145359797534e-04 6.238179461250720941e-04 4.792307369146473362e-04 4.008648699167642908e-04 -1.820912493558157218e-05 -9.568341887317593272e-04 5.044663779131142861e-04 -2.295157385661973637e-03 -8.994032601074473943e-03 1.899542852518032888e-03 1.480731542856404464e-03 2.562455848584698111e-04 4.192454416628346703e-04 -4.254845121758421100e-04 -6.893541002037410163e-05 -5.614263968561092420e-04 -1.605096613880757639e-02 3.603319642360301722e-02 -1.630873146830096390e-03 -5.727447820665839198e-03 -1.998831540602064632e-05 -7.524938038147683521e-09 2.003014427520594457e-03 -6.488945343363937196e-05 -1.397375421338266892e-07 1.773923113005636699e-03 9.200880434546190176e-08 -9.621575441733277356e-07 -5.722536391212402227e-06 -2.385212294214980773e-04 3.178950853151052224e-07 -9.290112444089791458e-06 1.816668408801225905e-06 -7.035289635008330563e-06 -3.202450961007181706e-09 1.144080385905524343e-03 6.746111862083102958e-06 -7.182733075704407509e-06 2.955021108665940264e-05 -2.318518863960514339e-04 3.361346385196689189e-05 8.190967444088140563e-04 4.946318512111069185e-05 -8.474622421891171887e-06 -7.560064574364342193e-07 -6.121800083649048621e-05
-2.000622664496558672e-06 -1.336774882645116174e-06 -4.617738585691793867e-05 -1.577068222118355398e-05 8.112400011146939137e-05 3.234323735965160580e-05 6.053626436458800180e-06 9.116714265502477254e-05 3.645804645197185575e-05 8.073203413969725294e-06 -1.311290930444448322e-06 9.524369513550300190e-05 -1.561906003115226126e-04 -2.413830384047643027e-04 -7.792467322818631172e-04 4.374865575491431987e-05 -2.511504815143119360e-04 -1.438349232893973754e-04 9.716489451755718745e-05 1.956249822431489955e-05 1.065513788454300873e-04 1.518732896788265677e-04 -1.215587300676065170e-03 3.012168716753502434e-03 -1.850160979256888034e-04 1.274547919272418176e-03 -3.065877708127578593e-06 -7.009159776000039802e-10 -6.488945343363937196e-05 1.657528158789602687e-03 -1.772327720652130167e-09 3.796922811785765663e-03 4.581868379723639774e-05 2.701824412990561991e-05 -1.934370201339507181e-06 -5.484749986501893113e-04 8.425313135153671108e-05 1.643963587826403460e-05 8.199024222759519287e-05 1.015480668008102997e-05 4.295262281613146033e-07 3.025644812913768820e-04 1.363609784081154267e-05 2.429767316955763850e-07 -2.661062854250335463e-06 -2.258879200790080838e-03 -2.816659606541177855e-05 3.406219035674215578e-06 -3.033567229315875188e-06 -3.814668919843580965e-07 -2.480853949937066159e-07 -5.076943800492943640e-06
