4.145938688651877540e-06 4.141710377790800480e-06 9.647368500780051945e-05 4.096712566899267926e-06 9.699277112602881735e-05 3.161703659573644997e-06 -6.136371006271808433e-05 -6.030299687880908761e-05 -6.466943815278866886e-05 -6.256855269101117714e-05 4.133469467352295184e-06 7.921709197721543271e-05 1.168694073383699997e-05 6.133393617599330622e-04 2.155476271507631835e-03 -2.764068641121705805e-04 2.597413040266840896e-05 8.938554464630101297e-05 -1.444527329021054517e-04 4.381465637464734695e-05 -7.618897748762088482e-05 -8.060439424046036212e-05 3.421339470676791183e-03 -8.395984246451189750e-03 3.946712074433381991e-04 -3.733536982149947064e-04 1.443616676238166572e-06 5.808370396376905020e-11 -1.809705757708251930e-05 -1.553958357155558973e-06 -2.707504720472910264e-09 -8.847972661711724161e-05 1.450426837295121786e-09 -4.552097949492569646e-08 -8.323741788316329320e-08 -1.978037051295302148e-06 -7.918471560504855393e-09 3.640642248015920272e-07 -1.090734784234114153e-07 4.524448266779235373e-07 2.152899330441519226e-10 -6.164471141527706527e-05 -2.842831620344804719e-07 2.159056748173499050e-07 -9.676081976053243049e-07 5.142585815721431944e-06 -8.506121615215910524e-07 -2.390938319387722085e-05 -1.369101437414349640e-06 1.580695181733358957e-06 3.442732671826574579e-07 1.462832441355141308e-05
4.141710377790800480e-06 4.138802599303645093e-06 9.651399165460921995e-05 4.098409041724948909e-06 9.696258183339432799e-05 3.195260693050446065e-06 -6.136765300177106125e-05 -6.024006584003899320e-05 -6.460646541816328955e-05 -6.253823757613341137e-05 4.130495172608971318e-06 7.905755644550402567e-05 1.164221930112596791e-05 6.131641324176786284e-04 2.154841665075209970e-03 -2.763092825290840312e-04 2.638216484303757529e-05 8.957343385508035206e-05 -1.445113631206155797e-04 4.374272487226693574e-05 -7.632915348135346117e-05 -8.077536189841233189e-05 3.420650313509362907e-03 -8.393653686647727444e-03 3.946732267649346367e-04 -3.752349849621891813e-04 1.433243814793861095e-06 5.251881075945229957e-11 -1.769061625923536534e-05 -9.311564242683737929e-07 -2.900372145540688599e-09 -8.955439409963402027e-05 1.346828527749507345e-09 -4.945566544031500841e-08 -8.315555305130588418e-08 -1.886764459468238136e-06 -7.858081302782041066e-09 3.614034672192602723e-07 -1.092647644676335860e-07 4.533193193641374028e-07 2.155841600988072582e-10 -6.162502095760630369e-05 -2.871843100754052276e-07 2.103361118367748924e-07 -9.368625421175141177e-07 1.418631674125896389e-06 -8.575112046736602653e-07 -2.368520132816611458e-05 -1.330276706892800877e-06 1.580027245573368625e-06 3.444164822842953921e-07 1.462345234581263925e-05
9.647368500780051945e-05 9.651399165460921995e-05 2.432321413304799548e-03 9.701359198435258462e-05 2.436901089810586049e-03 2.065985595728623875e-04 -1.391327287713149240e-03 -1.331178903668431453e-03 -1.553935275386650111e-03 -1.475142864023988457e-03 9.634604163807933914e-05 1.550176259038958150e-03 1.588555197324804241e-04 1.444268081633412644e-02 5.098076079726741178e-02 -6.714456337777905195e-03 1.932425529990850453e-03 2.856971383716019278e-03 -3.805073987251770314e-03 8.544546385854847725e-04 -2.394619146439972736e-03 -2.477430273339325650e-03 8.293769745606589805e-02 -1.995433391858538186e-01 9.858209091183293277e-03 -1.525349010990683513e-02 5.864078126418986498e-06 6.249506620293199647e-10 -3.513863176366282355e-04 -3.853207912241254338e-05 -5.327608450472735263e-08 -5.562041800046740869e-03 3.108678092571831283e-08 -1.201560719948126947e-06 -2.258613595709773949e-06 5.440372236911318295e-05 -1.000266860365326622e-07 4.653313421216132597e-06 -2.306222980033434903e-06 9.617556236504210020e-06 4.455175532170096815e-09 -1.568734020069108932e-03 -1.785030812976264153e-05 -1.474895654534339898e-06 4.792582468919730401e-06 -8.209121804987062356e-05 6.199803123103842767e-06 -3.668285942936359823e-04 5.848755268306712917e-07 3.710375197802332777e-05 9.003864991091095057e-06 3.435848289480158838e-04
4.096712566899267926e-06 4.098409041724948909e-06 9.701359198435258462e-05 5.259186644419259095e-06 9.094515119858445932e-05 -6.855628065298668589e-06 -6.256661509429821898e-05 -7.124730994312814664e-05 -6.370170321486431529e-05 -6.388950691048446504e-05 4.084482699035397984e-06 8.522919223721814840e-05 1.455557628357675878e-05 6.061329258149483626e-04 2.142358500272055141e-03 -2.845823442210880690e-04 9.389366815870024653e-06 8.294487797473316893e-05 -1.423109033563127793e-04 4.609663330739117580e-05 -7.240795528007374000e-05 -7.054764299067520358e-05 3.428648087961510757e-03 -8.360112119674870113e-03 3.936001353378450153e-04 -2.967969479538256749e-04 8.614916075413693288e-07 -7.316417628301965541e-12 -1.642767870002721653e-05 -1.425162905053003529e-05 1.639941398241385539e-08 -2.218879268991153072e-04 8.364905204518985641e-09 -2.301553431686259017e-07 9.563380882475709472e-07 6.420228396977959557e-05 -6.700219727500637885e-09 3.229383590193292207e-07 -1.597824385211460950e-07 6.679808026616792958e-07 3.236740499014956399e-10 -5.165136881502764197e-05 3.749061945499004841e-07 1.033810929965353417e-07 -4.976725969467749174e-07 -7.498630240359708724e-06 -4.880011116560366881e-07 -3.346953207019194272e-05 -1.023480852408151743e-06 1.593606154492932477e-06 3.359717764383518261e-07 1.453708984436707710e-05
9.699277112602881735e-05 9.696258183339432799e-05 2.436901089810586049e-03 9.094515119858445932e-05 2.489220350644420938e-03 2.661129816347432070e-04 -1.373790976494736150e-03 -1.268527061372146493e-03 -1.567264497852676689e-03 -1.467597362383491876e-03 9.683342022608464202e-05 1.496361831150905567e-03 1.313285345591640239e-04 1.449924958925057940e-02 5.111565676295500710e-02 -6.679854257845608406e-03 2.133428778114298836e-03 2.953011697903944882e-03 -3.849541085310049116e-03 8.278493262118009205e-04 -2.462498168764195791e-03 -2.584823516588058770e-03 8.310954177549526034e-02 -2.000369527813674053e-01 9.910873098512204202e-03 -1.621084012487686299e-02 1.114859235863199658e-05 1.659120366036315681e-09 -3.909525525826557601e-04 8.131994157487863815e-05 -1.233841596358738632e-07 -5.063945066801828210e-03 -4.947993140675131416e-08 1.130083371855329970e-06 -6.923255992736717794e-06 -2.503556085515852743e-04 -1.259143696435592885e-07 5.717220389477323639e-06 -2.128146324961835466e-06 8.826413912681459564e-06 4.102838973368561556e-09 -1.618650836599817540e-03 -2.115868066790317834e-05 -4.251065501777590804e-07 5.192066240857213598e-07 4.085932185914275476e-05 2.658798528370040338e-06 -3.329963762513527274e-04 -3.752474315467190518e-06 3.703597720431905092e-05 9.126159846268100539e-06 3.443467137355263959e-04
3.161703659573644997e-06 3.195260693050446065e-06 2.065985595728623875e-04 -6.855628065298668589e-06 2.661129816347432070e-04 3.020092890380501145e-04 9.645359166225175060e-05 2.439976364069747282e-04 -1.004261700749062292e-04 2.144750166451067294e-05 3.347967923106923263e-06 -5.950087015979519962e-04 -2.011453372210723412e-04 6.900196593930390263e-04 2.115558748064244252e-03 -1.698530283114401893e-05 2.140018418364244331e-03 1.129480306915650210e-03 -6.053660739789288626e-04 -2.613094817486006890e-04 -8.439773996311161633e-04 -1.104434555834155019e-03 4.217325326516122366e-03 -8.571483931694814581e-03 8.767874120657847799e-04 -1.041338537081035534e-02 -4.871890036373684423e-06 2.685520706742961558e-09 9.878312315878176304e-05 2.454065518906469332e-05 -3.073672106934621379e-07 -5.683701032500080089e-03 1.960593660261991920e-08 -9.116427705389393427e-07 -1.205365140549936839e-05 -5.540749515020468524e-04 2.348664475438078713e-07 -1.072590711786555710e-05 2.446770003846122118e-06 -1.004476744344926512e-05 -5.333808096683098412e-09 -2.262896852259508652e-04 -3.195130508254949377e-05 -2.475101551759898287e-06 1.030376063410078385e-05 -8.838583759380604196e-05 9.278099601752294728e-06 3.698736585051658156e-04 1.721088908682707542e-05 2.501721159095146688e-07 1.517525722858400980e-06 1.193976563726852743e-05
-6.136371006271808433e-05 -6.136765300177106125e-05 -1.391327287713149240e-03 -6.256661509429821898e-05 -1.373790976494736150e-03 9.645359166225175060e-05 1.089767899897279039e-03 1.029404481741033172e-03 9.115263438521252265e-04 9.854341366581458300e-04 -6.113277562819335593e-05 -1.594257972157100880e-03 -2.906319790951006387e-04 -9.016702902131808195e-03 -3.195630209566777818e-02 4.317135200460235807e-03 8.523227452066621957e-04 -7.351909483562325603e-04 1.891206259612276432e-03 -8.293105766030257290e-04 7.031656155516805441e-04 5.806975472646366300e-04 -5.053157124891027863e-02 1.244410667413782395e-01 -5.610695960135176838e-03 -3.105640540109980835e-04 -1.279067707398813799e-05 6.408094792911221616e-09 3.143150889283280957e-04 -1.812657471600983785e-05 2.840926586713168144e-07 -3.559935545252620580e-03 1.709872326385065470e-08 -5.859545838690454056e-07 -1.917803765903872332e-06 -4.204434820518143044e-05 3.032272295536156550e-07 -1.380727862136177982e-05 3.502519799602748921e-06 -1.443202162462603500e-05 -7.257851001126037684e-09 9.231538861291051137e-04 -1.415530724164254070e-05 -2.229337421330769004e-06 1.014479947910923862e-05 -6.196023197737845134e-05 7.318427474549156470e-06 5.150046546487608776e-04 1.779860625215153627e-05 -2.430725849473444679e-05 -4.440180125819911875e-06 -2.181014575768109459e-04
-6.030299687880908761e-05 -6.024006584003899320e-05 -1.331178903668431453e-03 -7.124730994312814664e-05 -1.268527061372146493e-03 2.439976364069747282e-04 1.029404481741033172e-03 1.485282923834150334e-03 9.267429294667739849e-04 1.012997157539771449e-03 -5.995941231234173919e-05 -1.823733747644751572e-03 -3.574083759589919969e-04 -8.650985370224626922e-03 -3.100705945193896543e-02 4.467432687518275297e-03 1.583660638519486172e-03 -3.928281699787253365e-04 1.724783279382468247e-03 -9.179622324516883546e-04 4.702756797058285469e-04 1.584579701887651321e-04 -4.955118624713827913e-02 1.210495806353523440e-01 -5.391025530025376697e-03 -3.806926647241477835e-03 -1.820906597417133813e-05 4.614530929062364300e-10 5.359134524499449721e-04 8.064240535210877650e-05 -4.274020346212719808e-07 3.944810339421602786e-03 -3.627569022215219184e-08 1.048593013330638853e-06 -1.140730735624642733e-05 -5.935211655615467430e-04 3.258422670386912237e-07 -1.502666991970812833e-05 4.298645157940158320e-06 -1.776251119252345844e-05 -8.972407582756765105e-09 7.067823186609875543e-04 -2.914260103791117254e-05 -4.262550902494035830e-06 1.842784782328312789e-05 3.346374878034328617e-05 1.863226193359677132e-05 7.765257350504308105e-04 3.254792575945024424e-05 -2.434641500213489122e-05 -3.956542559995585641e-06 -2.119885703468464425e-04
-6.466943815278866886e-05 -6.460646541816328955e-05 -1.553935275386650111e-03 -6.370170321486431529e-05 -1.567264497852676689e-03 -1.004261700749062292e-04 9.115263438521252265e-04 9.267429294667739849e-04 1.075699301164941999e-03 9.790176611208993400e-04 -6.450834207358636192e-05 -1.124175007056953590e-03 -1.339121428848520363e-04 -9.568224191552152785e-03 -3.371427376616619592e-02 4.393187447056963284e-03 -8.652582880620453970e-04 -1.659068726870084175e-03 2.397148453815746254e-03 -6.221868569173594947e-04 1.400826796465068358e-03 1.457914204172668180e-03 -5.425264206119410904e-02 1.316775836038783787e-01 -6.360808824195650010e-03 8.080288353619576036e-03 -1.747283920414175704e-05 -4.330667503309458565e-09 5.105414058573612716e-04 2.454581612418246206e-05 1.853817870889395780e-08 4.060288138533202709e-03 -3.466408486203625545e-08 1.251184992097173063e-06 2.137489037351281727e-06 3.555176946394840811e-05 7.095337637048151822e-08 -3.318860247559209461e-06 1.331092427270187846e-06 -5.551075838444365247e-06 -2.550843334766022783e-09 9.697905223658395994e-04 8.757693049661125000e-06 -2.473183439025250108e-06 1.134319271458034348e-05 6.114003702096840764e-06 1.111326443999413656e-05 3.374900180160586116e-04 1.732373327988165961e-05 -2.463861351965672953e-05 -5.687832350341564156e-06 -2.279469929028961079e-04
-6.256855269101117714e-05 -6.253823757613341137e-05 -1.475142864023988457e-03 -6.388950691048446504e-05 -1.467597362383491876e-03 2.144750166451067294e-05 9.854341366581458300e-04 1.012997157539771449e-03 9.790176611208993400e-04 9.950340128503344043e-04 -6.235754440438010969e-05 -1.419313918043395815e-03 -2.313542175740920109e-04 -9.196088293164513330e-03 -3.263079607109468927e-02 4.437169584148816480e-03 1.258576771472700575e-04 -1.150476312372433795e-03 2.129481272171543458e-03 -7.424496970055035044e-04 1.028761761179504191e-03 9.298784799483162007e-04 -5.242371180483698656e-02 1.274515567185582343e-01 -5.978563339021650269e-03 3.276659180790064685e-03 -1.197757708142838318e-05 5.340637161833616061e-10 3.418592321832564750e-04 -1.039991992750875183e-06 -1.098419643733247954e-07 -5.036886937918158471e-04 9.482750495577607387e-10 -5.828528165785047679e-10 -1.334615165740092873e-06 -7.789720707455592404e-05 2.161287149739569805e-07 -9.883745750153362158e-06 2.799178778411655170e-06 -1.156209501071540924e-05 -5.731979506056199274e-09 9.258579643672740613e-04 -6.454167255203135744e-06 -1.757475215881477004e-06 8.172991674080794670e-06 -2.841527227192058714e-05 6.761923473750767151e-06 4.597904681985866856e-04 1.557848655046526729e-05 -2.454884586247209216e-05 -4.993650884367278001e-06 -2.215382553695181399e-04
4.133469467352295184e-06 4.130495172608971318e-06 9.634604163807933914e-05 4.084482699035397984e-06 9.683342022608464202e-05 3.347967923106923263e-06 -6.113277562819335593e-05 -5.995941231234173919e-05 -6.450834207358636192e-05 -6.235754440438010969e-05 4.251765326880869691e-06 7.806910803721063465e-05 1.342133286531683335e-05 6.119733220975512441e-04 2.150416330886124102e-03 -2.755456063862149279e-04 2.743069737998023028e-05 8.991502271496129572e-05 -1.444374694790715851e-04 4.349270486542506368e-05 -7.655207943797512717e-05 -8.115709628851592032e-05 3.413792675744161710e-03 -8.376444884035430180e-03 3.940765064067040455e-04 -3.796734151191006289e-04 1.441123312549280035e-06 5.627901740135204605e-11 -1.770957888596885003e-05 -9.483922067570983697e-07 -3.016988210352219739e-09 -9.323170971006448243e-05 1.424267955892697633e-09 -5.098404917160879656e-08 -8.990831603865876399e-08 -2.198526750088307046e-06 8.194249370904752719e-06 6.423428357332878908e-07 -4.019776794540971492e-06 5.898435690673319418e-09 1.324568664311997339e-09 -6.606646180507447404e-05 -5.461887640557665968e-07 2.115674818949203278e-07 -9.415837923069368765e-07 1.393598948515312485e-06 -8.642114189051165800e-07 2.779700990253461878e-04 3.979856038460759439e-06 1.576003547347091953e-06 3.443004648461177496e-07 1.459232920977164490e-05
7.921709197721543271e-05 7.905755644550402567e-05 1.550176259038958150e-03 8.522919223721814840e-05 1.496361831150905567e-03 -5.950087015979519962e-04 -1.594257972157100880e-03 -1.823733747644751572e-03 -1.124175007056953590e-03 -1.419313918043395815e-03 7.806910803721063465e-05 3.872130391986935635e-03 8.230171745130512514e-04 1.110733905019229556e-02 4.014827252370350291e-02 -6.058298504130218629e-03 -5.127297990691069389e-03 -1.033974427960521409e-03 -1.530174581662130384e-03 1.629127230230013835e-03 5.427567247060130062e-04 1.267190036417884837e-03 6.248417610373831199e-02 -1.560374846447444286e-01 6.205564739407587460e-03 1.959409534695286115e-02 3.024598728196005223e-05 -7.186124251005926595e-09 -7.603264886615478287e-04 1.486273438848577356e-04 5.637850942022235434e-07 1.701961388180384463e-02 -1.335446403718058667e-07 4.690264219737658677e-06 1.317665656243835073e-05 3.163968242125230856e-04 -2.539410141304467722e-05 4.166698470240600403e-05 5.824623133107017587e-06 4.099103080083546177e-05 -2.543248217061907810e-05 -8.999480168504366516e-04 8.192822182671704852e-05 8.767845039586659832e-06 -3.771349325909246217e-05 3.348943694371038157e-04 -3.259130396976506249e-05 -2.410786907711705979e-03 -8.040391733101840657e-05 3.326577398794767468e-05 3.370446289219066060e-06 2.782591111957798992e-04
1.168694073383699997e-05 1.164221930112596791e-05 1.588555197324804241e-04 1.455557628357675878e-05 1.313285345591640239e-04 -2.011453372210723412e-04 -2.906319790951006387e-04 -3.574083759589919969e-04 -1.339121428848520363e-04 -2.313542175740920109e-04 1.342133286531683335e-05 8.230171745130512514e-04 3.034148052326184910e-04 1.562104644071847211e-03 5.713182805508975302e-03 -9.169181566849305114e-04 -1.702478956224724510e-03 -6.437543846430352672e-04 1.399369056445708484e-05 3.703805499875397378e-04 4.521029567968266796e-04 6.394238891819013608e-04 8.221636896562467545e-03 -2.191177200928854166e-02 6.173901687483427693e-04 7.440400583983888816e-03 9.484295736831153378e-06 -2.229457261572331034e-09 -9.047496625644437874e-05 -7.205336581520470297e-06 1.983527124446978992e-07 5.731863414487954611e-03 3.711612909468502650e-08 7.347479253141947240e-07 4.610507587644890908e-06 1.291462523549008511e-04 -3.102485641238715325e-06 4.481476630149878592e-06 -1.779405269651398395e-04 -1.027658737691409334e-05 -3.124528508156114500e-06 -7.463213061330105282e-04 6.143188131231060572e-06 2.693154108192985734e-06 -1.118547775713865547e-05 1.492510074621095279e-04 -8.976435371338495356e-06 4.139484725542797415e-03 6.177807969369076440e-05 5.234459256432114741e-06 -8.643932731213308928e-08 4.087479270571561882e-05
6.133393617599330622e-04 6.131641324176786284e-04 1.444268081633412644e-02 6.061329258149483626e-04 1.449924958925057940e-02 6.900196593930390263e-04 -9.016702902131808195e-03 -8.650985370224626922e-03 -9.568224191552152785e-03 -9.196088293164513330e-03 6.119733220975512441e-04 1.110733905019229556e-02 1.562104644071847211e-03 9.125277216934990498e-02 3.202100931579777154e-01 -4.066932743005994416e-02 5.792290288036433532e-03 1.418682613446754087e-02 -2.183581131758986424e-02 6.226919186814694820e-03 -1.196776264793748823e-02 -1.294446623290296597e-02 5.083409149878431732e-01 -1.247219420214244368e+00 5.897424755257338336e-02 -6.457522316804480134e-02 1.869119603922756616e-04 4.710648249738555839e-09 -2.086928774820870271e-03 -1.980861611230480502e-04 -8.304603081725356799e-07 -1.719351511930021503e-02 2.327393922130464114e-07 -8.576883793038372252e-06 -1.681864024219182022e-05 -3.777501863637342796e-04 -9.642617944513943689e-07 4.445198627119518483e-05 -1.467476736659976971e-05 6.101369021290918614e-05 2.856845954911755531e-08 -9.345139840475514409e-03 -6.977181920782541574e-05 2.415652310391447067e-05 -1.116309068648250964e-04 1.512579857080064750e-05 -9.824293533832436970e-05 -3.090865155086201192e-03 -1.585108130614282685e-04 2.333802327066760503e-04 5.216267517866822332e-05 2.171348926451647197e-03
2.155476271507631835e-03 2.154841665075209970e-03 5.098076079726741178e-02 2.142358500272055141e-03 5.111565676295500710e-02 2.115558748064244252e-03 -3.195630209566777818e-02 -3.100705945193896543e-02 -3.371427376616619592e-02 -3.263079607109468927e-02 2.150416330886124102e-03 4.014827252370350291e-02 5.713182805508975302e-03 3.202100931579777154e-01 1.141348431168711208e+00 -1.447793717115041234e-01 1.831188634172849217e-02 4.656168487571916287e-02 -6.972422839839215181e-02 1.928723364877699478e-02 -4.352821909637497044e-02 1.808801001011664522e-02 1.677500536687845045e+00 -4.413754430510398841e+00 1.348393018262295517e-01 -1.722175338335368844e-01 5.944832922934909858e-04 1.258956982707766380e-08 -8.126974510869491158e-03 -6.018922314189538002e-04 -1.888229499274156557e-06 -5.399839873840418802e-02 6.927038469900995954e-07 -2.574315392808914092e-05 -4.357687127950123513e-05 -5.904638261927969579e-04 -3.879373730133310988e-06 1.785212685370483725e-04 -5.771971054726338242e-05 2.396545184488833857e-04 1.136759830187847385e-07 -3.281616919900998824e-02 -1.887994554462719434e-04 7.519059838844925462e-05 -3.498567619990650894e-04 8.997969247881085209e-05 -3.042157370938750180e-04 -1.142572094113295834e-02 -5.243151160509339692e-04 7.438028608533147441e-04 1.949513516476703576e-04 9.007147449691017133e-03
-2.764068641121705805e-04 -2.763092825290840312e-04 -6.714456337777905195e-03 -2.845823442210880690e-04 -6.679854257845608406e-03 -1.698530283114401893e-05 4.317135200460235807e-03 4.467432687518275297e-03 4.393187447056963284e-03 4.437169584148816480e-03 -2.755456063862149279e-04 -6.058298504130218629e-03 -9.169181566849305114e-04 -4.066932743005994416e-02 -1.447793717115041234e-01 2.005907298922421714e-02 -6.556544434010288733e-04 -5.846951884780142786e-03 9.868099618177778032e-03 -3.131572585381251720e-03 5.180783925944722375e-03 4.609288806801814173e-03 -2.353785034036972035e-01 5.668481490604394546e-01 -2.714447763402681041e-02 2.055408102652266783e-02 -2.629413430081017078e-05 1.631560122494622061e-09 1.682255752275889490e-03 6.339830314067699439e-07 -5.899208340732524008e-07 1.603825872352377530e-03 1.258430947500700558e-08 -2.627222328567235959e-07 -6.998732919393315611e-06 -5.185115935326184899e-04 8.974268266895447306e-07 -4.107248995837900615e-05 1.239330032132280785e-05 -5.121854320099140646e-05 -2.535804838303684508e-08 4.184717983791327173e-03 -2.177298129199714725e-05 -1.918327921706650235e-06 1.105975275639939267e-05 -4.360021449420338024e-05 6.311142076017013688e-06 1.925537099888040716e-03 4.137803964117889186e-05 -1.089895896161082394e-04 -2.302789936395127445e-05 -9.801744805967552068e-04
2.597413040266840896e-05 2.638216484303757529e-05 1.932425529990850453e-03 9.389366815870024653e-06 2.133428778114298836e-03 2.140018418364244331e-03 8.523227452066621957e-04 1.583660638519486172e-03 -8.652582880620453970e-04 1.258576771472700575e-04 2.743069737998023028e-05 -5.127297990691069389e-03 -1.702478956224724510e-03 5.792290288036433532e-03 1.831188634172849217e-02 -6.556544434010288733e-04 1.891263204112480709e-02 1.012298692095205642e-02 -5.490023955481690421e-03 -2.304827771505291688e-03 -7.634139815618244673e-03 -9.635603928009214142e-03 3.911513153885555483e-02 -7.550804356525667171e-02 8.041049882197049553e-03 -9.225007765196462095e-02 -7.456633898974079585e-05 2.226523648346724248e-08 9.366079620243697793e-04 -3.038007725993311487e-04 -1.459858745984944679e-06 -5.956916188432473391e-02 2.915504120991398057e-07 -1.076546073136997431e-05 -3.936734609577441260e-05 -6.428741571399161896e-04 2.047712636107920035e-06 -9.290241955894228869e-05 1.801401118835522207e-05 -7.362316301159343708e-05 -3.928115279177676780e-08 -1.447774357245179815e-03 -2.455346939631743576e-04 -2.836454624785944009e-05 1.186056868621057056e-04 -9.324656781476694731e-04 1.083923776187668782e-04 2.681942646395476301e-03 1.707894404368627290e-04 2.801369758259271458e-06 1.356086105852869851e-05 1.014244422629844642e-04
8.938554464630101297e-05 8.957343385508035206e-05 2.856971383716019278e-03 8.294487797473316893e-05 2.953011697903944882e-03 1.129480306915650210e-03 -7.351909483562325603e-04 -3.928281699787253365e-04 -1.659068726870084175e-03 -1.150476312372433795e-03 8.991502271496129572e-05 -1.033974427960521409e-03 -6.437543846430352672e-04 1.418682613446754087e-02 4.656168487571916287e-02 -5.846951884780142786e-03 1.012298692095205642e-02 1.208402959093598031e-02 -1.220732920946155514e-02 7.535867086529432837e-04 -4.523843266394198849e-03 -2.090271954915622760e-02 1.092692771684787428e-01 -1.910303355148367521e-01 1.926427460234955702e-03 -3.660700513155398794e-02 -3.226581849839758908e-05 1.125319787279178813e-08 2.898189911711677742e-05 -1.596665750009866700e-04 -6.026358399402483363e-07 -3.175807918095906873e-02 1.494832397716707411e-07 -5.575818720457589411e-06 -1.873780528515036782e-05 -1.934372859595533708e-04 8.297356143190683002e-07 -3.754614766493737544e-05 6.060076069148518036e-06 -2.461171845052601253e-05 -1.367158059499872068e-08 -1.908027540196749819e-03 -1.230136640732154942e-04 -1.443534108195484662e-05 5.953579415188976212e-05 -4.785438734131378775e-04 5.545748592034899650e-05 8.815273222741587533e-04 7.865084930376909137e-05 8.562454467276325051e-05 -1.477271324545736530e-05 4.579689026495544434e-05
-1.444527329021054517e-04 -1.445113631206155797e-04 -3.805073987251770314e-03 -1.423109033563127793e-04 -3.849541085310049116e-03 -6.053660739789288626e-04 1.891206259612276432e-03 1.724783279382468247e-03 2.397148453815746254e-03 2.129481272171543458e-03 -1.444374694790715851e-04 -1.530174581662130384e-03 1.399369056445708484e-05 -2.183581131758986424e-02 -6.972422839839215181e-02 9.868099618177778032e-03 -5.490023955481690421e-03 -1.220732920946155514e-02 5.093288027452545774e-02 -2.776250102114672172e-02 9.886172325758311313e-03 4.315184357499739221e-02 -1.917612787763379734e-01 2.922073880185953598e-01 -6.146729505276775363e-02 5.484853542116913810e-02 -4.188052731250658573e-06 -5.517860428530968449e-09 4.708345669493706957e-04 9.322097105695544548e-05 2.460173007995833543e-07 1.705981021912558043e-02 -8.852783163352008772e-08 3.333075960784933939e-06 9.087577458442469048e-06 2.532878337903920790e-05 -1.552744779928273033e-07 6.873411663226832645e-06 5.797294128251050658e-07 -2.634867049957078804e-06 -4.540452488032125844e-10 2.460533225136741706e-03 6.102159609349616187e-05 4.714421605807502387e-06 -1.789374688025072694e-05 2.224405962605055065e-04 -1.788102903187360559e-05 1.835176189159445480e-04 -1.768308151862029771e-05 -7.769238736546628301e-04 2.185851243800540622e-05 1.146938551769742217e-03
4.381465637464734695e-05 4.374272487226693574e-05 8.544546385854847725e-04 4.609663330739117580e-05 8.278493262118009205e-04 -2.613094817486006890e-04 -8.293105766030257290e-04 -9.179622324516883546e-04 -6.221868569173594947e-04 -7.424496970055035044e-04 4.349270486542506368e-05 1.629127230230013835e-03 3.703805499875397378e-04 6.226919186814694820e-03 1.928723364877699478e-02 -3.131572585381251720e-03 -2.304827771505291688e-03 7.535867086529432837e-04 -2.776250102114672172e-02 1.914825645024479869e-02 -3.182775863447378367e-03 -1.348778684015294362e-02 5.727519638819311004e-02 -8.030921483636062341e-02 3.663956320745394291e-02 -1.348561268633609138e-02 2.244678592618904584e-05 -2.940300965096323453e-09 -3.261597227840981085e-04 3.140043866796778582e-05 1.838759299054217660e-07 7.340307160153566532e-03 -2.825378874291261468e-08 1.035396437085257638e-06 4.889553470843016039e-06 9.161737355435032194e-05 -3.837488070024785693e-07 1.746653005342699443e-05 -3.930065576025038643e-06 1.614686345600130352e-05 8.298977809663848463e-09 -5.180265846038737635e-04 3.156276096673711314e-05 5.477608212667701260e-06 -2.365004144867601969e-05 1.343029703978000818e-04 -2.122945274420887947e-05 -6.408792551300614062e-04 -3.504207884982137391e-05 5.131742829797306072e-04 -1.256173987705714006e-05 -7.782548406384875647e-04
-7.618897748762088482e-05 -7.632915348135346117e-05 -2.394619146439972736e-03 -7.240795528007374000e-05 -2.462498168764195791e-03 -8.439773996311161633e-04 7.031656155516805441e-04 4.702756797058285469e-04 1.400826796465068358e-03 1.028761761179504191e-03 -7.655207943797512717e-05 5.427567247060130062e-04 4.521029567968266796e-04 -1.196776264793748823e-02 -4.352821909637497044e-02 5.180783925944722375e-03 -7.634139815618244673e-03 -4.523843266394198849e-03 9.886172325758311313e-03 -3.182775863447378367e-03 7.435999687137645475e-02 -1.324650508998076459e-03 -5.806036391733251922e-02 1.657077930295261237e-01 -1.654356562695462884e-01 2.023001368234166875e-01 2.887433276654759526e-05 -8.291428596443421716e-09 8.483588523806862274e-05 1.153616356798304384e-04 3.671988637551551353e-07 2.393668356675919887e-02 -1.047908829046250307e-07 3.935386982232732514e-06 1.300048332376895434e-05 7.752638851038891549e-05 -5.748428178779920865e-07 2.599165913280108319e-05 -3.841197575581399977e-06 1.555562113444702036e-05 8.782487056236765863e-09 1.577519767976639847e-03 8.952239199317628231e-05 1.178194541759221633e-05 -4.869402877907065726e-05 3.634670197627821444e-04 -4.558302245094103620e-05 -5.809372017729269371e-04 -6.179688891712751728e-05 -7.341843448443530814e-06 -1.961863483812822592e-04 -1.486474814956397069e-04
-8.060439424046036212e-05 -8.077536189841233189e-05 -2.477430273339325650e-03 -7.054764299067520358e-05 -2.584823516588058770e-03 -1.104434555834155019e-03 5.806975472646366300e-04 1.584579701887651321e-04 1.457914204172668180e-03 9.298784799483162007e-04 -8.115709628851592032e-05 1.267190036417884837e-03 6.394238891819013608e-04 -1.294446623290296597e-02 1.808801001011664522e-02 4.609288806801814173e-03 -9.635603928009214142e-03 -2.090271954915622760e-02 4.315184357499739221e-02 -1.348778684015294362e-02 -1.324650508998076459e-03 8.047642665102845427e-01 -1.661779407304514233e+00 6.149621941889198418e-01 -6.153008932861409042e-01 4.164401906059670977e-01 5.259732998580545654e-06 -1.131265797021163328e-08 -3.024762180789673013e-04 1.746067993177388982e-04 9.013550495825545916e-07 3.023001434699831153e-02 -1.769082324759695773e-07 6.500852815536353467e-06 2.207173585917026178e-05 4.355249734671344432e-04 -9.005987175388105840e-07 4.078589480266102689e-05 -7.470580273837689334e-06 3.043007315205864798e-05 1.665728409908658856e-08 1.716493487479755272e-03 1.284133090447306077e-04 9.097583663123109959e-06 -3.660621442075272735e-05 4.330166678041451420e-04 -3.358109270327512617e-05 -9.645861751934221850e-04 -5.669335590610538947e-05 -2.163801622175948376e-04 -3.180608287751318024e-04 5.061712536102248861e-03
3.421339470676791183e-03 3.420650313509362907e-03 8.293769745606589805e-02 3.428648087961510757e-03 8.310954177549526034e-02 4.217325326516122366e-03 -5.053157124891027863e-02 -4.955118624713827913e-02 -5.425264206119410904e-02 -5.242371180483698656e-02 3.413792675744161710e-03 6.248417610373831199e-02 8.221636896562467545e-03 5.083409149878431732e-01 1.677500536687845045e+00 -2.353785034036972035e-01 3.911513153885555483e-02 1.092692771684787428e-01 -1.917612787763379734e-01 5.727519638819311004e-02 -5.806036391733251922e-02 -1.661779407304514233e+00 6.068599189676215921e+00 -7.946581320493719680e+00 1.606317594150844297e+00 -1.191496477881801352e+00 6.464668054392878026e-04 2.638020885303721518e-08 -1.475647362166895155e-02 -8.953446488752331246e-04 -6.701570463429941252e-07 -1.174496972406362527e-01 9.171847157637931291e-07 -3.492546752976054058e-05 -5.000078948507228303e-05 1.090785597228276314e-03 -5.960290721528971267e-06 2.745321741364972886e-04 -9.611978804289995687e-05 3.991365413187774767e-04 1.899327040762982090e-07 -5.297133488993698708e-02 -3.246696816401539666e-04 5.780131802503546916e-05 -2.909050385444509907e-04 -5.907738711587503383e-04 -2.334260968746738212e-04 -1.752536454691123319e-02 -5.520185471600545010e-04 1.512513551048707367e-03 9.843802753949466248e-04 2.472054725609976623e-03
-8.395984246451189750e-03 -8.393653686647727444e-03 -1.995433391858538186e-01 -8.360112119674870113e-03 -2.000369527813674053e-01 -8.571483931694814581e-03 1.244410667413782395e-01 1.210495806353523440e-01 1.316775836038783787e-01 1.274515567185582343e-01 -8.376444884035430180e-03 -1.560374846447444286e-01 -2.191177200928854166e-02 -1.247219420214244368e+00 -4.413754430510398841e+00 5.668481490604394546e-01 -7.550804356525667171e-02 -1.910303355148367521e-01 2.922073880185953598e-01 -8.030921483636062341e-02 1.657077930295261237e-01 6.149621941889198418e-01 -7.946581320493719680e+00 1.771329029347013062e+01 -1.072015718823422059e+00 1.046823653724816783e+00 -2.167891812809460712e-03 -5.117601419696923243e-08 3.265839348325228625e-02 2.298595220433135786e-03 6.091631304430320999e-06 2.235415820666122322e-01 -2.590477264965660462e-06 9.670361999058499326e-05 1.579493939008245844e-04 1.230516709663524635e-03 1.511733213583292167e-05 -6.957306197717809696e-04 2.280900328386928312e-04 -9.470009552152527411e-04 -4.497284285390586030e-07 1.282226310697292537e-01 7.357197499260766625e-04 -2.629144013017667707e-04 1.233864758363519649e-03 -2.326680149904083311e-05 1.063184480079360384e-03 4.433774203025324379e-02 1.908116746728134904e-03 -2.838396648951739109e-03 -1.131367635504333712e-03 -3.258752966997016665e-02
3.946712074433381991e-04 3.946732267649346367e-04 9.858209091183293277e-03 3.936001353378450153e-04 9.910873098512204202e-03 8.767874120657847799e-04 -5.610695960135176838e-03 -5.391025530025376697e-03 -6.360808824195650010e-03 -5.978563339021650269e-03 3.940765064067040455e-04 6.205564739407587460e-03 6.173901687483427693e-04 5.897424755257338336e-02 1.348393018262295517e-01 -2.714447763402681041e-02 8.041049882197049553e-03 1.926427460234955702e-03 -6.146729505276775363e-02 3.663956320745394291e-02 -1.654356562695462884e-01 -6.153008932861409042e-01 1.606317594150844297e+00 -1.072015718823422059e+00 3.187990862896818545e+00 -2.769352118511857697e+00 5.101163007643287183e-05 7.041598650788477397e-09 -1.584425357618551074e-03 -1.522207713752509492e-04 -2.490718706387876738e-07 -2.467388147575382343e-02 1.485233383880926503e-07 -5.631548752507011077e-06 -1.181472105995968493e-05 8.191188040123276084e-05 -3.219616476851297443e-07 1.508112026058423306e-05 -8.023410964429691854e-06 3.352089851447528359e-05 1.524216715179409646e-08 -6.319407802689117407e-03 -7.998044974860409842e-05 -3.296294434159579342e-07 -3.998411922891262002e-06 -2.518374976966607204e-04 3.052747332470752721e-07 -1.518408664676524928e-03 -2.430045929969102086e-05 5.002685038457356428e-04 -7.126400345625599070e-04 -3.774079615164327092e-03
-3.733536982149947064e-04 -3.752349849621891813e-04 -1.525349010990683513e-02 -2.967969479538256749e-04 -1.621084012487686299e-02 -1.041338537081035534e-02 -3.105640540109980835e-04 -3.806926647241477835e-03 8.080288353619576036e-03 3.276659180790064685e-03 -3.796734151191006289e-04 1.959409534695286115e-02 7.440400583983888816e-03 -6.457522316804480134e-02 -1.722175338335368844e-01 2.055408102652266783e-02 -9.225007765196462095e-02 -3.660700513155398794e-02 5.484853542116913810e-02 -1.348561268633609138e-02 2.023001368234166875e-01 4.164401906059670977e-01 -1.191496477881801352e+00 1.046823653724816783e+00 -2.769352118511857697e+00 2.921517678351063019e+00 3.139104844466690677e-04 -1.069706175473058911e-07 -3.261494941601740354e-03 1.493740414895044881e-03 6.840419393840887848e-06 2.901412618223531137e-01 -1.433420943996433002e-06 5.303426720369714401e-05 1.883217814875102580e-04 2.875689234094518792e-03 -9.208927571887548437e-06 4.174920075954552910e-04 -7.758917038923206666e-05 3.166327988069212850e-04 1.706444083194917224e-07 1.073342996908267441e-02 1.180534168851519799e-03 1.314233790771736278e-04 -5.461778966014125929e-04 4.458394766996643353e-03 -5.017970133666414595e-04 -1.136016518062688170e-02 -7.732167159603622495e-04 -2.776717170484516530e-04 8.376599229789690078e-04 6.432536088028361493e-04
1.443616676238166572e-06 1.433243814793861095e-06 5.864078126418986498e-06 8.614916075413693288e-07 1.114859235863199658e-05 -4.871890036373684423e-06 -1.279067707398813799e-05 -1.820906597417133813e-05 -1.747283920414175704e-05 -1.197757708142838318e-05 1.441123312549280035e-06 3.024598728196005223e-05 9.484295736831153378e-06 1.869119603922756616e-04 5.944832922934909858e-04 -2.629413430081017078e-05 -7.456633898974079585e-05 -3.226581849839758908e-05 -4.188052731250658573e-06 2.244678592618904584e-05 2.887433276654759526e-05 5.259732998580545654e-06 6.464668054392878026e-04 -2.167891812809460712e-03 5.101163007643287183e-05 3.139104844466690677e-04 9.581277369674950017e-05 3.576653179653225363e-10 -2.369069304825096168e-05 -8.730493772471674060e-08 -5.068338635376685761e-09 5.565170481368949401e-06 5.075914407643361050e-08 -9.238142519028673742e-08 -3.495920891909181590e-07 -2.730242549631761348e-05 4.931574207819404918e-07 -1.766693100371993493e-07 6.195078323571304686e-07 -5.919723696270057005e-07 1.036903086084041284e-09 -9.031411310828348451e-07 -3.801704943672083579e-07 9.357461882238819444e-06 -4.768394962126960172e-06 3.084533186602630490e-05 -5.730448034669105822e-06 3.241870690176199389e-05 -5.641868650577152714e-06 3.919899524386026493e-07 2.692341850084968489e-08 4.288003197015371867e-06
5.808370396376905020e-11 5.251881075945229957e-11 6.249506620293199647e-10 -7.316417628301965541e-12 1.659120366036315681e-09 2.685520706742961558e-09 6.408094792911221616e-09 4.614530929062364300e-10 -4.330667503309458565e-09 5.340637161833616061e-10 5.627901740135204605e-11 -7.186124251005926595e-09 -2.229457261572331034e-09 4.710648249738555839e-09 1.258956982707766380e-08 1.631560122494622061e-09 2.226523648346724248e-08 1.125319787279178813e-08 -5.517860428530968449e-09 -2.940300965096323453e-09 -8.291428596443421716e-09 -1.131265797021163328e-08 2.638020885303721518e-08 -5.117601419696923243e-08 7.041598650788477397e-09 -1.069706175473058911e-07 3.576653179653225363e-10 4.460215631459905920e-13 -1.137689281367252837e-08 -9.540221259502235580e-10 1.735067256842541167e-11 -1.741232637305199171e-07 1.379278204502968828e-12 -5.352433716778138230e-11 -7.568056743354775914e-11 -2.081802844835324206e-09 4.949862471930447745e-12 -2.244605864173820071e-10 5.452484628759834496e-11 -2.238172283285881263e-10 -1.087485739803051172e-13 3.246852259859040098e-09 -3.481313813550663537e-10 1.112859442809884677e-10 -5.785967504772075736e-10 3.748753231374796120e-10 -6.739556715306542575e-10 -2.388568904655278824e-10 -6.815448773667870803e-10 -5.300639451676213258e-12 1.412671713744467843e-11 6.171312108138927118e-11
-1.809705757708251930e-05 -1.769061625923536534e-05 -3.513863176366282355e-04 -1.642767870002721653e-05 -3.909525525826557601e-04 9.878312315878176304e-05 3.143150889283280957e-04 5.359134524499449721e-04 5.105414058573612716e-04 3.418592321832564750e-04 -1.770957888596885003e-05 -7.603264886615478287e-04 -9.047496625644437874e-05 -2.086928774820870271e-03 -8.126974510869491158e-03 1.682255752275889490e-03 9.366079620243697793e-04 2.898189911711677742e-05 4.708345669493706957e-04 -3.261597227840981085e-04 8.483588523806862274e-05 -3.024762180789673013e-04 -1.475647362166895155e-02 3.265839348325228625e-02 -1.584425357618551074e-03 -3.261494941601740354e-03 -2.369069304825096168e-05 -1.137689281367252837e-08 1.963938925210297840e-03 -3.535626400893476828e-05 3.763991194996310554e-07 4.648555214156880992e-03 5.751516210915328576e-09 5.326106389721202724e-07 -1.099640497905548599e-06 6.546861027428149877e-06 3.723009934521511842e-07 -5.517838296976033453e-06 1.203778820402980217e-06 -3.892634646152978711e-06 -3.391516227717157540e-10 4.407913389977682807e-05 -1.839823972635022673e-05 -7.978181753279995524e-06 3.241655625118099019e-05 -1.861829261717485207e-04 3.707344401779823933e-05 5.312281111452786531e-04 4.823076185898679703e-05 -7.409241909955495114e-06 -9.144682462575904473e-07 -5.496401734036651275e-05
-1.553958357155558973e-06 -9.311564242683737929e-07 -3.853207912241254338e-05 -1.425162905053003529e-05 8.131994157487863815e-05 2.454065518906469332e-05 -1.812657471600983785e-05 8.064240535210877650e-05 2.454581612418246206e-05 -1.039991992750875183e-06 -9.483922067570983697e-07 1.486273438848577356e-04 -7.205336581520470297e-06 -1.980861611230480502e-04 -6.018922314189538002e-04 6.339830314067699439e-07 -3.038007725993311487e-04 -1.596665750009866700e-04 9.322097105695544548e-05 3.140043866796778582e-05 1.153616356798304384e-04 1.746067993177388982e-04 -8.953446488752331246e-04 2.298595220433135786e-03 -1.522207713752509492e-04 1.493740414895044881e-03 -8.730493772471674060e-08 -9.540221259502235580e-10 -3.535626400893476828e-05 1.286403359646577042e-03 -4.608887513943334906e-08 5.665805776548221012e-03 1.229189085207103923e-05 1.616800690153553444e-05 -4.132306011134796094e-06 -4.830397742578522165e-04 2.279108681354735069e-05 1.618940558802731925e-05 2.068907400976975971e-05 9.659789620245600030e-06 1.216758900363917467e-07 2.363212403001509285e-05 1.418645035711175229e-05 5.477155750940102009e-07 -2.671387914854608331e-06 -2.203855606536117562e-03 -2.769865588120860894e-05 -7.903589742049412295e-05 -4.533380921913693817e-06 -1.945467897709714041e-07 -2.462683434758537052e-07 -3.853622722054669082e-06
