theo_error.scale_from_amplitudes = yes
scaling_form = 1
eft_nu = 4.0
eft_C = 1.0237
eft_nu.piN = 5.0
eft_C.piN = 3.6305
residual_list.load = no
residual_list.load.prefix = N2LOsim-575-224.theo
eft_C = 1.78283996880054474
eft_C.piN = 3.64298112690448761
eft_C = 1.75962962210178375
eft_C.piN = 3.64709354937076569
eft_C = 1.75722636282444000
eft_C.piN = 3.64676199853420258
