par.Ct_1S0nn = -0.153537550758226
par.c_D = -0.581207399968818
par.c_E = -0.666635210487111
par.Ct_1S0nn = -0.153547274185807
par.c_D = -0.382551217737067
par.c_E = -0.635831532414568
par.Ct_1S0nn = -0.153537551614947
par.c_D = -0.581189851660128
par.c_E = -0.666632472442623
