par.c1 = -0.685008592144713
par.c2 = 2.99405406565805
par.c3 = -4.11681871693646
par.c4 = 5.35080249059179
par.d1+d2 = 6.22349655930370
par.d3 = -5.30654650657755
par.d5 = -0.463631448771477
par.d14-d15 = -10.9953639023018
par.e14 = -0.629109517081416
par.e15 = -7.72209401085661
par.e16 = 5.85613417526759
par.e17 = 2.12069388776130
par.e18 = -8.12834003724398
