par.Ct_1S0nn = 0.491615211053462
par.c_D = -0.581207399968818
par.c_E = -0.666635210487111
par.Ct_1S0nn = 0.491516594063043
par.c_D = 4.80563944528495
par.c_E = 3.24886384263382
par.Ct_1S0nn = 0.494247315598265
par.c_D = 13.6499178830870
par.c_E = 5.78785566333000
par.Ct_1S0nn = 0.493465875440574
par.c_D = 15.4655843108277
par.c_E = 6.18516079938325
