4.108708172992964590e-06 4.102216909376385562e-06 9.648434662020677322e-05 4.006715291042869812e-06 9.732347916881774576e-05 4.138709202914648197e-06 -6.196706398584105133e-05 -6.026567745960619455e-05 -6.588333336506789701e-05 -6.221057588580702078e-05 4.084524030438418910e-06 1.079171430587627699e-04 -9.701900934314323021e-05 6.089310533983189168e-04 2.142550990593929811e-03 -2.759407914396940723e-04 3.231689522140233223e-05 9.206456929386342531e-05 -1.450798455102735008e-04 4.271476492928394055e-05 -8.093347853131761826e-05 -8.458688387822331772e-05 3.414324022284743326e-03 -8.353753605722496686e-03 3.922011240528883039e-04 -4.031267278748222258e-04 1.366164200434663097e-06 7.090986662761288939e-11 -2.585509087836566683e-05 -1.451635191262486689e-06 -3.100774160551501330e-09 -8.050485529525527450e-05 1.502098743111035574e-09 -4.753773923823271953e-08 -1.051808639884486580e-07 -3.323560879773216463e-06 -1.179373412276584601e-08 7.276414689009112316e-07 -1.627217768451967925e-07 7.181285376527312381e-07 1.802802208993623261e-10 -1.519471207346502646e-04 -1.884246640270931630e-06 2.005586986247909629e-07 -8.998041699867208888e-07 5.043633933917038989e-06 -8.146628152901316654e-07 -5.396192907180715219e-05 -1.773085248027573752e-06 1.565595073099712200e-06 3.511204043196508782e-07 1.426889960756725525e-05
4.102216909376385562e-06 4.097257905465584167e-06 9.643807433964785502e-05 4.007293438332071501e-06 9.719586990820699903e-05 4.159123603406354616e-06 -6.205641145580146755e-05 -6.013925818932486781e-05 -6.571708614269373484e-05 -6.212272701285970287e-05 4.079389334399779985e-06 1.077174260900276126e-04 -9.692123935224806639e-05 6.084289495933527855e-04 2.140588866806875535e-03 -2.755292697957307840e-04 3.262982669482648835e-05 9.211624293352916573e-05 -1.449880180823252167e-04 4.262418384109230990e-05 -8.094552485667178758e-05 -8.469652539497483077e-05 3.410810430875348218e-03 -8.345890160386013404e-03 3.918311542526303455e-04 -4.043174274137782643e-04 1.355791208560174527e-06 6.398965304190481816e-11 -2.511160671288073813e-05 -8.306887369282699216e-07 -3.422037095924234838e-09 -8.105899722789918426e-05 1.403582997545926919e-09 -5.178610840915149561e-08 -1.049791985836940238e-07 -3.175470327420858869e-06 -1.174391312598380395e-08 7.248080246010791652e-07 -1.627979831347523979e-07 7.185378311560265335e-07 1.804645893627334287e-10 -1.516390058488879594e-04 -1.880059644803635790e-06 1.947910777002295396e-07 -8.685330671879841568e-07 1.253447789642349094e-06 -8.208863153995644603e-07 -5.361531013754582679e-05 -1.730739780150197465e-06 1.563776791889441078e-06 3.509504061356279674e-07 1.425585142861792721e-05
9.648434662020677322e-05 9.643807433964785502e-05 2.446625806633847839e-03 9.858835842653075013e-05 2.462761257165573068e-03 2.241258133689514145e-04 -1.487155270164769233e-03 -1.397965649283125673e-03 -1.515486072411011782e-03 -1.478523246683833767e-03 9.597212958479568864e-05 2.425781788442177116e-03 -2.221143926942269978e-03 1.448012795925140289e-02 5.114475829420929431e-02 -6.740879979845311627e-03 2.094799631675376122e-03 2.936819127347573260e-03 -3.848049228835321873e-03 8.378733569694793047e-04 -2.523701089752293427e-03 -2.603732804946710510e-03 8.343568330488371210e-02 -2.003306646247562661e-01 9.881387800471631844e-03 -1.606621802862068932e-02 7.314401885139617042e-06 2.873775584171696133e-10 -5.223623323532643322e-04 -3.809013655243007187e-05 5.711408426377818764e-09 -4.259909205316363828e-03 3.080538850790832641e-08 -1.184784638842413906e-06 -2.098098549043716222e-06 1.603235849557470651e-04 -2.725584430466367507e-07 1.689859387024269556e-05 -4.516579671036512771e-06 1.974985689150818589e-05 5.747076395622397720e-09 -3.708797466446879174e-03 -4.556939795264734711e-05 -1.250343943355019852e-06 3.983717377858382667e-06 -7.335491353123156665e-05 4.286594283584696127e-06 -1.303801390287203429e-03 -1.602883299196317693e-05 3.707278441846726763e-05 9.249931397798241749e-06 3.382706660062930826e-04
4.006715291042869812e-06 4.007293438332071501e-06 9.858835842653075013e-05 8.710456800844674667e-06 8.342614391177466545e-05 -1.946095369797224534e-05 -5.671178956706538805e-05 -1.006797136482986889e-04 -5.824832003228629795e-05 -6.352119261280861405e-05 3.963054681097218677e-06 1.229402956400878623e-04 -1.444560698159162325e-04 5.953348426979721561e-04 2.113429195452207372e-03 -2.873024433764068998e-04 3.021727507697985634e-05 9.414867795139949429e-05 -1.471381092032973106e-04 4.270246831145006310e-05 -8.425273992954506320e-05 -7.994536134633105232e-05 3.433829023055074998e-03 -8.273796700402574408e-03 3.974038251480323160e-04 -3.978701437927780696e-04 4.111894838665911451e-07 1.131196268568508024e-11 -2.554399127720751391e-05 -2.378924209752994589e-05 4.831007810346931516e-08 -2.170538194347360051e-04 8.232029649106877426e-09 -2.024576769136271157e-07 2.393857732665996226e-06 2.270969562868374050e-04 -1.259450084684866536e-08 9.443800296251400565e-07 -3.294005791952748243e-07 1.458180468345483301e-06 5.122007800334177967e-10 -1.684779077647921748e-04 -1.152360809280574370e-06 -7.937165598311903089e-09 -2.383550003629315347e-08 -9.107232454470114310e-06 -6.831221850964363721e-08 -1.139595829659956650e-04 -1.822419477180774557e-06 1.568344927304319780e-06 3.508983194634614248e-07 1.402972254030963092e-05
9.732347916881774576e-05 9.719586990820699903e-05 2.462761257165573068e-03 8.342614391177466545e-05 2.554364446711266442e-03 3.371194837543223894e-04 -1.496744507241128813e-03 -1.261524638610282689e-03 -1.564063664290056424e-03 -1.467245473840502043e-03 9.683387527280331816e-05 2.327258071252883385e-03 -2.033052607457770753e-03 1.461333792246448382e-02 5.148932873328487814e-02 -6.683961349462569541e-03 2.454725574447412430e-03 3.110051404491424691e-03 -3.932507808515809007e-03 7.928506450673143430e-04 -2.647258096016515908e-03 -2.799719922338600887e-03 8.386630467315070447e-02 -2.015967764999017919e-01 9.979452115655379138e-03 -1.778078514115171566e-02 1.347094121408956512e-05 1.493086277591200667e-09 -4.919726799364975388e-04 9.612197955586136158e-05 -1.433643791892621907e-07 -4.435193805846792542e-03 -4.437416817573947574e-08 8.881706110765078650e-07 -1.019477725808063042e-05 -5.620190197797857471e-04 -2.833517550672899051e-07 1.681311742899823693e-05 -4.065913411153509424e-06 1.766592919122217614e-05 4.956735419964785945e-09 -3.601395516533805602e-03 -4.685339353833822899e-05 -1.165157560696507227e-07 -6.461744921899116270e-07 4.175882831745663970e-05 2.926922970183476634e-07 -1.142040323492613755e-03 -1.872456813291038197e-05 3.702398428444630767e-05 9.486632748856627014e-06 3.403863771812359819e-04
4.138709202914648197e-06 4.159123603406354616e-06 2.241258133689514145e-04 -1.946095369797224534e-05 3.371194837543223894e-04 4.300553700065283340e-04 -7.823943889742760512e-05 3.100085904466674336e-04 -2.068352882103270717e-04 5.592536946826096207e-05 4.346349732946659890e-06 -5.898807286515239754e-04 8.624163032833562920e-04 9.450054806851103774e-04 2.664053960444913265e-03 1.990940443877173803e-04 2.835807923403454046e-03 1.434367793288892886e-03 -7.376527502877849082e-04 -3.501587198188296410e-04 -1.058185659485576073e-03 -1.496387157179653255e-03 4.455193989841774171e-03 -1.035875126019615219e-02 9.505840941973723191e-04 -1.364185550217267284e-02 2.905635688039125768e-06 4.076258903513712907e-09 6.354519440528700420e-04 -4.354364550991095170e-07 -4.200093821588483189e-07 -7.304465618149381077e-03 6.697276725911881557e-08 -2.563360265266798074e-06 -1.748208780765673790e-05 -1.107081719520619295e-03 1.783240545878140382e-07 -1.089093486617335148e-05 2.109754770664982426e-06 -9.277011799600988929e-06 -3.545086238494107777e-09 3.891173541845000016e-04 -9.945646264271976579e-06 -1.304234366606681507e-06 5.225851980075327588e-06 -1.358664573220141371e-04 3.483667533026911994e-06 4.142207518288809186e-04 1.193603889329626343e-05 -2.641730746569878670e-08 1.951383490937984065e-06 1.552481997903498473e-05
-6.196706398584105133e-05 -6.205641145580146755e-05 -1.487155270164769233e-03 -5.671178956706538805e-05 -1.496744507241128813e-03 -7.823943889742760512e-05 1.332483478318629688e-03 7.981333330344433626e-04 8.451684187005978300e-04 9.432751887096016939e-04 -6.171818568435654317e-05 -1.676537983716021264e-03 1.628406600187561320e-03 -9.292187620747542273e-03 -3.267959521834027520e-02 4.196565998071652426e-03 -4.448362771925446282e-04 -1.375515183919943625e-03 2.196902663952055804e-03 -6.579696191471354726e-04 1.210700433117254619e-03 1.270138075857573778e-03 -5.197750833888379468e-02 1.273684203152407601e-01 -5.958370049526151568e-03 5.911029641528581929e-03 -6.083475233155444644e-06 1.153955468181790320e-08 2.653880693079724209e-04 -1.990572120749702306e-05 9.659135454628874584e-07 -7.378657265667981375e-04 5.879485014634904557e-09 -1.180676129349729841e-07 3.589557376733133565e-06 2.551826022964118657e-04 2.260822707107577330e-07 -1.326044955824366566e-05 2.837881376051171550e-06 -1.245278627589466573e-05 -3.348289448748500605e-09 2.457519913876360460e-03 2.986831852925341506e-05 2.353176510730165374e-07 -2.012829080424646472e-07 -8.494809523315924966e-06 -3.252424755016129724e-06 6.502428512561014015e-04 7.774624352817117751e-06 -2.388005392539518397e-05 -5.321510375062241510e-06 -2.177447129858440513e-04
-6.026567745960619455e-05 -6.013925818932486781e-05 -1.397965649283125673e-03 -1.006797136482986889e-04 -1.261524638610282689e-03 3.100085904466674336e-04 7.981333330344433626e-04 1.710940585785717880e-03 8.891438141571764717e-04 1.016266159599479510e-03 -5.961767996827724942e-05 -2.107457739126708703e-03 2.330434295523868549e-03 -8.704425251759656534e-03 -3.129228236286700493e-02 4.571821238414197457e-03 1.013479460203238654e-03 -7.139050663288453325e-04 1.897577195437280193e-03 -8.437723979216426966e-04 7.587585150516421798e-04 4.504769443208021112e-04 -5.088737558268320582e-02 1.225984379265862706e-01 -5.667481199226125435e-03 -9.569981979261343863e-04 -1.344604024256434307e-05 -1.134326344390465810e-09 9.984161486216488589e-04 1.203370553928194105e-04 -7.047205949181862137e-07 3.783591513668716280e-03 -7.362049800471206089e-09 -9.531356808452986172e-08 -2.331728095528205009e-05 -1.971635174477118745e-03 2.875085126177874642e-07 -1.900671746740652796e-05 4.991349124960109168e-06 -2.198464041123061543e-05 -7.254701872609763970e-09 2.777160808752740864e-03 1.995162357904507888e-05 -2.815176062058572694e-06 1.220763390498709575e-05 3.322622115213138085e-05 1.330625294326532466e-05 1.568901478448022670e-03 3.859737427376730271e-05 -2.430603540943453373e-05 -4.416703429397057753e-06 -2.087795096366480154e-04
-6.588333336506789701e-05 -6.571708614269373484e-05 -1.515486072411011782e-03 -5.824832003228629795e-05 -1.564063664290056424e-03 -2.068352882103270717e-04 8.451684187005978300e-04 8.891438141571764717e-04 1.402412141261137352e-03 9.150329850482782738e-04 -6.554966590464219689e-05 -1.360393683124525585e-03 1.073424934051354831e-03 -9.834394191718257364e-03 -3.410165751446842669e-02 3.984423458614292334e-03 -1.512999040701944100e-03 -1.877248718839200602e-03 2.445141199781146555e-03 -5.310570866191535082e-04 1.558087927885729506e-03 1.881820630697890592e-03 -5.346369315018530133e-02 1.324659438162998915e-01 -6.251486783270745681e-03 1.099422472992310496e-02 -3.862775380680347095e-05 -1.211644958420530895e-08 3.970815307435939597e-04 8.201468778479582291e-05 1.982536608410181734e-07 7.197768565066280447e-03 -1.099723693508512398e-07 3.827131123137972869e-06 7.235380186505545812e-06 3.454539132077838210e-04 3.577065496590745562e-08 -3.169848095294572857e-06 8.809355993540110368e-07 -4.104168973751823503e-06 1.129859730424332385e-10 2.039678892027834908e-03 3.411235544049679314e-05 -6.680271372723966825e-06 2.947813023872322604e-05 3.857985851097295559e-05 3.080537042874530911e-05 7.764893963202233827e-04 4.358685896606824864e-05 -2.388326242046181691e-05 -6.050860861069582234e-06 -2.269903723478627140e-04
-6.221057588580702078e-05 -6.212272701285970287e-05 -1.478523246683833767e-03 -6.352119261280861405e-05 -1.467245473840502043e-03 5.592536946826096207e-05 9.432751887096016939e-04 1.016266159599479510e-03 9.150329850482782738e-04 1.021797740022244074e-03 -6.178947888005509087e-05 -1.955105298124053172e-03 1.877466627192125870e-03 -9.101614835425288902e-03 -3.253199581431759357e-02 4.602433008479464051e-03 4.565247818173992674e-04 -1.014432783816390923e-03 2.081543426612849582e-03 -7.902960084007067901e-04 9.816338685221608594e-04 7.717210582534198351e-04 -5.279324968423827757e-02 1.273706224448104274e-01 -5.965522396910862696e-03 1.792900168227397339e-03 -8.317735954010281902e-06 1.563449817036923487e-09 8.008712608518434722e-04 -3.903124457931917216e-05 -1.502270287878151879e-07 -2.101161866354208686e-03 3.132391782716985899e-08 -1.010376908648628588e-06 -1.878034565898303407e-06 -8.536562818032310057e-05 2.864385358500806203e-07 -1.722886431919428497e-05 3.744951007456842542e-06 -1.639107494079798869e-05 -4.868941648436900836e-09 2.682374966196038064e-03 2.694095156652808769e-05 -1.237573774263691907e-06 5.797199052581904547e-06 -6.971455517720946563e-05 4.604158322930273532e-06 9.638167799975963946e-04 2.121315320630464251e-05 -2.479391564320689034e-05 -4.902432007037723056e-06 -2.166864446735528677e-04
4.084524030438418910e-06 4.079389334399779985e-06 9.597212958479568864e-05 3.963054681097218677e-06 9.683387527280331816e-05 4.346349732946659890e-06 -6.171818568435654317e-05 -5.961767996827724942e-05 -6.554966590464219689e-05 -6.178947888005509087e-05 4.261863952869914176e-06 1.061096975335182335e-04 -8.847882894123539857e-05 6.057686228464501067e-04 2.130890205047425521e-03 -2.740051050684267405e-04 3.316144184479220239e-05 9.197956039574863973e-05 -1.444240751554425094e-04 4.232984749914881569e-05 -8.076293272166350560e-05 -8.467685663235860840e-05 3.394764605840532457e-03 -8.307742521680247516e-03 3.900631007794747810e-04 -4.056010977202055253e-04 1.374878243358213747e-06 6.898255474924616730e-11 -2.501181390818697323e-05 -7.752393093608965788e-07 -3.628937896909292410e-09 -8.318618630571435841e-05 1.486862108629325808e-09 -5.328924052622750220e-08 -1.200756729391651683e-07 -4.441728948219756503e-06 1.014500690767601872e-05 9.783023292959546848e-07 -5.008400366825846998e-06 1.777182245229140386e-07 1.735325202162838829e-09 -1.548600326612446852e-04 -2.101786040292921050e-06 1.990169091767379793e-07 -8.854692883393325278e-07 1.288286653211673731e-06 -8.403049533234033147e-07 4.393146850364780119e-04 6.260940117372275427e-06 1.555989469458810674e-06 3.496754018760515399e-07 1.419117484583514895e-05
1.079171430587627699e-04 1.077174260900276126e-04 2.425781788442177116e-03 1.229402956400878623e-04 2.327258071252883385e-03 -5.898807286515239754e-04 -1.676537983716021264e-03 -2.107457739126708703e-03 -1.360393683124525585e-03 -1.955105298124053172e-03 1.061096975335182335e-04 5.125761400669170097e-03 -4.745458971169897247e-03 1.533670980516429160e-02 5.589879767725124127e-02 -8.778812385669455126e-03 -4.635227200698197221e-03 -4.053544062847420915e-05 -2.845553081360102914e-03 1.916172683413455658e-03 -4.094769125655714839e-04 6.125794375752054849e-04 9.097660763902017111e-02 -2.191771836619983427e-01 9.703169661838611029e-03 1.495249478860820672e-02 4.256057390900449827e-06 -1.053349674995769082e-08 -2.410246901439137314e-03 2.568621381718981934e-04 6.178512512262236823e-07 1.557224894397939846e-02 -2.539764818058492476e-07 8.562465611673440800e-06 1.796614395673967366e-05 7.647587609132723173e-04 -3.475001295519148265e-05 5.071189260744703154e-05 1.374489888070219419e-05 4.746347867114998826e-05 -2.994531411951891135e-05 -5.632836232168475857e-03 -3.542085225024624198e-05 2.607661447158917410e-06 -1.167677504252939352e-05 4.127397930779387906e-04 -5.764201310072608194e-06 -4.119824721176463395e-03 -7.779611259673863979e-05 4.551170359352414631e-05 6.382765486095738078e-06 3.749906837033971331e-04
-9.701900934314323021e-05 -9.692123935224806639e-05 -2.221143926942269978e-03 -1.444560698159162325e-04 -2.033052607457770753e-03 8.624163032833562920e-04 1.628406600187561320e-03 2.330434295523868549e-03 1.073424934051354831e-03 1.877466627192125870e-03 -8.847882894123539857e-05 -4.745458971169897247e-03 6.053764360085405610e-03 -1.366617725525871678e-02 -5.055628670888891868e-02 8.525516766469055235e-03 5.580074947709769140e-03 6.037386936133324992e-04 2.390290018212226208e-03 -1.940271449740424078e-03 1.737127583756412769e-06 -1.301738119121226972e-03 -8.359083716685089538e-02 1.989620087816401095e-01 -8.777322723836357768e-03 -1.987511654467891478e-02 2.425125896656364941e-05 1.688140720364399681e-08 2.691117039184817965e-03 -3.932938103672941189e-04 -7.872536093625408225e-07 -1.880687945944473083e-02 6.039802088240915357e-07 -1.490911509954262618e-05 -3.881849468601108750e-05 -2.395326110553585956e-03 8.326219206962856662e-06 -8.058593531739988050e-05 -5.128726535359310387e-04 -1.130381476869379533e-04 6.101313606247979850e-06 3.850275286773642818e-03 -1.910928937269506606e-05 2.195913832236123780e-06 -7.903355629571210523e-06 -4.257318353176472395e-04 -1.515916106463164164e-05 2.073547932745290964e-02 3.267249342805201608e-04 -4.263069526054228417e-05 -5.137379464559934706e-06 -3.392554144591857250e-04
6.089310533983189168e-04 6.084289495933527855e-04 1.448012795925140289e-02 5.953348426979721561e-04 1.461333792246448382e-02 9.450054806851103774e-04 -9.292187620747542273e-03 -8.704425251759656534e-03 -9.834394191718257364e-03 -9.101614835425288902e-03 6.057686228464501067e-04 1.533670980516429160e-02 -1.366617725525871678e-02 9.078643683914613960e-02 3.186613554060708786e-01 -4.040602374836879673e-02 7.792042948150163309e-03 1.508683770486717035e-02 -2.215643830680569248e-02 5.921058504689416871e-03 -1.304108888784893949e-02 -1.407634288933073269e-02 5.077879079544749263e-01 -1.242296370325152610e+00 5.878577863019937566e-02 -7.396018112403401901e-02 1.852235900362933551e-04 1.025765072011237325e-08 -2.688546415499647266e-03 -2.476373071849321010e-04 -8.498037692341435307e-07 -1.943723377859264342e-02 2.994153601703238934e-07 -1.085099804511726870e-05 -2.103217710085326746e-05 -4.522740734447540899e-04 -1.561728302646192731e-06 9.708681142451781258e-05 -2.287442920828185611e-05 1.010095504892942258e-04 2.498310946852547952e-08 -2.197200288756722894e-02 -2.817717025201128258e-04 2.354652119726432374e-05 -1.085605138019653064e-04 -6.048155834863260709e-05 -1.017620294271824035e-04 -7.658786802490370055e-03 -2.289546345354673729e-04 2.306577397079050064e-04 5.381932760738237159e-05 2.120018884729769036e-03
2.142550990593929811e-03 2.140588866806875535e-03 5.114475829420929431e-02 2.113429195452207372e-03 5.148932873328487814e-02 2.664053960444913265e-03 -3.267959521834027520e-02 -3.129228236286700493e-02 -3.410165751446842669e-02 -3.253199581431759357e-02 2.130890205047425521e-03 5.589879767725124127e-02 -5.055628670888891868e-02 3.186613554060708786e-01 1.137532374822729953e+00 -1.450133124776301907e-01 2.230946033746000756e-02 4.841561864074805238e-02 -7.053128095417365850e-02 1.877144824311738000e-02 -4.642208107128444061e-02 1.597725620318116158e-02 1.678768297606872295e+00 -4.403565303757051019e+00 1.335206619305491227e-01 -1.910222331514856431e-01 5.728360088101920123e-04 2.168723860636372961e-08 -1.236620061022673453e-02 -5.410818879268436020e-04 -1.663621872303232268e-06 -4.972106381698827848e-02 7.200354869325517937e-07 -2.680310289137140497e-05 -5.233282818888246345e-05 -6.344015317082392184e-04 -6.161441356563667905e-06 3.801214210600054673e-04 -8.863896672869701324e-05 3.904226793043987257e-04 1.017489054571626005e-07 -7.982259491177683131e-02 -9.841820615097273284e-04 7.115393539227124996e-05 -3.303147509941093025e-04 1.055051298346908369e-04 -3.054462914457868996e-04 -2.800701877418528690e-02 -7.720284208708062118e-04 7.405666351645104079e-04 2.003809581442201086e-04 8.823461938582910502e-03
-2.759407914396940723e-04 -2.755292697957307840e-04 -6.740879979845311627e-03 -2.873024433764068998e-04 -6.683961349462569541e-03 1.990940443877173803e-04 4.196565998071652426e-03 4.571821238414197457e-03 3.984423458614292334e-03 4.602433008479464051e-03 -2.740051050684267405e-04 -8.778812385669455126e-03 8.525516766469055235e-03 -4.040602374836879673e-02 -1.450133124776301907e-01 2.098191314122089743e-02 1.327239864192651057e-03 -5.024144421626349638e-03 9.597651105889608292e-03 -3.434115561259198143e-03 4.821658141128113903e-03 3.683417851826582823e-03 -2.380770195680828039e-01 5.691249524357057110e-01 -2.714993607506517581e-02 1.164623579048415514e-02 -1.017099370347765652e-05 8.940465326252860164e-09 3.956733444107138689e-03 -1.994426654574495399e-04 -8.607692619448852278e-07 -8.882946401250398430e-03 1.786125862249659088e-07 -5.806355776816336994e-06 -1.089075148212475351e-05 -6.899473515417211883e-04 1.336329382113811037e-06 -8.032326589866859898e-05 1.803570450740558511e-05 -7.871339196915849603e-05 -2.433288635128065053e-08 1.232137329362312413e-02 1.207902790312093800e-04 2.104950899299598139e-07 1.114941503615252125e-06 -2.750188527702936993e-04 -2.909540270638633639e-06 4.466406331140380763e-03 7.268840566144587419e-05 -1.109536249264698993e-04 -2.245877568939750094e-05 -9.634318663237331814e-04
3.231689522140233223e-05 3.262982669482648835e-05 2.094799631675376122e-03 3.021727507697985634e-05 2.454725574447412430e-03 2.835807923403454046e-03 -4.448362771925446282e-04 1.013479460203238654e-03 -1.512999040701944100e-03 4.565247818173992674e-04 3.316144184479220239e-05 -4.635227200698197221e-03 5.580074947709769140e-03 7.792042948150163309e-03 2.230946033746000756e-02 1.327239864192651057e-03 2.552045694906446283e-02 1.303915283323840713e-02 -6.732284096236364201e-03 -3.172827215744042015e-03 -9.699312901905156326e-03 -1.329003909777565044e-02 4.049521074373894219e-02 -8.828101292226546437e-02 8.753696570372474992e-03 -1.229438420862439818e-01 -1.146890736444594467e-05 3.475234572291771893e-08 5.669809220669218622e-03 -8.382281272467800599e-04 -1.443269989649947113e-06 -7.073966993112509871e-02 7.157432041467156399e-07 -2.482149505233720267e-05 -4.592438527918699516e-05 2.238921303588164644e-04 1.481368974743662125e-06 -8.390398114728727578e-05 1.096760983306348789e-05 -4.813721082073401541e-05 -1.585273049171827253e-08 2.828341680887968244e-03 -5.222911670326003611e-05 -1.994025718802360303e-05 8.181645999683137408e-05 -1.448955127231434624e-03 6.394700793585591408e-05 9.984681566759783661e-04 9.910080311273408130e-05 -4.155118577171088988e-07 1.755388465604334607e-05 1.264506540169634810e-04
9.206456929386342531e-05 9.211624293352916573e-05 2.936819127347573260e-03 9.414867795139949429e-05 3.110051404491424691e-03 1.434367793288892886e-03 -1.375515183919943625e-03 -7.139050663288453325e-04 -1.877248718839200602e-03 -1.014432783816390923e-03 9.197956039574863973e-05 -4.053544062847420915e-05 6.037386936133324992e-04 1.508683770486717035e-02 4.841561864074805238e-02 -5.024144421626349638e-03 1.303915283323840713e-02 1.336418571024295190e-02 -1.276475588863657494e-02 3.839595907765402244e-04 -5.514220717000734191e-03 -2.268484302471351910e-02 1.105453762568344017e-01 -1.972225772393274845e-01 2.551957361794018886e-03 -5.037615785100262727e-02 -3.681049809604775323e-06 1.577656811282304573e-08 1.891474889205568746e-03 -3.850289685346538864e-04 -5.182376298724028436e-07 -3.470371266683789507e-02 3.262357615112874739e-07 -1.142011570769456072e-05 -2.108584737737868642e-05 3.104945639246049012e-04 4.123813743374521545e-07 -2.209241122856454501e-05 8.214813720991141527e-07 -3.730866321683650718e-06 -1.648858468749837727e-09 -1.876793668071948754e-03 -6.029864815504853764e-05 -1.060968257510486632e-05 4.301340396254646785e-05 -6.858525128488942441e-04 3.471153680006565449e-05 -6.951933689997458893e-04 3.254269601055415084e-05 8.422848798213407838e-05 -1.341707945833703575e-05 5.502426624769081237e-05
-1.450798455102735008e-04 -1.449880180823252167e-04 -3.848049228835321873e-03 -1.471381092032973106e-04 -3.932507808515809007e-03 -7.376527502877849082e-04 2.196902663952055804e-03 1.897577195437280193e-03 2.445141199781146555e-03 2.081543426612849582e-03 -1.444240751554425094e-04 -2.845553081360102914e-03 2.390290018212226208e-03 -2.215643830680569248e-02 -7.053128095417365850e-02 9.597651105889608292e-03 -6.732284096236364201e-03 -1.276475588863657494e-02 5.118325240912480895e-02 -2.760585489461458292e-02 1.051261220536488586e-02 4.361617238055657403e-02 -1.919471418758664505e-01 2.949138963847764972e-01 -5.984940242781915803e-02 5.903821759894646581e-02 -1.487527138084328616e-05 -6.839467983538409678e-09 3.217758657165061334e-05 1.702108824401328861e-04 1.594509578295397771e-07 1.681312610478379044e-02 -1.495622095118199131e-07 5.348479664167409754e-06 9.923001199658976722e-06 -2.444656961074607071e-04 1.734229702530532644e-07 -1.199462828524505882e-05 4.797649875509697205e-06 -2.096134068115091759e-05 -5.740479242840416150e-09 4.972509201472949392e-03 7.447400807535924810e-05 3.336550587833265659e-06 -1.211428321326276252e-05 2.878643825373442835e-04 -9.360379166945205135e-06 1.785360840926721211e-03 1.598294055617247375e-05 -7.731242497059380350e-04 2.184274349972863344e-05 1.121106720713641080e-03
4.271476492928394055e-05 4.262418384109230990e-05 8.378733569694793047e-04 4.270246831145006310e-05 7.928506450673143430e-04 -3.501587198188296410e-04 -6.579696191471354726e-04 -8.437723979216426966e-04 -5.310570866191535082e-04 -7.902960084007067901e-04 4.232984749914881569e-05 1.916172683413455658e-03 -1.940271449740424078e-03 5.921058504689416871e-03 1.877144824311738000e-02 -3.434115561259198143e-03 -3.172827215744042015e-03 3.839595907765402244e-04 -2.760585489461458292e-02 1.925562436554912119e-02 -3.015875025353893790e-03 -1.278675965907266621e-02 5.674887742826234538e-02 -7.864890376347183354e-02 3.515834696086831551e-02 -8.234283224424078507e-03 1.282045252389126262e-05 -4.645905245011562693e-09 -1.118620533387973837e-03 1.113542637718011589e-04 1.891892342217306628e-07 9.142857824574426862e-03 -9.031769230681196603e-08 3.088376358356527968e-06 5.664753770038186121e-06 -2.816465170450983932e-05 -3.552098911188216667e-07 2.081933005622298190e-05 -3.636191387647646692e-06 1.597599103367985235e-05 4.711298143914170725e-09 -2.201026941196981487e-03 -1.425695783162381019e-05 4.150776915373569840e-06 -1.781094385940174262e-05 2.109031998448385908e-04 -1.474376290327891523e-05 -7.763032188279030609e-04 -3.029466915058876491e-05 5.110931434403809996e-04 -1.324666573325574196e-05 -7.658929740223181012e-04
-8.093347853131761826e-05 -8.094552485667178758e-05 -2.523701089752293427e-03 -8.425273992954506320e-05 -2.647258096016515908e-03 -1.058185659485576073e-03 1.210700433117254619e-03 7.587585150516421798e-04 1.558087927885729506e-03 9.816338685221608594e-04 -8.076293272166350560e-05 -4.094769125655714839e-04 1.737127583756412769e-06 -1.304108888784893949e-02 -4.642208107128444061e-02 4.821658141128113903e-03 -9.699312901905156326e-03 -5.514220717000734191e-03 1.051261220536488586e-02 -3.015875025353893790e-03 7.510596513299425125e-02 -4.369163530043573829e-04 -6.064691349029385781e-02 1.758551037778015302e-01 -1.658761781778210487e-01 2.116868136547450652e-01 8.015415941649080994e-06 -1.090502993287171283e-08 -1.124540907986572042e-03 2.682814004598558567e-04 2.788001653996805940e-07 2.527344449924799619e-02 -2.232274546231834443e-07 7.850516694071967567e-06 1.444264055491465746e-05 -3.315113019380723546e-04 -2.263989639257445553e-07 1.162809004145528050e-05 5.614529032297174368e-07 -2.297506083313926255e-06 -5.375396821125055555e-10 2.058665184722643319e-03 5.041578432683604721e-05 9.045720016566946505e-06 -3.690123065759446947e-05 4.995634772907199279e-04 -3.067528427275866682e-05 7.681407564206414566e-04 -2.503188278974519939e-05 -8.232110902618142070e-06 -1.972017097339482186e-04 -1.563628844848241454e-04
-8.458688387822331772e-05 -8.469652539497483077e-05 -2.603732804946710510e-03 -7.994536134633105232e-05 -2.799719922338600887e-03 -1.496387157179653255e-03 1.270138075857573778e-03 4.504769443208021112e-04 1.881820630697890592e-03 7.717210582534198351e-04 -8.467685663235860840e-05 6.125794375752054849e-04 -1.301738119121226972e-03 -1.407634288933073269e-02 1.597725620318116158e-02 3.683417851826582823e-03 -1.329003909777565044e-02 -2.268484302471351910e-02 4.361617238055657403e-02 -1.278675965907266621e-02 -4.369163530043573829e-04 8.055769729618761366e-01 -1.660779320652958191e+00 6.199116816915624106e-01 -6.125920816513157341e-01 4.294074405669640049e-01 -2.477436924841244889e-05 -1.889893359912904634e-08 -2.647494473726021320e-03 4.539252816976453416e-04 9.155959033088191407e-07 3.710118024286020166e-02 -4.034689806459468010e-07 1.402424657424194404e-05 2.612686525639388457e-05 5.609681910684490534e-05 -5.829814604587168852e-07 3.212007767232992320e-05 -3.386785818116426722e-06 1.470728576839595977e-05 6.051590439700284011e-09 9.178225635952715761e-04 5.722692992679404722e-05 5.223976114147901954e-06 -1.965361898319278227e-05 7.140972613939517485e-04 -1.204585278239676566e-05 2.933920360307599312e-04 -1.594141219492676621e-05 -2.119614994669731913e-04 -3.212476673261776975e-04 4.987947259383736232e-03
3.414324022284743326e-03 3.410810430875348218e-03 8.343568330488371210e-02 3.433829023055074998e-03 8.386630467315070447e-02 4.455193989841774171e-03 -5.197750833888379468e-02 -5.088737558268320582e-02 -5.346369315018530133e-02 -5.279324968423827757e-02 3.394764605840532457e-03 9.097660763902017111e-02 -8.359083716685089538e-02 5.077879079544749263e-01 1.678768297606872295e+00 -2.380770195680828039e-01 4.049521074373894219e-02 1.105453762568344017e-01 -1.919471418758664505e-01 5.674887742826234538e-02 -6.064691349029385781e-02 -1.660779320652958191e+00 6.079562607864046342e+00 -7.955543711620784109e+00 1.600538011995095822e+00 -1.192301255026521511e+00 6.099448179864217206e-04 1.456503953933154584e-08 -2.475112899401692157e-02 -4.417122881201016992e-04 8.143010097118823156e-07 -7.684170154410402409e-02 5.991888320734239448e-07 -2.435172110697197056e-05 -4.714875186891677282e-05 2.654095911311537062e-03 -1.076084473465353951e-05 6.614561565620656570e-04 -1.592315499550331945e-04 6.982709001852495509e-04 1.959179794028742784e-07 -1.325218929773373799e-01 -1.576924928091990794e-03 5.175930192238064145e-05 -2.597380738822049049e-04 -2.957098758604790982e-05 -2.336078083078453409e-04 -4.713129730468353096e-02 -1.006676210696172066e-03 1.508016792849377775e-03 9.933714493495506784e-04 2.371552457536999902e-03
-8.353753605722496686e-03 -8.345890160386013404e-03 -2.003306646247562661e-01 -8.273796700402574408e-03 -2.015967764999017919e-01 -1.035875126019615219e-02 1.273684203152407601e-01 1.225984379265862706e-01 1.324659438162998915e-01 1.273706224448104274e-01 -8.307742521680247516e-03 -2.191771836619983427e-01 1.989620087816401095e-01 -1.242296370325152610e+00 -4.403565303757051019e+00 5.691249524357057110e-01 -8.828101292226546437e-02 -1.972225772393274845e-01 2.949138963847764972e-01 -7.864890376347183354e-02 1.758551037778015302e-01 6.199116816915624106e-01 -7.955543711620784109e+00 1.768987106502721574e+01 -1.063790064150837544e+00 1.103821365446911562e+00 -2.080452075767245772e-03 -7.273072811751832773e-08 5.106282306593722120e-02 1.855791653608744466e-03 4.656231370699894501e-06 1.892652144451028584e-01 -2.494653275016965259e-06 9.399136524413048786e-05 1.834377350986377486e-04 6.215827304552974577e-04 2.457826243208034690e-05 -1.514729933458072155e-03 3.553349505672130063e-04 -1.563544878265611974e-03 -4.147252595122199504e-07 3.141246991879413364e-01 3.839844637650403642e-03 -2.471112717855031195e-04 1.156526456411841649e-03 -3.808990507594208364e-04 1.065546743180423132e-03 1.105381628232486452e-01 2.901789943199955743e-03 -2.831565299699404046e-03 -1.155112021710802449e-03 -3.193971547608679545e-02
3.922011240528883039e-04 3.918311542526303455e-04 9.881387800471631844e-03 3.974038251480323160e-04 9.979452115655379138e-03 9.505840941973723191e-04 -5.958370049526151568e-03 -5.667481199226125435e-03 -6.251486783270745681e-03 -5.965522396910862696e-03 3.900631007794747810e-04 9.703169661838611029e-03 -8.777322723836357768e-03 5.878577863019937566e-02 1.335206619305491227e-01 -2.714993607506517581e-02 8.753696570372474992e-03 2.551957361794018886e-03 -5.984940242781915803e-02 3.515834696086831551e-02 -1.658761781778210487e-01 -6.125920816513157341e-01 1.600538011995095822e+00 -1.063790064150837544e+00 3.184645533932079164e+00 -2.769760739461180954e+00 5.219810871135281715e-05 5.974765818281843326e-09 -2.191539239237759971e-03 -1.574677501419777790e-04 4.524789293678401694e-08 -1.943965849220091746e-02 1.501337064928941681e-07 -5.644441795534462335e-06 -1.056632798745582902e-05 5.195291013325924016e-04 -1.040721601940394562e-06 6.495771349596898045e-05 -1.728187616825426111e-05 7.564147247604795352e-05 2.148762408580943984e-08 -1.486407661860599319e-02 -1.872888891129125531e-04 -2.836011506343347828e-07 -3.516421586460713152e-06 -2.354192270216634889e-04 -3.970627772903896060e-06 -5.318112125859399131e-03 -8.774566683448668455e-05 4.651635781573489189e-04 -7.053757605186404154e-04 -3.660118537588782049e-03
-4.031267278748222258e-04 -4.043174274137782643e-04 -1.606621802862068932e-02 -3.978701437927780696e-04 -1.778078514115171566e-02 -1.364185550217267284e-02 5.911029641528581929e-03 -9.569981979261343863e-04 1.099422472992310496e-02 1.792900168227397339e-03 -4.056010977202055253e-04 1.495249478860820672e-02 -1.987511654467891478e-02 -7.396018112403401901e-02 -1.910222331514856431e-01 1.164623579048415514e-02 -1.229438420862439818e-01 -5.037615785100262727e-02 5.903821759894646581e-02 -8.234283224424078507e-03 2.116868136547450652e-01 4.294074405669640049e-01 -1.192301255026521511e+00 1.103821365446911562e+00 -2.769760739461180954e+00 3.062357852161777583e+00 2.337835100604807167e-05 -1.631489038786924906e-07 -2.453385734381742164e-02 3.944775209051051834e-03 6.544863862024793710e-06 3.374066981056414449e-01 -3.375647449060292638e-06 1.173595516217243445e-04 2.171822329961713019e-04 -1.421376493585708349e-03 -6.111717518529813695e-06 3.422241583531418193e-04 -3.886142142226955753e-05 1.707428046759739239e-04 5.832003723618929810e-08 -3.251577085103103670e-03 3.615971268334559159e-04 9.268416776266879685e-05 -3.774607877524932087e-04 6.809122645230942378e-03 -2.949083295162515002e-04 -1.092429927944156207e-03 -4.014622192016815993e-04 -2.329809167442318325e-04 8.121030897124553467e-04 4.144206538325215239e-04
1.366164200434663097e-06 1.355791208560174527e-06 7.314401885139617042e-06 4.111894838665911451e-07 1.347094121408956512e-05 2.905635688039125768e-06 -6.083475233155444644e-06 -1.344604024256434307e-05 -3.862775380680347095e-05 -8.317735954010281902e-06 1.374878243358213747e-06 4.256057390900449827e-06 2.425125896656364941e-05 1.852235900362933551e-04 5.728360088101920123e-04 -1.017099370347765652e-05 -1.146890736444594467e-05 -3.681049809604775323e-06 -1.487527138084328616e-05 1.282045252389126262e-05 8.015415941649080994e-06 -2.477436924841244889e-05 6.099448179864217206e-04 -2.080452075767245772e-03 5.219810871135281715e-05 2.337835100604807167e-05 1.449731811443099292e-04 4.451193031458500640e-10 8.533792157209149973e-06 -9.306942016831709001e-06 -1.127142545734957049e-08 -2.991663238127877968e-04 5.131175398959845674e-07 -4.317976685557444574e-08 -4.903391710460957373e-07 -4.400407965773432803e-05 2.801613380777536684e-06 -5.440291447023667610e-07 2.904260658398639638e-06 -7.859565277937008209e-07 1.018463886943923713e-09 1.849099889693198092e-05 -8.521428674390649578e-07 1.370046702549548005e-05 -3.900986043883345130e-06 7.218838009272899984e-05 -4.882653308152908392e-06 9.017401307273036526e-05 -4.331192298506739094e-06 3.284748743994375779e-07 5.807569155263133447e-08 4.061116696768731068e-06
7.090986662761288939e-11 6.398965304190481816e-11 2.873775584171696133e-10 1.131196268568508024e-11 1.493086277591200667e-09 4.076258903513712907e-09 1.153955468181790320e-08 -1.134326344390465810e-09 -1.211644958420530895e-08 1.563449817036923487e-09 6.898255474924616730e-11 -1.053349674995769082e-08 1.688140720364399681e-08 1.025765072011237325e-08 2.168723860636372961e-08 8.940465326252860164e-09 3.475234572291771893e-08 1.577656811282304573e-08 -6.839467983538409678e-09 -4.645905245011562693e-09 -1.090502993287171283e-08 -1.889893359912904634e-08 1.456503953933154584e-08 -7.273072811751832773e-08 5.974765818281843326e-09 -1.631489038786924906e-07 4.451193031458500640e-10 5.525770062424490917e-13 1.575206635160458961e-10 -2.506783753517995690e-09 1.738384652792461550e-11 -2.091176368344968166e-07 1.004911347286953794e-12 -9.875714683745455485e-11 -1.011228191379864191e-10 -1.927379226371619495e-09 1.077212107943098295e-11 -2.806831532895375238e-10 6.055171739790793393e-11 -2.370791456003820491e-10 -7.018798124999795294e-14 1.314709095189499823e-08 -1.047789567093245819e-10 1.399198782632442981e-10 -7.681329031091361841e-10 -1.160128048339157405e-09 -8.795816017970134535e-10 -2.505460189609836657e-09 -9.126815916006822141e-10 -1.626814568577598136e-11 2.034090999169598514e-11 1.329788237303097382e-10
-2.585509087836566683e-05 -2.511160671288073813e-05 -5.223623323532643322e-04 -2.554399127720751391e-05 -4.919726799364975388e-04 6.354519440528700420e-04 2.653880693079724209e-04 9.984161486216488589e-04 3.970815307435939597e-04 8.008712608518434722e-04 -2.501181390818697323e-05 -2.410246901439137314e-03 2.691117039184817965e-03 -2.688546415499647266e-03 -1.236620061022673453e-02 3.956733444107138689e-03 5.669809220669218622e-03 1.891474889205568746e-03 3.217758657165061334e-05 -1.118620533387973837e-03 -1.124540907986572042e-03 -2.647494473726021320e-03 -2.475112899401692157e-02 5.106282306593722120e-02 -2.191539239237759971e-03 -2.453385734381742164e-02 8.533792157209149973e-06 1.575206635160458961e-10 4.180602171016131220e-03 -3.417888016900598111e-04 -4.694744498212879895e-07 -1.389632249927382976e-02 4.311463446763451861e-07 -8.421822998911028172e-06 -1.233713774046698039e-05 -8.153175654350960434e-05 5.303764297252770219e-07 -3.498999396285998949e-05 6.089689751754385431e-06 -2.652425174187294162e-05 -1.195051609586434695e-08 3.127303015023738010e-03 1.321571981247884956e-05 -4.756249878874004353e-06 1.824908424930849897e-05 -5.491877093593912395e-04 2.092904934791385986e-05 1.434487032847965582e-03 4.965065190891750790e-05 -1.506770403699703104e-05 6.941130518390457072e-07 -8.313467808662669165e-05
-1.451635191262486689e-06 -8.306887369282699216e-07 -3.809013655243007187e-05 -2.378924209752994589e-05 9.612197955586136158e-05 -4.354364550991095170e-07 -1.990572120749702306e-05 1.203370553928194105e-04 8.201468778479582291e-05 -3.903124457931917216e-05 -7.752393093608965788e-07 2.568621381718981934e-04 -3.932938103672941189e-04 -2.476373071849321010e-04 -5.410818879268436020e-04 -1.994426654574495399e-04 -8.382281272467800599e-04 -3.850289685346538864e-04 1.702108824401328861e-04 1.113542637718011589e-04 2.682814004598558567e-04 4.539252816976453416e-04 -4.417122881201016992e-04 1.855791653608744466e-03 -1.574677501419777790e-04 3.944775209051051834e-03 -9.306942016831709001e-06 -2.506783753517995690e-09 -3.417888016900598111e-04 2.952445787139689956e-03 2.721335647401532184e-08 6.972092200375445449e-03 1.414963863208135706e-04 6.234437089292582613e-05 3.433188758300555765e-08 -1.072516057217721367e-03 2.542904985496873254e-04 2.776579697216019491e-05 2.502270091057268620e-04 1.877959307206335046e-05 1.183776023777713626e-06 4.897989445197390617e-04 1.594153263501514630e-05 -3.240226890317442795e-07 -1.013299168994819498e-06 -2.174127054180865180e-03 -2.622085540763104006e-05 5.742104280160448271e-05 -6.285509550936762028e-07 3.568923344564040740e-07 -4.989739399296869737e-07 -3.281472715031449556e-06
