par.Ct_1S0np = -0.148351955706998
par.Ct_1S0pp = -0.147544565824798
par.C_1S0 = 2.54051614015323
par.Ct_3S1 = -0.174342719406039
par.C_3S1 = 0.723314779799860
par.C_3S1-3D1 = 0.626924806348134
par.C_3P0 = 1.16708772874164
par.C_1P1 = 0.583519610065374
par.C_3P1 = -0.966521388160239
par.C_3P2 = -0.648982187917688
par.Ct_1S0nn = -0.148083732812970
par.c_D = -0.151241061462819
par.c_E = -0.460915332907050
par.c1 = 0.108316298682840
par.c2 = 4.73679464816971
par.c3 = -3.50673977582177
par.c4 = 4.09243375934022
par.d1+d2 = 5.39121022687822
par.d3 = -4.84936594958505
par.d5 = -0.267620615225075
par.d14-d15 = -10.2802779985142
par.e14 = -0.322473011690058
par.e15 = -9.73882265326324
par.e16 = 1.45968354548609
par.e17 = 1.48336896156853
par.e18 = -1.87417937532003
par.Ct_1S0np = -0.148893856564509
par.Ct_1S0pp = -0.148100754682415
par.C_1S0 = 2.52277469627927
par.Ct_3S1 = -0.174519521487693
par.C_3S1 = 0.705716748368676
par.C_3S1-3D1 = 0.596597591215289
par.C_3P0 = 1.16086041960725
par.C_1P1 = 0.536009041684453
par.C_3P1 = -0.953813681211221
par.C_3P2 = -0.657102128922669
par.Ct_1S0nn = -0.148650410428435
par.c_D = -0.119387247523946
par.c_E = -0.427970484533956
par.c1 = -0.181761347359953E-01
par.c2 = 4.39810348138871
par.c3 = -3.54846215393049
par.c4 = 3.85639119671204
par.d1+d2 = 5.27896033840954
par.d3 = -4.79389523700961
par.d5 = -0.239084625262491
par.d14-d15 = -10.2058926818362
par.e14 = -0.188123931433836
par.e15 = -10.1138908048862
par.e16 = 2.68338642535727
par.e17 = 1.39013396669457
par.e18 = -0.727427282972962
par.Ct_1S0np = -0.148889078878781
par.Ct_1S0pp = -0.148095116000324
par.C_1S0 = 2.52365937473391
par.Ct_3S1 = -0.174572392132343
par.C_3S1 = 0.706913006506273
par.C_3S1-3D1 = 0.599351817109214
par.C_3P0 = 1.16249647073506
par.C_1P1 = 0.539929314256144
par.C_3P1 = -0.953936154855671
par.C_3P2 = -0.656072581601517
par.Ct_1S0nn = -0.148639017539324
par.c_D = -0.254621394508858
par.c_E = -0.452722278654996
par.c1 = -0.141111042310190E-01
par.c2 = 4.40552088467100
par.c3 = -3.54370360317491
par.c4 = 3.87733633531984
par.d1+d2 = 5.28864260271753
par.d3 = -4.79796706491268
par.d5 = -0.242030361758761
par.d14-d15 = -10.2121987533713
par.e14 = -0.198443453337111
par.e15 = -10.1090659964074
par.e16 = 2.65861131310324
par.e17 = 1.39578277586460
par.e18 = -0.827917217001591
par.Ct_1S0np = -0.148886544622665
par.Ct_1S0pp = -0.148092597237786
par.C_1S0 = 2.52370318601243
par.Ct_3S1 = -0.174567977209414
par.C_3S1 = 0.706943562933437
par.C_3S1-3D1 = 0.599258733225425
par.C_3P0 = 1.16236185220357
par.C_1P1 = 0.539756840474366
par.C_3P1 = -0.953974123557512
par.C_3P2 = -0.656155409754791
par.Ct_1S0nn = -0.148631667429984
par.c_D = -0.391014661818084
par.c_E = -0.475319135500221
par.c1 = -0.138470777975462E-01
par.c2 = 4.40673196300704
par.c3 = -3.54409841298778
par.c4 = 3.87660250754030
par.d1+d2 = 5.28837856735375
par.d3 = -4.79798380784266
par.d5 = -0.241866434725979
par.d14-d15 = -10.2120073359212
par.e14 = -0.198127016309095
par.e15 = -10.1067266595000
par.e16 = 2.65367497584350
par.e17 = 1.39607058644134
par.e18 = -0.824667162742040
