par.Ct_1S0np = 0.489613407993937
par.Ct_1S0pp = 0.491512984793017
par.C_1S0 = 0.278443027500206
par.Ct_3S1 = 0.530172062857021
par.C_3S1 = -1.84547299146604
par.C_3S1-3D1 = 1.11103697762216
par.C_3P0 = 1.28787848645479
par.C_1P1 = 0.554304257427687
par.C_3P1 = -0.972659695985410
par.C_3P2 = -0.685600707654858
par.Ct_1S0np = 0.489479311270384
par.Ct_1S0pp = 0.491378360885886
par.C_1S0 = 0.279195977337105
par.Ct_3S1 = 0.530197007336368
par.C_3S1 = -1.84511483827766
par.C_3S1-3D1 = 1.11113137478073
par.C_3P0 = 1.28705242846901
par.C_1P1 = 0.554539986711712
par.C_3P1 = -0.972735981203560
par.C_3P2 = -0.685835462698775
par.Ct_1S0np = 0.489503886259262
par.Ct_1S0pp = 0.491403399784891
par.C_1S0 = 0.279144399388818
par.Ct_3S1 = 0.530201168789487
par.C_3S1 = -1.84515321478428
par.C_3S1-3D1 = 1.11103688779330
par.C_3P0 = 1.28698253263171
par.C_1P1 = 0.554723872764063
par.C_3P1 = -0.972752155763746
par.C_3P2 = -0.685831714382663
