4.031973891022473424e-06 4.029001710753405679e-06 9.293745730376169333e-05 4.005023587097251129e-06 9.312340390549529517e-05 2.164659261236152496e-06 -5.976630953736490690e-05 -5.849530791115844521e-05 -6.185105333116640216e-05 -6.067876524146491904e-05 4.024018595576369223e-06 6.527258913507131513e-05 1.829103041828169848e-05 5.975704661404153970e-04 2.098194152356181331e-03 -2.662710905626671735e-04 1.735548395113311378e-05 8.143653474200165292e-05 -1.373330631262197543e-04 4.383285125249148647e-05 -6.849921305208406805e-05 -6.261048264231988030e-05 3.284573565677433981e-03 -8.153843265409407154e-03 3.898526898803748256e-04 -3.349375152229874244e-04 1.453142497077209600e-06 2.977501324848845812e-11 -7.723326773434817429e-06 -1.790335906636693968e-06 -2.060485468365173130e-09 -3.511142369744942265e-05 1.419605727339466644e-09 -4.392943834220854668e-08 -7.381094563966082968e-08 -1.853738894042566357e-06 -6.711539201412493118e-09 2.580497898939831234e-07 -9.069904251747704823e-08 3.583571814673692541e-07 2.140294809096696418e-10 -1.730524598504456005e-05 1.184874361466454624e-06 2.155206811065643637e-07 -9.716925746220810152e-07 5.187806948720520865e-06 -8.256243338568444993e-07 -1.327048548582676346e-05 -1.184607172598865876e-06 1.549905368522538191e-06 3.054434187121979265e-07 1.486185650240514849e-05
4.029001710753405679e-06 4.027270992134907978e-06 9.299445965999639696e-05 4.006711266649275427e-06 9.312738824515253040e-05 2.201301844232433375e-06 -5.974111269118144890e-05 -5.845555430760957340e-05 -6.184733599650774928e-05 -6.066868686344696761e-05 4.022267234714761926e-06 6.512124402261937404e-05 1.822051862569198144e-05 5.974843165669405359e-04 2.097951579147046969e-03 -2.662870275594814238e-04 1.777740268737868423e-05 8.166287644720955868e-05 -1.374372168258922210e-04 4.376788910099478906e-05 -6.867354168251272608e-05 -6.277971112456185452e-05 3.284779379498625057e-03 -8.153180420572845102e-03 3.899709590132020842e-04 -3.369630055681086022e-04 1.450397380441236551e-06 2.785665296254724395e-11 -7.591313555336421791e-06 -1.125464205452324198e-06 -2.128030878974302589e-09 -3.705421795613049430e-05 1.300267292099872662e-09 -4.749705273878807420e-08 -7.379446216289407135e-08 -1.795922658408403564e-06 -6.634803242196388527e-09 2.550780512323195935e-07 -9.065613780017207561e-08 3.582761706966916726e-07 2.138384677703807392e-10 -1.744612040216903456e-05 1.175448008538993197e-06 2.118822929175824982e-07 -9.487131746708569258e-07 1.407928299717603724e-06 -8.419574334263455726e-07 -1.312400833189337230e-05 -1.156323928745955899e-06 1.549600899311504768e-06 3.056554590493320364e-07 1.485950845554806553e-05
9.293745730376169333e-05 9.299445965999639696e-05 2.272119553701761486e-03 9.322411869163228814e-05 2.265918578381576586e-03 1.295305912207632523e-04 -1.347149097644622599e-03 -1.282533023533563533e-03 -1.469852131370184920e-03 -1.417676066901160268e-03 9.288623221464126526e-05 1.291919850650582622e-03 3.212462511278733456e-04 1.390608564169961564e-02 4.899628665221490015e-02 -6.350699124895963811e-03 1.203472408840372716e-03 2.358007179722197266e-03 -3.446345336905660452e-03 9.119436818605974101e-04 -1.957915355741060917e-03 -1.783371288808028449e-03 7.799674979155668542e-02 -1.910328274602285659e-01 9.435406004126192792e-03 -1.172538235534871520e-02 1.167149558851055637e-05 4.945391371015019808e-10 -9.612179585633851030e-05 -3.204312758597016814e-05 9.343907862216898870e-09 -2.541168445155994864e-03 2.203358494063651715e-08 -8.740129060679551595e-07 -1.792410179219524849e-06 -1.334441156643633326e-06 -9.269678946644714914e-08 3.645195090011198232e-06 -1.939057906501350518e-06 7.752322494504941696e-06 4.556471349457093343e-09 -8.528384937574772558e-04 8.007826071431837760e-06 -5.360509621539969770e-08 -1.483288577631365034e-06 -4.253792848961236679e-05 1.240041592619619937e-06 -1.777132263991079274e-04 -2.206230519624233219e-06 3.602957369691126943e-05 7.614325780224407842e-06 3.457790299149945241e-04
4.005023587097251129e-06 4.006711266649275427e-06 9.322411869163228814e-05 4.480085507561984064e-06 8.978021557823066584e-05 -2.783763635081847779e-06 -6.070031781799404088e-05 -6.258287800642456866e-05 -6.166470211785830369e-05 -6.123120106634660699e-05 4.000433712865695791e-06 6.768880379346667482e-05 2.187554555259060059e-05 5.946731259213099358e-04 2.092946623749025563e-03 -2.695468210070996640e-04 9.847450624471469323e-06 7.840190559603301497e-05 -1.362981254442360824e-04 4.489977281794771630e-05 -6.673284997786945762e-05 -5.818373343121735182e-05 3.286656430711317519e-03 -8.139174801397057110e-03 3.885669424647011363e-04 -2.996013189580659392e-04 1.117567660909856643e-06 -1.235309310606835853e-11 -4.350519740192909350e-06 -1.082598260190153282e-05 6.098368875597308730e-09 -1.557555942598551802e-04 7.565907473031862292e-09 -2.118274853144302972e-07 4.842231748920299349e-07 2.561225911469892341e-05 -3.395642398078655904e-09 1.227215372055526021e-07 -9.407356382997889393e-08 3.746469896310749286e-07 2.054734037737596300e-10 -1.142375484019561747e-05 1.322826579167888943e-06 1.498633996118268414e-07 -7.022280552923478574e-07 -5.782271728079212440e-06 -6.500766420571481516e-07 -1.404763754637042404e-05 -8.977248373659768814e-07 1.555947879946777789e-06 3.020219147003330432e-07 1.482687485810569143e-05
9.312340390549529517e-05 9.312738824515253040e-05 2.265918578381576586e-03 8.978021557823066584e-05 2.292371347334565702e-03 1.589606222069196771e-04 -1.337967020257783751e-03 -1.252851867264643485e-03 -1.469936342610116738e-03 -1.412717170800551836e-03 9.302872545480997131e-05 1.279209530104769444e-03 2.989518869308192524e-04 1.390763135195568177e-02 4.897306958404815808e-02 -6.324808804897005289e-03 1.255807785772981031e-03 2.378355329954201080e-03 -3.451122097368075452e-03 9.033021192781400237e-04 -1.970005225189357979e-03 -1.811557120772508411e-03 7.790867495100158024e-02 -1.909130388427041636e-01 9.435859620117460420e-03 -1.196629691366293650e-02 1.565232236118986768e-05 9.810091801668338239e-10 -1.235293820253881465e-04 7.017465739514443409e-05 -2.257558053451420709e-08 -1.587647863310696558e-03 -5.142320895983209663e-08 1.265213292225537890e-06 -4.802275696597298508e-06 -1.601020254959703722e-04 -1.401430716845262939e-07 5.561180501275121916e-06 -2.048524620768877117e-06 8.167575261450801409e-06 4.882851733276945481e-09 -8.792632986040363821e-04 8.306443727999378293e-06 7.758374540979303163e-07 -4.828878020738074801e-06 6.554470179580929945e-05 -1.354143786447777718e-06 -1.869200314881355371e-04 -6.197854321774492396e-06 3.595038569198367420e-05 7.631355143731062194e-06 3.455902297572594449e-04
2.164659261236152496e-06 2.201301844232433375e-06 1.295305912207632523e-04 -2.783763635081847779e-06 1.589606222069196771e-04 1.648188600815320430e-04 6.035275661967542189e-05 1.503362416762009347e-04 -5.820867615991540730e-05 -2.233751391956552684e-06 2.253860773510956994e-06 -3.386844401377389299e-04 -2.038343931440287661e-04 4.466570119431428074e-04 1.441129857485191554e-03 -7.899386021772798945e-05 1.095508986632803480e-03 5.966612955560679672e-04 -3.344795511658990475e-04 -1.287031169922348060e-04 -4.372357558625489401e-04 -5.485737147732073181e-04 2.786748752565685466e-03 -5.816414804644716961e-03 5.650322493304618015e-04 -5.419689950515378316e-03 -5.115539290648630294e-06 1.598874731115050694e-09 -4.459711178909923815e-05 3.366475815012585806e-05 -1.318114074424687388e-07 -1.641430921330289767e-03 -2.773950558426335551e-09 -7.132020797004467272e-08 -8.103452237290039182e-06 -3.184771123423569411e-04 1.300144745298951439e-07 -4.982923454915700985e-06 1.270279253716750763e-06 -5.054417207745271784e-06 -2.393663154880937149e-09 -7.147553684541891120e-04 -3.434614760006156022e-05 -1.923140107632516948e-06 7.965316757504824338e-06 -4.435453591371985732e-05 7.800798548728828810e-06 1.499582296229548767e-04 1.136693297524324779e-05 3.827932083792241600e-07 7.624629590741466170e-07 9.015103209959326203e-06
-5.976630953736490690e-05 -5.974111269118144890e-05 -1.347149097644622599e-03 -6.070031781799404088e-05 -1.337967020257783751e-03 6.035275661967542189e-05 9.843606832632204040e-04 9.979752677122455048e-04 9.071930866412692860e-04 9.349839219919191344e-04 -5.962044087282186011e-05 -1.255236588161927867e-03 -4.231461081055211751e-04 -8.793665611944600016e-03 -3.104786210825768306e-02 4.078551144735742193e-03 5.094903508565200821e-04 -8.406523346689077133e-04 1.881727827929473166e-03 -7.625840338825540590e-04 7.596781971237793899e-04 5.530842084342205318e-04 -4.850882049016008030e-02 1.206483065825982443e-01 -5.593565886318549799e-03 1.311337615156967992e-03 -1.875510900249718934e-05 2.630626379546125220e-09 9.990011318107520498e-05 2.483282321330843593e-06 1.252425253991444532e-07 -1.435991210619601581e-03 -1.935319109798901907e-09 8.145710950178521418e-08 -1.505535366219604295e-06 -4.577855272697740885e-05 2.247997274699775711e-07 -8.697032219684588969e-06 2.561512076720269522e-06 -1.016961120158799871e-05 -5.572744712311937575e-09 -2.556246852408931933e-04 -4.515594411575287251e-05 -3.283894849185085454e-06 1.469329009602024585e-05 -4.526718009233641463e-05 1.260808419429013555e-05 2.860932382171581440e-04 1.933005312727049290e-05 -2.352188007014319597e-05 -4.152077021559473726e-06 -2.206392045016862145e-04
-5.849530791115844521e-05 -5.845555430760957340e-05 -1.282533023533563533e-03 -6.258287800642456866e-05 -1.252851867264643485e-03 1.503362416762009347e-04 9.979752677122455048e-04 1.211441074693880371e-03 8.851531758611774683e-04 9.419916669752780546e-04 -5.831260643468622030e-05 -1.447138049279260517e-03 -5.317560102422239348e-04 -8.497328729743371806e-03 -3.016767624038407467e-02 4.095964862865816673e-03 1.105752555182588047e-03 -5.327105201529366060e-04 1.715265073975432005e-03 -8.323753632782633725e-04 5.434672068057293942e-04 2.342875987668981662e-04 -4.715667277905943866e-02 1.172727896076470738e-01 -5.307562123698022355e-03 -1.621792568013827318e-03 -2.157991971446833891e-05 1.525195831285206131e-09 3.525326641390580444e-05 5.521626830939157181e-05 -1.853821653460678059e-07 1.675140656874399801e-03 -3.569447173199677051e-08 1.096673168930934198e-06 -5.792805532759158355e-06 -2.230688772522718957e-04 2.607546916734661277e-07 -9.999627584339201172e-06 3.087363664840508023e-06 -1.227987862206290798e-05 -6.504188657321082406e-09 -7.216140662330299991e-04 -6.492191098367183669e-05 -4.450426495127433420e-06 1.944395828067291596e-05 1.018426575578635111e-05 1.864802338810844451e-05 3.784756786324141231e-04 2.652563377098442093e-05 -2.335986012057618730e-05 -3.749429496872230380e-06 -2.149172165583228310e-04
-6.185105333116640216e-05 -6.184733599650774928e-05 -1.469852131370184920e-03 -6.166470211785830369e-05 -1.469936342610116738e-03 -5.820867615991540730e-05 9.071930866412692860e-04 8.851531758611774683e-04 9.800345113173277410e-04 9.417869879262561134e-04 -6.177495864970076816e-05 -9.449302643898489567e-04 -2.504852433042293008e-04 -9.190633018972360277e-03 -3.236640913778601053e-02 4.183509550760222337e-03 -5.069889587719311969e-04 -1.403058487659115559e-03 2.201054144694597915e-03 -6.436249280223165208e-04 1.176351659687993861e-03 1.053291612374314921e-03 -5.121270357341733970e-02 1.260489005378810923e-01 -6.132749178510659219e-03 6.351028182574882178e-03 -1.463705415975243827e-05 -1.366510270622054330e-09 1.895983139725276878e-04 2.143409528486241649e-05 1.364953414660149474e-08 1.475316083978679216e-03 -2.202476553640846721e-08 8.062045679249099533e-07 1.335672402749948387e-06 2.269779643147134000e-05 8.044549374312949848e-08 -3.109065578905445060e-06 1.330335020687314906e-06 -5.288041020330364194e-06 -3.127881243504335259e-09 3.651112686833861355e-04 -1.347848036723546609e-05 -1.752883799795520189e-06 8.436923765276429393e-06 4.133835340396254719e-06 6.961625985788063469e-06 1.687960031799510413e-04 1.064546631069079936e-05 -2.391831434009961458e-05 -4.869035303306582031e-06 -2.288082878142599420e-04
-6.067876524146491904e-05 -6.066868686344696761e-05 -1.417676066901160268e-03 -6.123120106634660699e-05 -1.412717170800551836e-03 -2.233751391956552684e-06 9.349839219919191344e-04 9.419916669752780546e-04 9.417869879262561134e-04 9.410784191315992508e-04 -6.057292993406601292e-05 -1.088984539479987031e-03 -3.332840791347578720e-04 -8.973742943762385779e-03 -3.167966785686011227e-02 4.157020026606452270e-03 -5.217454067889726235e-05 -1.157156725594124611e-03 2.061817363952484546e-03 -6.955531999407912587e-04 9.981660383408257238e-04 8.189511075918881437e-04 -4.999378899338696725e-02 1.233299524675673525e-01 -5.891413959143708759e-03 4.097190984927176829e-03 -1.497014627132399250e-05 2.690480055680891069e-10 6.683862057615114877e-05 9.480431826810706183e-06 -5.741434992897204513e-08 -2.023430351161454623e-05 -7.682451218628888716e-09 3.125129005311855002e-07 -3.853768844571571811e-07 -2.767952577890694441e-05 1.515919237887517704e-07 -5.875692287653076800e-06 1.972181927112948585e-06 -7.844841313094690752e-06 -4.389074140780559327e-09 7.393382229117963092e-05 -2.850317058774070854e-05 -2.101552395298934577e-06 9.799126790168503548e-06 -1.711463146201761278e-05 8.058605620124001251e-06 2.205268145244595676e-04 1.301387244378197501e-05 -2.372209508499396671e-05 -4.546259823411631377e-06 -2.244054390830365893e-04
4.024018595576369223e-06 4.022267234714761926e-06 9.288623221464126526e-05 4.000433712865695791e-06 9.302872545480997131e-05 2.253860773510956994e-06 -5.962044087282186011e-05 -5.831260643468622030e-05 -6.177495864970076816e-05 -6.057292993406601292e-05 4.122001149482073050e-06 6.459087740329856522e-05 1.948114554429814264e-05 5.967472188312378635e-04 2.095280717264362633e-03 -2.658812271568507680e-04 1.814467453998288535e-05 8.174533009072275152e-05 -1.373398826402669941e-04 4.365427265911331079e-05 -6.871655046089761841e-05 -6.288888382501478698e-05 3.280661350893539739e-03 -8.142812732385869973e-03 3.895656207803482700e-04 -3.383899810453442746e-04 1.453424360990781414e-06 2.925100463980124990e-11 -7.639967500835898663e-06 -1.146784093055813939e-06 -2.155892176058746472e-09 -3.809160348963960043e-05 1.354215476221570928e-09 -4.839181490225051662e-08 -7.630353376099890379e-08 -1.885271109494963378e-06 7.413648788055727145e-06 5.563265086290925259e-07 -3.619375005117589654e-06 -4.520900249451368869e-08 9.199414121028092370e-10 -2.555792085977198676e-05 8.314588952561192288e-07 2.123651674698324798e-07 -9.504333357217056833e-07 1.392313842094331748e-06 -8.445808200406785651e-07 2.158939317174373481e-04 3.095415553917028390e-06 1.547335207145698893e-06 3.054547190452017984e-07 1.484021691477694094e-05
6.527258913507131513e-05 6.512124402261937404e-05 1.291919850650582622e-03 6.768880379346667482e-05 1.279209530104769444e-03 -3.386844401377389299e-04 -1.255236588161927867e-03 -1.447138049279260517e-03 -9.449302643898489567e-04 -1.088984539479987031e-03 6.459087740329856522e-05 2.671715516411193175e-03 9.674478290855358705e-04 9.285243786273085151e-03 3.310231244984278981e-02 -4.606707129736537301e-03 -2.931932216264292006e-03 -2.876275734508648534e-04 -1.485564401559519559e-03 1.163882069598687254e-03 4.029790313225031090e-05 5.319665828584898074e-04 5.067514215536974426e-02 -1.282208732379039040e-01 5.324135986888935829e-03 1.003090033061105127e-02 3.574242995977458212e-05 -4.242928524608915101e-09 -2.929783422636455658e-05 8.035587933678979685e-05 2.026516871525274296e-07 7.675179077652327132e-03 -6.308029634696059835e-08 2.173366161316711743e-06 7.826881639238124222e-06 1.836488230476591207e-04 -1.590844964865397774e-05 2.409881310923977851e-05 8.159626779391806556e-06 2.567363450239639377e-05 -2.408260597609739620e-05 2.072764178857019850e-03 1.394255409872242435e-04 8.677875354352591569e-06 -3.727400475090403883e-05 2.059770911345960821e-04 -3.444311322225903759e-05 -1.297831830383308497e-03 -6.248885887492110973e-05 2.662857096407729389e-05 3.218903150017814793e-06 2.378135032807557423e-04
1.829103041828169848e-05 1.822051862569198144e-05 3.212462511278733456e-04 2.187554555259060059e-05 2.989518869308192524e-04 -2.038343931440287661e-04 -4.231461081055211751e-04 -5.317560102422239348e-04 -2.504852433042293008e-04 -3.332840791347578720e-04 1.948114554429814264e-05 9.674478290855358705e-04 4.760070791019689780e-04 2.533014829877421655e-03 9.158500947895761857e-03 -1.376943627150006670e-03 -1.574326461418791437e-03 -4.522986000798379915e-04 -2.506049148497150551e-04 4.346070351155961894e-04 2.760467076500509767e-04 5.103728145367451667e-04 1.377303346975051850e-02 -3.538840653651435103e-02 1.279423912794775547e-03 6.418853072694483651e-03 1.073519542424840984e-05 -2.721775020872916492e-09 5.643004185662051889e-05 2.726071992898640207e-06 1.555505378434953694e-07 3.801683913664602454e-03 1.249743117068032625e-08 1.194991550252182930e-06 7.266018109654114331e-06 2.421675965460100733e-04 -2.940200102305697555e-06 6.903942591850656662e-06 -1.438119160387779356e-04 -4.703836074978174782e-06 -4.343269883473768086e-06 2.759313870398508910e-04 4.319558971597280665e-05 3.012318141169647991e-06 -1.258149158046990688e-05 1.656777321650230062e-04 -1.041757678758329884e-05 2.722533159358265370e-03 3.771352593813133978e-05 7.894842663569269308e-06 5.117662771480027853e-07 6.658180709513901766e-05
5.975704661404153970e-04 5.974843165669405359e-04 1.390608564169961564e-02 5.946731259213099358e-04 1.390763135195568177e-02 4.466570119431428074e-04 -8.793665611944600016e-03 -8.497328729743371806e-03 -9.190633018972360277e-03 -8.973742943762385779e-03 5.967472188312378635e-04 9.285243786273085151e-03 2.533014829877421655e-03 8.891479409410583956e-02 3.119998212810278226e-01 -3.943345968536516449e-02 3.716698751193285143e-03 1.266201507279686791e-02 -2.065757707913302293e-02 6.350098146197537784e-03 -1.057722989914508006e-02 -9.852805449706757146e-03 4.887453008826929124e-01 -1.212580433135753255e+00 5.825445627237609003e-02 -5.522521845675780472e-02 1.917317325736394434e-04 2.973495839274549158e-09 -1.027383365565834534e-03 -2.047971392747529424e-04 -4.947369408774936937e-07 -7.434828750715682423e-03 2.077042513019346371e-07 -7.614073565908300754e-06 -1.315770894809731486e-05 -3.031250714005026526e-04 -8.634220087704817787e-07 3.324011276485645339e-05 -1.278890073322930249e-05 5.058767958210743428e-05 3.040745837277952698e-08 -3.450562019576445399e-03 1.374543639878065453e-04 2.568564858427044347e-05 -1.187557287219432456e-04 7.705240541018263149e-05 -1.016211803118051817e-04 -1.749079285895106806e-03 -1.428201457371933007e-04 2.296709515843956332e-04 4.598006873078652122e-05 2.208793131242536498e-03
2.098194152356181331e-03 2.097951579147046969e-03 4.899628665221490015e-02 2.092946623749025563e-03 4.897306958404815808e-02 1.441129857485191554e-03 -3.104786210825768306e-02 -3.016767624038407467e-02 -3.236640913778601053e-02 -3.167966785686011227e-02 2.095280717264362633e-03 3.310231244984278981e-02 9.158500947895761857e-03 3.119998212810278226e-01 1.111228977272652463e+00 -1.394971055239407343e-01 1.232956314480798676e-02 4.172039887307238404e-02 -6.529890965740012265e-02 1.921387210998221767e-02 -3.895424618419340845e-02 2.684779886171960450e-02 1.607434316262786433e+00 -4.286730190706497190e+00 1.337013453828126419e-01 -1.460076316219423020e-01 6.302137384597535433e-04 8.207108187667292982e-09 -3.384849256201825918e-03 -6.628829033943513509e-04 -1.131794909765595142e-06 -2.438233256774838958e-02 6.512262993316424199e-07 -2.409322035311120316e-05 -3.745546232042367703e-05 -7.156521595827931587e-04 -3.277527945739179823e-06 1.264597501508269437e-04 -4.795342533672303605e-05 1.899942984812481514e-04 1.125421073931221196e-07 -1.117291029947324599e-02 5.350726201673811425e-04 8.296193884741806935e-05 -3.858333983793379583e-04 2.600691420254912277e-04 -3.259248254765267114e-04 -6.233083005952073409e-03 -4.707165367874244439e-04 7.206187470276732452e-04 1.728488760183235508e-04 9.153522305612700818e-03
-2.662710905626671735e-04 -2.662870275594814238e-04 -6.350699124895963811e-03 -2.695468210070996640e-04 -6.324808804897005289e-03 -7.899386021772798945e-05 4.078551144735742193e-03 4.095964862865816673e-03 4.183509550760222337e-03 4.157020026606452270e-03 -2.658812271568507680e-04 -4.606707129736537301e-03 -1.376943627150006670e-03 -3.943345968536516449e-02 -1.394971055239407343e-01 1.853022821669058143e-02 -9.679414333895487981e-04 -5.545820815740563556e-03 9.330928096803147581e-03 -2.962161334873880843e-03 4.761427187394239383e-03 3.878281978416926387e-03 -2.217833440309914528e-01 5.438758608838111241e-01 -2.630400903420097858e-02 2.169180038288207740e-02 -4.590222029960694140e-05 7.659292178408277150e-10 2.521153389926383435e-04 3.910102032533875350e-05 -3.394469392733958707e-07 1.667330420125229598e-03 -2.025759797020499012e-08 9.457481261287098193e-07 -2.264502072122370830e-06 -1.880215815381320970e-04 6.147191002136374380e-07 -2.392505836997502040e-05 8.538495034724309790e-06 -3.406110282721389791e-05 -1.893100021770414266e-08 6.524306532869859898e-04 -1.103981776407072612e-04 -4.825923686676017400e-06 2.437957560168962142e-05 -2.575795062306543144e-05 1.697571250020096532e-05 8.671053934405572195e-04 3.553380204277843744e-05 -1.044719684094181365e-04 -2.050087931890651693e-05 -9.867729050208220824e-04
1.735548395113311378e-05 1.777740268737868423e-05 1.203472408840372716e-03 9.847450624471469323e-06 1.255807785772981031e-03 1.095508986632803480e-03 5.094903508565200821e-04 1.105752555182588047e-03 -5.069889587719311969e-04 -5.217454067889726235e-05 1.814467453998288535e-05 -2.931932216264292006e-03 -1.574326461418791437e-03 3.716698751193285143e-03 1.232956314480798676e-02 -9.679414333895487981e-04 9.648946788520107107e-03 5.330916872795884824e-03 -3.017976730558986041e-03 -1.133465260428172467e-03 -3.948204690836637325e-03 -4.744479997472204023e-03 2.535545531309522232e-02 -5.052961459823550328e-02 5.081489957240841078e-03 -4.781517450164146643e-02 -6.906315503965406084e-05 1.191717517113466038e-08 -1.050396174264186893e-04 -1.103302959500121325e-04 -3.688820196134633706e-07 -2.304100953414142672e-02 8.784026694635585512e-08 -3.394873032895003280e-06 -2.218131343073469810e-05 -4.557748158738035658e-04 1.196860191871142512e-06 -4.603453794024986738e-05 9.725448995280160433e-06 -3.843319916678598523e-05 -1.929825780455498381e-08 -6.164309423481250695e-03 -2.971687048783126176e-04 -2.191567557684536387e-05 9.104577963216216676e-05 -4.599993011996375493e-04 8.993543613469155197e-05 1.226611538905176624e-03 1.210228812139612248e-04 3.616894705376166278e-06 6.777724162900075535e-06 7.622902289292828059e-05
8.143653474200165292e-05 8.166287644720955868e-05 2.358007179722197266e-03 7.840190559603301497e-05 2.378355329954201080e-03 5.966612955560679672e-04 -8.406523346689077133e-04 -5.327105201529366060e-04 -1.403058487659115559e-03 -1.157156725594124611e-03 8.174533009072275152e-05 -2.876275734508648534e-04 -4.522986000798379915e-04 1.266201507279686791e-02 4.172039887307238404e-02 -5.545820815740563556e-03 5.330916872795884824e-03 9.471150712091916044e-03 -1.073087511055835150e-02 1.305271227274123992e-03 -2.418060218742686812e-03 -1.744130887828367060e-02 9.639467509193369588e-02 -1.700852569413341120e-01 -1.019599802320983462e-03 -1.279063215977494991e-02 -2.402125295619116931e-05 6.045463011337590647e-09 -1.226938677861139895e-04 -6.835759766506688804e-05 -9.901284178474184674e-08 -1.255493356555525616e-02 5.132333640175767650e-08 -2.029438005300399926e-06 -1.100427401083292243e-05 -1.869393305128771922e-04 4.610032068852105171e-07 -1.765378421376915724e-05 2.779046343856649381e-06 -1.089435632766311998e-05 -4.975774564354287966e-09 -3.412818389354653308e-03 -1.259697495384499966e-04 -1.023954087635867992e-05 4.136757856943892549e-05 -2.348138090210083375e-04 4.279366002885884670e-05 4.087764158650414770e-04 5.409169662718913541e-05 8.435097502318353324e-05 -1.805607490830247954e-05 3.017996028581028498e-05
-1.373330631262197543e-04 -1.374372168258922210e-04 -3.446345336905660452e-03 -1.362981254442360824e-04 -3.451122097368075452e-03 -3.344795511658990475e-04 1.881727827929473166e-03 1.715265073975432005e-03 2.201054144694597915e-03 2.061817363952484546e-03 -1.373398826402669941e-04 -1.485564401559519559e-03 -2.506049148497150551e-04 -2.065757707913302293e-02 -6.529890965740012265e-02 9.330928096803147581e-03 -3.017976730558986041e-03 -1.073087511055835150e-02 4.998850782985088392e-02 -2.800734700800719748e-02 8.362367446324511094e-03 4.118009296773449124e-02 -1.814534531763949132e-01 2.730238192750897852e-01 -6.409260730176595533e-02 4.658676353647389634e-02 -1.249129635818175026e-05 -2.962920971479518322e-09 1.878653659515805397e-04 5.618689697330453778e-05 1.985743885943326250e-08 6.885434667131807435e-03 -4.463713118020565404e-08 1.746317847814620552e-06 5.830132759448043395e-06 7.618655483161610820e-05 -3.243566910696200084e-08 1.153485341855638936e-06 1.337851371313105970e-06 -5.394545378763569547e-06 -3.691557952768955447e-09 2.022286896838917675e-03 2.776669986615473322e-05 1.927980708338485282e-06 -5.666604867686077270e-06 1.007917418832928944e-04 -9.126587107671571688e-06 1.108309472742002367e-04 -7.674034346784640922e-06 -7.796141386407027390e-04 2.443532305791141482e-05 1.216451666344945054e-03
4.383285125249148647e-05 4.376788910099478906e-05 9.119436818605974101e-04 4.489977281794771630e-05 9.033021192781400237e-04 -1.287031169922348060e-04 -7.625840338825540590e-04 -8.323753632782633725e-04 -6.436249280223165208e-04 -6.955531999407912587e-04 4.365427265911331079e-05 1.163882069598687254e-03 4.346070351155961894e-04 6.350098146197537784e-03 1.921387210998221767e-02 -2.962161334873880843e-03 -1.133465260428172467e-03 1.305271227274123992e-03 -2.800734700800719748e-02 1.899550901969986397e-02 -3.437327654334781241e-03 -1.412947060144574551e-02 5.790381215844060681e-02 -7.986226376663962956e-02 4.019227561229565121e-02 -2.205705959818660133e-02 2.299739212207122641e-05 -1.582342124448324290e-09 -5.506999568916383348e-05 2.412886701277727015e-06 4.052486805200816527e-08 2.818419463548490784e-03 1.263645043918089146e-10 1.120867761078320036e-08 2.548890096294520059e-06 5.701059530145548087e-05 -2.499372001429935421e-07 9.627947356548322559e-06 -2.523196742654575285e-06 9.988613365594751440e-06 5.385171443103134288e-09 6.611684763150804320e-04 5.572682731822156774e-05 4.844298667031224039e-06 -2.101144672748959087e-05 7.184613592660848633e-05 -1.953358173101631508e-05 -3.163521899199039098e-04 -2.721554559902556649e-05 5.164666027630290899e-04 -1.249392189698919192e-05 -8.155791220330699341e-04
-6.849921305208406805e-05 -6.867354168251272608e-05 -1.957915355741060917e-03 -6.673284997786945762e-05 -1.970005225189357979e-03 -4.372357558625489401e-04 7.596781971237793899e-04 5.434672068057293942e-04 1.176351659687993861e-03 9.981660383408257238e-04 -6.871655046089761841e-05 4.029790313225031090e-05 2.760467076500509767e-04 -1.057722989914508006e-02 -3.895424618419340845e-02 4.761427187394239383e-03 -3.948204690836637325e-03 -2.418060218742686812e-03 8.362367446324511094e-03 -3.437327654334781241e-03 7.335076406554544293e-02 -2.951800109867376565e-03 -4.862147955646527187e-02 1.472209791585612770e-01 -1.615658648834077671e-01 1.844379857955796287e-01 2.012780930305797876e-05 -4.307285493682766380e-09 8.063676214250194607e-05 4.754844061268840384e-05 1.443184983314800066e-08 9.278625846955932885e-03 -3.249431468742819710e-08 1.325629718124065633e-06 7.431433612324672037e-06 1.054987904948891499e-04 -3.061496187560842825e-07 1.168546674734783741e-05 -1.577100404590157385e-06 6.131178934051047160e-06 2.692303641011038441e-09 2.489077554769621430e-03 8.653227729041333206e-05 8.096190459146101215e-06 -3.272707967478578504e-05 1.753905267450886680e-04 -3.398512068835304309e-05 -2.725006665318456772e-04 -4.187018629757111699e-05 -4.549975222210020723e-06 -1.940452888421883703e-04 -1.412257533422852859e-04
-6.261048264231988030e-05 -6.277971112456185452e-05 -1.783371288808028449e-03 -5.818373343121735182e-05 -1.811557120772508411e-03 -5.485737147732073181e-04 5.530842084342205318e-04 2.342875987668981662e-04 1.053291612374314921e-03 8.189511075918881437e-04 -6.288888382501478698e-05 5.319665828584898074e-04 5.103728145367451667e-04 -9.852805449706757146e-03 2.684779886171960450e-02 3.878281978416926387e-03 -4.744479997472204023e-03 -1.744130887828367060e-02 4.118009296773449124e-02 -1.412947060144574551e-02 -2.951800109867376565e-03 7.919724351295385212e-01 -1.624364158523849744e+00 5.732656906842914513e-01 -6.149896999326291969e-01 4.000851475712686733e-01 5.794259792414244419e-06 -5.937289671801463568e-09 1.784552473115242580e-04 7.723406932810140534e-05 3.110084432443581463e-07 1.119751735744373665e-02 -7.120030120957684471e-08 2.650561589308358089e-06 1.252331561637596227e-05 2.887756624496861562e-04 -4.931420833475175736e-07 1.901355322672962730e-05 -3.653569188164093666e-06 1.448791650729498905e-05 6.741324971009617420e-09 3.211105023196522950e-03 1.280625682691987819e-04 6.149052961533350457e-06 -2.424916800866613366e-05 1.952812995667860393e-04 -2.537370341733225106e-05 -3.990216058477259915e-04 -3.540558140018883388e-05 -2.056795521845672836e-04 -3.002819429930985448e-04 5.150029246620621906e-03
3.284573565677433981e-03 3.284779379498625057e-03 7.799674979155668542e-02 3.286656430711317519e-03 7.790867495100158024e-02 2.786748752565685466e-03 -4.850882049016008030e-02 -4.715667277905943866e-02 -5.121270357341733970e-02 -4.999378899338696725e-02 3.280661350893539739e-03 5.067514215536974426e-02 1.377303346975051850e-02 4.887453008826929124e-01 1.607434316262786433e+00 -2.217833440309914528e-01 2.535545531309522232e-02 9.639467509193369588e-02 -1.814534531763949132e-01 5.790381215844060681e-02 -4.862147955646527187e-02 -1.624364158523849744e+00 5.864062021126509094e+00 -7.638146708428293685e+00 1.597879959100743097e+00 -1.137918845074383123e+00 7.719790998065348929e-04 1.574769766248453792e-08 -4.600922827161458596e-03 -9.377922859538052403e-04 -7.409672215547795560e-09 -5.265578641830769013e-02 8.241809424291513486e-07 -3.147221841013579511e-05 -4.806227484626941597e-05 -3.210953900476407529e-04 -4.883446101050985410e-06 1.894480117412838819e-04 -7.652209927265607816e-05 3.042747025190872226e-04 1.779871014400286795e-07 -1.967164916163698096e-02 7.486245490617126882e-04 8.476141303483491454e-05 -4.124138935191384359e-04 -4.225492316594850343e-05 -3.209438882419351569e-04 -8.930449638804042675e-03 -5.191948426663973298e-04 1.452210072695899650e-03 9.142553808854309363e-04 2.464029677971762890e-03
-8.153843265409407154e-03 -8.153180420572845102e-03 -1.910328274602285659e-01 -8.139174801397057110e-03 -1.909130388427041636e-01 -5.816414804644716961e-03 1.206483065825982443e-01 1.172727896076470738e-01 1.260489005378810923e-01 1.233299524675673525e-01 -8.142812732385869973e-03 -1.282208732379039040e-01 -3.538840653651435103e-02 -1.212580433135753255e+00 -4.286730190706497190e+00 5.438758608838111241e-01 -5.052961459823550328e-02 -1.700852569413341120e-01 2.730238192750897852e-01 -7.986226376663962956e-02 1.472209791585612770e-01 5.732656906842914513e-01 -7.638146708428293685e+00 1.717339750033674761e+01 -1.067873564644501228e+00 9.419622897645408832e-01 -2.342182206443351941e-03 -3.275498323008542486e-08 1.278912775896392552e-02 2.518766469633181276e-03 3.467039998738444218e-06 1.010111576837344760e-01 -2.425383511153627750e-06 9.023000979179795556e-05 1.389154109970368669e-04 2.343826369346928718e-03 1.267494566520072937e-05 -4.895709382643294479e-04 1.876495021488495929e-04 -7.440362126062493404e-04 -4.393771526310884616e-07 4.421990122708046450e-02 -2.049594739350728712e-03 -3.003017939104591803e-04 1.405449191951499855e-03 -8.032738504506213486e-04 1.173745877247960381e-03 2.386389239394462805e-02 1.723478218005190365e-03 -2.723730273979038836e-03 -1.025797195526197830e-03 -3.310079311887391407e-02
3.898526898803748256e-04 3.899709590132020842e-04 9.435406004126192792e-03 3.885669424647011363e-04 9.435859620117460420e-03 5.650322493304618015e-04 -5.593565886318549799e-03 -5.307562123698022355e-03 -6.132749178510659219e-03 -5.891413959143708759e-03 3.895656207803482700e-04 5.324135986888935829e-03 1.279423912794775547e-03 5.825445627237609003e-02 1.337013453828126419e-01 -2.630400903420097858e-02 5.081489957240841078e-03 -1.019599802320983462e-03 -6.409260730176595533e-02 4.019227561229565121e-02 -1.615658648834077671e-01 -6.149896999326291969e-01 1.597879959100743097e+00 -1.067873564644501228e+00 3.184631827162054396e+00 -2.754721307177091738e+00 7.453698861779715652e-05 4.414065527212005510e-09 -5.584864705375596188e-04 -1.330992840456916924e-04 -6.736181903489253939e-08 -1.120671045902362981e-02 1.142840655574399963e-07 -4.381115560148917689e-06 -1.030979829754306418e-05 -1.294603536545902290e-04 -3.170497945138522105e-07 1.239163600717687312e-05 -6.931365731616221260e-06 2.761937620298279546e-05 1.682009958302347423e-08 -3.642991178361304830e-03 2.399260318467429684e-05 4.976816747694745970e-06 -2.773384354772226077e-05 -1.062224282387094271e-04 -1.723310996681294766e-05 -7.824739098191183743e-04 -3.371101913842572406e-05 5.738951893136791469e-04 -7.526191902367926258e-04 -3.937451451757571254e-03
-3.349375152229874244e-04 -3.369630055681086022e-04 -1.172538235534871520e-02 -2.996013189580659392e-04 -1.196629691366293650e-02 -5.419689950515378316e-03 1.311337615156967992e-03 -1.621792568013827318e-03 6.351028182574882178e-03 4.097190984927176829e-03 -3.383899810453442746e-04 1.003090033061105127e-02 6.418853072694483651e-03 -5.522521845675780472e-02 -1.460076316219423020e-01 2.169180038288207740e-02 -4.781517450164146643e-02 -1.279063215977494991e-02 4.658676353647389634e-02 -2.205705959818660133e-02 1.844379857955796287e-01 4.000851475712686733e-01 -1.137918845074383123e+00 9.419622897645408832e-01 -2.754721307177091738e+00 2.707639317859379169e+00 2.711160452773189603e-04 -5.779948873584675417e-08 8.433117075530696454e-04 5.943917893610269499e-04 1.728434484889310889e-06 1.135728384235210331e-01 -4.777094784693430404e-07 1.845004463740914697e-05 1.088188387876608975e-04 2.177265423447119225e-03 -5.307176872576420898e-06 2.039915034095984500e-04 -4.024770710162242214e-05 1.588933768398635520e-04 7.786708297158667852e-08 3.079257770401232913e-02 1.353746249533126006e-03 9.805803195163308671e-05 -4.027869631745036169e-04 2.191873535200237425e-03 -4.045222615514568036e-04 -5.144579145387013011e-03 -5.371624326627594519e-04 -3.501820254530764302e-04 8.977960453954596026e-04 9.015498421328120224e-04
1.453142497077209600e-06 1.450397380441236551e-06 1.167149558851055637e-05 1.117567660909856643e-06 1.565232236118986768e-05 -5.115539290648630294e-06 -1.875510900249718934e-05 -2.157991971446833891e-05 -1.463705415975243827e-05 -1.497014627132399250e-05 1.453424360990781414e-06 3.574242995977458212e-05 1.073519542424840984e-05 1.917317325736394434e-04 6.302137384597535433e-04 -4.590222029960694140e-05 -6.906315503965406084e-05 -2.402125295619116931e-05 -1.249129635818175026e-05 2.299739212207122641e-05 2.012780930305797876e-05 5.794259792414244419e-06 7.719790998065348929e-04 -2.342182206443351941e-03 7.453698861779715652e-05 2.711160452773189603e-04 8.616216433021132352e-05 2.560626283299097790e-11 -2.282182341139563732e-05 9.154442486159989416e-07 -1.067646524308003466e-08 1.033328495062943491e-04 7.655718400502697939e-09 -8.914049651865335022e-08 -2.554940029246370259e-07 -1.525377109916991804e-05 4.820067727315053853e-08 -2.347847018409372167e-08 1.290308353597832756e-07 -3.461605585738350002e-07 -2.156914942181789195e-10 2.837962091703453830e-05 1.249675235097197167e-06 8.343537919112512069e-06 -3.751391653302877691e-06 1.778350428250193493e-05 -4.700905097361154865e-06 2.653900916919948224e-05 -4.535569336037070372e-06 4.455651882394917898e-07 3.917620299170013730e-08 4.622943094328560768e-06
2.977501324848845812e-11 2.785665296254724395e-11 4.945391371015019808e-10 -1.235309310606835853e-11 9.810091801668338239e-10 1.598874731115050694e-09 2.630626379546125220e-09 1.525195831285206131e-09 -1.366510270622054330e-09 2.690480055680891069e-10 2.925100463980124990e-11 -4.242928524608915101e-09 -2.721775020872916492e-09 2.973495839274549158e-09 8.207108187667292982e-09 7.659292178408277150e-10 1.191717517113466038e-08 6.045463011337590647e-09 -2.962920971479518322e-09 -1.582342124448324290e-09 -4.307285493682766380e-09 -5.937289671801463568e-09 1.574769766248453792e-08 -3.275498323008542486e-08 4.414065527212005510e-09 -5.779948873584675417e-08 2.560626283299097790e-11 2.015770367022435879e-13 -4.418284593890542416e-09 -4.905787568539364478e-10 9.999359234325510101e-12 -5.704367089488595299e-08 7.838734954691496705e-13 -2.770955405899442909e-11 -6.621894584497562974e-11 -2.183796427091611321e-09 2.886155836806285780e-12 -1.169186536810569470e-10 3.174751241585303808e-11 -1.276162453281271863e-10 -6.160805634039055097e-14 -5.716200882693136665e-09 -4.327645319313678608e-10 3.213794148529105732e-11 -2.355549655914691060e-10 8.430793615543120664e-12 -2.725064092534803602e-10 2.956371550225719676e-10 -2.672539030718870800e-10 -2.479493005979080061e-12 6.999043122133106117e-12 4.634314226142466446e-11
-7.723326773434817429e-06 -7.591313555336421791e-06 -9.612179585633851030e-05 -4.350519740192909350e-06 -1.235293820253881465e-04 -4.459711178909923815e-05 9.990011318107520498e-05 3.525326641390580444e-05 1.895983139725276878e-04 6.683862057615114877e-05 -7.639967500835898663e-06 -2.929783422636455658e-05 5.643004185662051889e-05 -1.027383365565834534e-03 -3.384849256201825918e-03 2.521153389926383435e-04 -1.050396174264186893e-04 -1.226938677861139895e-04 1.878653659515805397e-04 -5.506999568916383348e-05 8.063676214250194607e-05 1.784552473115242580e-04 -4.600922827161458596e-03 1.278912775896392552e-02 -5.584864705375596188e-04 8.433117075530696454e-04 -2.282182341139563732e-05 -4.418284593890542416e-09 1.076178285599288043e-03 3.102368030591373931e-05 9.084743342991234714e-07 3.544229589130572320e-03 -6.231474511101359449e-08 2.109284572507286140e-06 5.224213521353385660e-06 2.212715405421465686e-04 -6.761914128608418694e-08 3.864676576321607585e-06 -1.273354770474837772e-06 5.292319394430523101e-06 2.663307238619323151e-09 3.597955263934509568e-06 5.570364912999464834e-06 -5.478678957581617247e-06 2.298361128376838510e-05 -4.527236312084831414e-05 2.451773487903382193e-05 6.372426579216629999e-05 2.669984056117379571e-05 -2.176588260824203105e-06 -4.714499425284820184e-07 -2.420836006833899842e-05
-1.790335906636693968e-06 -1.125464205452324198e-06 -3.204312758597016814e-05 -1.082598260190153282e-05 7.017465739514443409e-05 3.366475815012585806e-05 2.483282321330843593e-06 5.521626830939157181e-05 2.143409528486241649e-05 9.480431826810706183e-06 -1.146784093055813939e-06 8.035587933678979685e-05 2.726071992898640207e-06 -2.047971392747529424e-04 -6.628829033943513509e-04 3.910102032533875350e-05 -1.103302959500121325e-04 -6.835759766506688804e-05 5.618689697330453778e-05 2.412886701277727015e-06 4.754844061268840384e-05 7.723406932810140534e-05 -9.377922859538052403e-04 2.518766469633181276e-03 -1.330992840456916924e-04 5.943917893610269499e-04 9.154442486159989416e-07 -4.905787568539364478e-10 3.102368030591373931e-05 1.116100154381761142e-03 -3.341450228158724108e-08 4.420719222228850810e-03 2.176080689505529114e-06 1.136069028287166936e-05 -4.174145110487961210e-06 -3.070201670107699848e-04 3.824098680172597178e-06 1.374100557982421328e-05 2.056558828219676378e-06 8.334868923831165955e-06 3.096144909007419429e-08 2.433302976553842166e-04 2.114202368293995618e-05 4.094816060328022380e-07 -1.530445852840802687e-06 -2.317985804568375302e-03 -2.737591365777951405e-05 -6.882467805166612822e-05 -3.188686191010017912e-06 -3.670956203618763426e-07 -1.375221518369521408e-07 -4.645230053471763973e-06
