theo_error.scale_from_amplitudes = yes
scaling_form = 1
eft_nu = 4.0
eft_C = 1.0237
eft_nu.piN = 5.0
eft_C.piN = 3.6305
residual_list.load = no
residual_list.load.prefix = N2LOsim-575-125.theo
eft_C = 6.17542870342731476
eft_C.piN = 3.64298112690448761
eft_C = 2.05194808542728424
eft_C.piN = 3.66715364158153534
eft_C = 1.93556405603885651
eft_C.piN = 3.67035336792469025
eft_C = 1.79993398487567902
eft_C.piN = 3.67264471948146820
eft_C = 1.70160867273807526
eft_C.piN = 3.67089413106441498
eft_C = 1.51873789727687836
eft_C.piN = 3.66434536874294281
eft_C = 1.51496373116970062
eft_C.piN = 3.66487137973308563
