theo_error.scale_from_amplitudes = yes
scaling_form = 1
eft_nu = 4.0
eft_C = 1.0237
eft_nu.piN = 5.0
eft_C.piN = 3.6305
residual_list.load = no
residual_list.load.prefix = N2LOsim-550-290.theo
eft_C = 1.34019665420055389
eft_C.piN = 3.64924199879169464
eft_C = 1.35077811777591705
eft_C.piN = 3.64039160311222076
eft_C = 1.35055370628833771
eft_C.piN = 3.64004842936992645
