par.Ct_1S0np = -0.150057642471680
par.Ct_1S0pp = -0.149323559549561
par.C_1S0 = 2.45095541442887
par.Ct_3S1 = -0.168464810193961
par.C_3S1 = 0.604950565750669
par.C_3S1-3D1 = 0.438796541261467
par.C_3P0 = 1.16747114614115
par.C_1P1 = 0.296103390928662
par.C_3P1 = -0.890680397310234
par.C_3P2 = -0.691878808760559
par.Ct_1S0nn = -0.150000605586014
par.c_D = 0.861251054003868E-01
par.c_E = -0.361621050393797
par.c1 = -0.408870214227683
par.c2 = 3.41197549320275
par.c3 = -3.73342950345007
par.c4 = 2.75306010414895
par.d1+d2 = 4.74973899115564
par.d3 = -4.54157223038485
par.d5 = -0.973673006787624E-01
par.d14-d15 = -9.83887707590499
par.e14 = 0.411308193969935
par.e15 = -11.3220091463571
par.e16 = 6.28111611024275
par.e17 = 1.04763096880247
par.e18 = 4.56537039785006
par.Ct_1S0np = -0.150292455442398
par.Ct_1S0pp = -0.149568009317889
par.C_1S0 = 2.45091542590523
par.Ct_3S1 = -0.166787049409601
par.C_3S1 = 0.600867813825822
par.C_3S1-3D1 = 0.418590330418392
par.C_3P0 = 1.17021272774468
par.C_1P1 = 0.280768274379539
par.C_3P1 = -0.882492607540004
par.C_3P2 = -0.693793937780216
par.Ct_1S0nn = -0.150254679564021
par.c_D = 0.101961589832063
par.c_E = -0.356452376354894
par.c1 = -0.450651576487017
par.c2 = 3.30358996897927
par.c3 = -3.75039535308718
par.c4 = 2.72999064327976
par.d1+d2 = 4.74238583241145
par.d3 = -4.53793134757479
par.d5 = -0.957586326508968E-01
par.d14-d15 = -9.83656846717568
par.e14 = 0.432138539560570
par.e15 = -11.3792258017090
par.e16 = 6.64323207435948
par.e17 = 1.03898155432215
par.e18 = 4.67596465017060
par.Ct_1S0np = -0.150303386320332
par.Ct_1S0pp = -0.149579113070899
par.C_1S0 = 2.45117385426568
par.Ct_3S1 = -0.166772324835499
par.C_3S1 = 0.601109201308830
par.C_3S1-3D1 = 0.418328227733448
par.C_3P0 = 1.17029013230878
par.C_1P1 = 0.280527851952854
par.C_3P1 = -0.882019674678813
par.C_3P2 = -0.693996542104865
par.Ct_1S0nn = -0.150265776131132
par.c_D = 0.102196058512968
par.c_E = -0.357202881811844
par.c1 = -0.452721567853009
par.c2 = 3.29925386434413
par.c3 = -3.75212642468517
par.c4 = 2.72991804310363
par.d1+d2 = 4.74284049145811
par.d3 = -4.53846615948994
par.d5 = -0.956892978302551E-01
par.d14-d15 = -9.83691537747337
par.e14 = 0.432874503474459
par.e15 = -11.3762308839704
par.e16 = 6.65488720257941
par.e17 = 1.03981061213747
par.e18 = 4.67590042451722
