par.Ct_1S0np = -0.146611267312938
par.Ct_1S0pp = -0.145566732879348
par.C_1S0 = 2.48458881120570
par.Ct_3S1 = -0.154690894544558
par.C_3S1 = 0.582557216174106
par.C_3S1-3D1 = 0.520128060980943
par.C_3P0 = 1.35149307866431
par.C_1P1 = 0.432300160450470
par.C_3P1 = -0.755547923684373
par.C_3P2 = -0.635119810922518
par.Ct_1S0nn = -0.146683876702588
par.c_D = -0.212747319838762
par.c_E = -1.29722410111839
par.c1 = 0.102465114724103
par.c2 = 4.66902285551098
par.c3 = -3.46170855197589
par.c4 = 3.41719049799129
par.d1+d2 = 5.02294004508938
par.d3 = -4.66141516222632
par.d5 = -0.174660154440352
par.d14-d15 = -9.99909387193032
par.e14 = -0.285113773072444E-01
par.e15 = -10.6155776956096
par.e16 = 2.08332099605949
par.e17 = 1.24354215178096
par.e18 = 1.39333591673746
par.Ct_1S0np = -0.147426335578051
par.Ct_1S0pp = -0.146408594640338
par.C_1S0 = 2.46122309502864
par.Ct_3S1 = -0.155373191362740
par.C_3S1 = 0.562761803720112
par.C_3S1-3D1 = 0.501834061439414
par.C_3P0 = 1.38152679076324
par.C_1P1 = 0.422017832000199
par.C_3P1 = -0.726172816785474
par.C_3P2 = -0.632871205702125
par.Ct_1S0nn = -0.147520745149014
par.c_D = -0.206760891037700
par.c_E = -1.29685128291298
par.c1 = -0.413477038178941E-01
par.c2 = 4.22058899178083
par.c3 = -3.45010395551432
par.c4 = 3.26901626958487
par.d1+d2 = 4.94205501406821
par.d3 = -4.60883964238755
par.d5 = -0.162416226664768
par.d14-d15 = -9.94202629052860
par.e14 = 0.631241218031324E-01
par.e15 = -11.2587119478324
par.e16 = 3.78727630671215
par.e17 = 1.13510346281143
par.e18 = 2.14593648698434
par.Ct_1S0np = -0.147448965574846
par.Ct_1S0pp = -0.146430859568828
par.C_1S0 = 2.46101965501799
par.Ct_3S1 = -0.155399563823349
par.C_3S1 = 0.562567598774470
par.C_3S1-3D1 = 0.502358974352034
par.C_3P0 = 1.38187745672638
par.C_1P1 = 0.422618391311407
par.C_3P1 = -0.725409100767939
par.C_3P2 = -0.632386897996380
par.Ct_1S0nn = -0.147577820874435
par.c_D = 0.387870303507257
par.c_E = -1.38282642850520
par.c1 = -0.440341907840441E-01
par.c2 = 4.21049846922941
par.c3 = -3.44815360404506
par.c4 = 3.27350750528222
par.d1+d2 = 4.94387022020864
par.d3 = -4.60943750216248
par.d5 = -0.163063557406340
par.d14-d15 = -9.94220726584033
par.e14 = 0.606865431996310E-01
par.e15 = -11.2718682266516
par.e16 = 3.82501567450844
par.e17 = 1.14160588981624
par.e18 = 2.12076572520786
par.Ct_1S0np = -0.147448921762864
par.Ct_1S0pp = -0.146430800289907
par.C_1S0 = 2.46102992595768
par.Ct_3S1 = -0.155399891454467
par.C_3S1 = 0.562579895742128
par.C_3S1-3D1 = 0.502376528753636
par.C_3P0 = 1.38184635447148
par.C_1P1 = 0.422642574015614
par.C_3P1 = -0.725394798184013
par.C_3P2 = -0.632381806535838
par.Ct_1S0nn = -0.147577762272595
par.c_D = 0.387842737425589
par.c_E = -1.38281635745239
par.c1 = -0.440062898938297E-01
par.c2 = 4.21059221503172
par.c3 = -3.44813828632681
par.c4 = 3.27364638081410
par.d1+d2 = 4.94394046107038
par.d3 = -4.60946753991978
par.d5 = -0.163084352588297
par.d14-d15 = -9.94224654981816
par.e14 = 0.608325963138050E-01
par.e15 = -11.2721662532997
par.e16 = 3.82481896948218
par.e17 = 1.14117880320852
par.e18 = 2.12047499587260
