3.942477633197165149e-06 3.939925513781463146e-06 9.054861990962667054e-05 3.921797459004559234e-06 9.058157504503945080e-05 2.195587312096696777e-06 -5.878862210884172292e-05 -5.754125445692069341e-05 -6.038461872435122314e-05 -5.904645512701951727e-05 3.923173465945020862e-06 8.596853007067176437e-05 -9.121058248543730738e-06 5.852219622399940915e-04 2.052586988856502231e-03 -2.583188129758680514e-04 1.781410303501076276e-05 7.931222742459628804e-05 -1.339112496022177321e-04 4.291542635493759310e-05 -6.890131875571429781e-05 -6.516306459753828245e-05 3.210524716958096814e-03 -7.975877398718137640e-03 3.862494814705124064e-04 -3.377964296792622390e-04 1.445759684607797877e-06 1.275760859731393352e-11 -1.121211378893521270e-05 -2.419821743081041037e-06 -2.408670291597986763e-09 -5.792823273345405505e-05 1.881615023397215583e-09 -5.818091243094308155e-08 -6.518954715779155878e-08 -1.403999584353483365e-06 -1.401063987844111383e-08 6.421227083691531165e-07 -1.682410433519732664e-07 6.922604149070657713e-07 3.446902211954556112e-10 -1.025900326795300401e-04 -6.379659718318001026e-07 2.109091632512933757e-07 -9.554171583294176534e-07 4.457946806001768479e-06 -8.152676632300515678e-07 -3.975076856656249458e-05 -1.596176871363473188e-06 1.515091944471425617e-06 3.029517984595470916e-07 1.416276674909896366e-05
3.939925513781463146e-06 3.938779551205771754e-06 9.062144522899509558e-05 3.925189941890312052e-06 9.059039290748517777e-05 2.227492592228479172e-06 -5.879108732395308838e-05 -5.751540435015734128e-05 -6.037313608280480743e-05 -5.904224781386388634e-05 3.921942069249626241e-06 8.586764603146585450e-05 -9.173902053597428525e-06 5.852053035077225268e-04 2.052583845751678945e-03 -2.583614001985592708e-04 1.824789213651715732e-05 7.955211627104478056e-05 -1.340332795536711553e-04 4.285450157855261768e-05 -6.908837677524469771e-05 -6.534873621228393776e-05 3.211105723526494916e-03 -7.976144132284552352e-03 3.864092931937865164e-04 -3.399022726135420914e-04 1.440803045572805996e-06 1.015928373773578448e-11 -1.094394270090185445e-05 -1.727074041033120802e-06 -2.516028986608283928e-09 -5.941344480416434865e-05 1.752191425145770901e-09 -6.169496619176051020e-08 -6.471485481509777416e-08 -1.278777498736695732e-06 -1.397366937004587138e-08 6.404919419912887329e-07 -1.685908535145277552e-07 6.937743114224820535e-07 3.453425042560948246e-10 -1.025494655375956254e-04 -6.378416677619580281e-07 2.066449676160788209e-07 -9.296754456664869659e-07 5.514175865330382326e-07 -8.294551342998604047e-07 -3.959597987140322449e-05 -1.564671747352259965e-06 1.514961618417858718e-06 3.032166086362181087e-07 1.416212359239869961e-05
9.054861990962667054e-05 9.062144522899509558e-05 2.192776301280905185e-03 9.191029630260942097e-05 2.180243621507992318e-03 1.154746782010856494e-04 -1.340303813397087686e-03 -1.291264206640138894e-03 -1.410453984976987657e-03 -1.373767951405307098e-03 9.021188302989285271e-05 1.868016781976083616e-03 -2.730249368592038424e-04 1.356575946786598395e-02 4.772439715615865719e-02 -6.119534802432664844e-03 1.091702178029510572e-03 2.231728842201782803e-03 -3.318213036851304538e-03 9.039300135177411261e-04 -1.910035347248802660e-03 -1.794303927671292778e-03 7.576340157441374679e-02 -1.859853373328026194e-01 9.255728869148967600e-03 -1.116143632342708227e-02 1.373569079722416475e-05 -3.023941813559914249e-10 -1.829376041641251553e-04 -5.174746929556995890e-05 -1.760942994932882859e-08 -2.666207605415224328e-03 3.882607604148558674e-08 -1.412647953803669969e-06 -1.357738107106756429e-06 5.016342436968823507e-05 -3.103940964518183830e-07 1.424039883343236750e-05 -4.215903964204142701e-06 1.737963319895504823e-05 8.622390518538874246e-09 -2.458088882414042643e-03 -1.720414245959073107e-05 3.419745958570327303e-07 -3.201372471884175497e-06 -6.631286308748175805e-05 -7.835526346819889193e-07 -8.397839583018656831e-04 -1.511637769864867394e-05 3.510122926848389908e-05 7.475868915743660062e-06 3.282267061197156888e-04
3.921797459004559234e-06 3.925189941890312052e-06 9.191029630260942097e-05 5.042610143318862863e-06 8.545325542014444982e-05 -4.720400885074194452e-06 -5.901576293777753275e-05 -6.403303302470414818e-05 -6.009794195296402420e-05 -5.992211020128449905e-05 3.903216119360989227e-06 9.062526990529960139e-05 -8.491778331773100540e-06 5.834471222043428494e-04 2.053508032293303344e-03 -2.641413912363332244e-04 1.628017869962674797e-05 8.011780101690259325e-05 -1.352795894571976831e-04 4.329736160022997908e-05 -7.025752000593912144e-05 -6.314927893631412485e-05 3.235322225636774567e-03 -7.991601621128191502e-03 3.889664980710214135e-04 -3.327141417249783375e-04 9.960392987289196144e-07 -1.556658249693512046e-11 -1.134752427204435503e-05 -1.443431325304589619e-05 1.100937047888823004e-08 -1.675703263085388881e-04 9.813800028960155898e-09 -2.833515257348375365e-07 7.189591306354081126e-07 5.441587634336645827e-05 -1.090322065766396746e-08 5.085990663483050184e-07 -1.916378603246242192e-07 7.951875223346449030e-07 3.911823763094928978e-10 -9.918316393032577775e-05 -3.589387242793900989e-07 1.185998570995017021e-07 -5.719257736712513555e-07 -9.002906792735226177e-06 -5.552729237238507826e-07 -4.849587892473682669e-05 -1.330513996121967408e-06 1.525592263893874976e-06 3.043850375907518372e-07 1.415877952718658593e-05
9.058157504503945080e-05 9.059039290748517777e-05 2.180243621507992318e-03 8.545325542014444982e-05 2.214078357270328739e-03 1.522622282957879409e-04 -1.333828728080751515e-03 -1.251096192347204506e-03 -1.409486333956532726e-03 -1.366258924372649791e-03 9.021232215640911662e-05 1.847382977648366837e-03 -2.829992418426643085e-04 1.355076373867526718e-02 4.763370464018184397e-02 -6.077658610200048148e-03 1.114097215080054335e-03 2.231975762168087081e-03 -3.309084902275863296e-03 8.979633343533705058e-04 -1.905863804471675301e-03 -1.809082621542856730e-03 7.551062778595458991e-02 -1.855743876717910745e-01 9.229825205893727944e-03 -1.124647488289117446e-02 1.788605705574212402e-05 3.929610820605959400e-11 -1.992986841948432661e-04 6.208984121716044544e-05 -7.220492523924038915e-08 -1.829210159123209785e-03 -4.428891217409829714e-08 1.027956326494410499e-06 -5.079927969861165247e-06 -2.318822764509270240e-04 -3.541488595986235105e-07 1.617049997840535285e-05 -4.259307791785191094e-06 1.749951085979405233e-05 8.757433079133509791e-09 -2.467433874063482396e-03 -1.744026739498866089e-05 1.209396597194102319e-06 -6.714227478932109744e-06 5.251587596466746136e-05 -3.398913353619365552e-06 -8.133498439276744827e-04 -1.862024073552554678e-05 3.497508404428216369e-05 7.464134287175199238e-06 3.276378942963503326e-04
2.195587312096696777e-06 2.227492592228479172e-06 1.154746782010856494e-04 -4.720400885074194452e-06 1.522622282957879409e-04 1.302246389592437155e-04 3.090099490455451223e-06 8.330426706511110183e-05 -5.446631728437028913e-05 -1.419037551888799634e-05 2.275861703849193075e-06 -1.829643822862958048e-04 -6.660930111431216704e-05 4.288691513304065017e-04 1.435256140963393941e-03 -1.235682428272794227e-04 7.922529290053822960e-04 4.496764413485550152e-04 -2.734071699392611561e-04 -8.274279003715791507e-05 -3.389794303760425786e-04 -4.111913957904451099e-04 2.714972507138286618e-03 -5.777340245933824253e-03 4.870297929899516324e-04 -3.970797430087751739e-03 -5.371203846326218754e-06 5.914374495159165250e-10 7.744580631233508429e-05 3.691948048918686665e-05 -1.532086853483333804e-07 -1.145698315841128107e-03 -1.171500951231384477e-08 2.586430749434155813e-07 -6.533979197826961932e-06 -3.605449414210384245e-04 4.436467113081543575e-08 -2.056427992763250609e-06 4.875750388442924539e-07 -2.004393535742805307e-06 -1.069549734888353418e-09 -1.168380255181542351e-04 -8.654726401009567942e-06 -1.770098377435001543e-06 7.349684358727882860e-06 -2.829357043915558265e-05 7.390217209409934351e-06 1.460982813766664289e-04 1.043843941247007460e-05 6.146281416028087035e-07 6.373200348009969808e-07 9.073824419841201139e-06
-5.878862210884172292e-05 -5.879108732395308838e-05 -1.340303813397087686e-03 -5.901576293777753275e-05 -1.333828728080751515e-03 3.090099490455451223e-06 9.484207849119800872e-04 8.896521721927483405e-04 8.851406889583835879e-04 8.939270659834012327e-04 -5.850546445889779777e-05 -1.383945915959398096e-03 1.237400182933361971e-04 -8.713425842483749767e-03 -3.061464141749222975e-02 3.896326723786762598e-03 3.528670550902456059e-05 -1.036731683267624058e-03 1.934294632320795364e-03 -6.841453136384504329e-04 9.227130562257036990e-04 8.257326951979717007e-04 -4.779711142825843889e-02 1.189321693612010317e-01 -5.688624171859222797e-03 3.605043630500905441e-03 -1.885181787157136756e-05 2.974850403041203599e-09 2.218173872372249729e-04 1.086481336762750872e-05 2.656238139345645181e-07 6.296320705541683885e-05 -1.164390844912500637e-08 4.157190093598667896e-07 4.072775876379627826e-08 -3.916441500839137413e-06 2.534362488085634306e-07 -1.159920644269937998e-05 2.935082633951159624e-06 -1.206108365503409744e-05 -6.058726494571235503e-09 1.555887790235418056e-03 6.212926333716338272e-06 -2.867595767956094659e-06 1.301469903387987779e-05 -2.661914329017518667e-05 1.093180987266349394e-05 6.282905137388450746e-04 2.280622886205296428e-05 -2.280376999532275322e-05 -4.362539622828052738e-06 -2.115139847836469418e-04
-5.754125445692069341e-05 -5.751540435015734128e-05 -1.291264206640138894e-03 -6.403303302470414818e-05 -1.251096192347204506e-03 8.330426706511110183e-05 8.896521721927483405e-04 1.137174100562538242e-03 8.739636813224633529e-04 8.986614177546872143e-04 -5.720583372413897387e-05 -1.489054518745870984e-03 9.417042395671112879e-05 -8.446043730274207725e-03 -2.982104206923233414e-02 3.912541711239773956e-03 4.284024498507546107e-04 -8.351416845932342799e-04 1.819602691320775607e-03 -7.255915559284994553e-04 7.818781950944911916e-04 5.987200424509078744e-04 -4.670432678882305289e-02 1.159461452055686598e-01 -5.478508042584751686e-03 1.658486450780694704e-03 -2.149906483122775332e-05 3.987905155669345412e-11 2.952854704358761294e-04 7.394747900945359133e-05 -2.192741640867395037e-07 3.729847967212595282e-03 -5.442683963972111052e-08 1.732707358151775341e-06 -4.871647554342633720e-06 -3.115504937622087019e-04 2.448408621405235775e-07 -1.127844322856307700e-05 3.179643186853476088e-06 -1.310645148236216987e-05 -6.558534952325921889e-09 1.486323551849987696e-03 1.453600900695846277e-06 -3.841542553430101384e-06 1.699700685366651269e-05 5.801296370077057814e-05 1.670710171145139958e-05 7.673686911690314480e-04 3.002013578108226726e-05 -2.257866660419953969e-05 -4.068247961080297121e-06 -2.062608393455634239e-04
-6.038461872435122314e-05 -6.037313608280480743e-05 -1.410453984976987657e-03 -6.009794195296402420e-05 -1.409486333956532726e-03 -5.446631728437028913e-05 8.851406889583835879e-04 8.739636813224633529e-04 9.657512456397787442e-04 9.069689923040170259e-04 -6.012123203241746588e-05 -1.276279127990269380e-03 1.573756739380250053e-04 -8.985980136705214172e-03 -3.154551662953390678e-02 3.992211255810858457e-03 -4.537012199771996352e-04 -1.319675858126841041e-03 2.110032564979796420e-03 -6.344209900221744981e-04 1.138030335844686641e-03 1.077485347390006072e-03 -4.960345014987451590e-02 1.227040559905517997e-01 -6.004986163554583423e-03 6.066757381374306146e-03 -1.834303881436620786e-05 -1.691819072114914141e-09 2.652467708035911084e-04 3.737651391586914570e-05 5.444612939056943446e-08 1.866601830437662497e-03 -3.760589851298089418e-08 1.304633697255981953e-06 1.495110443215265765e-06 3.033010144724755067e-05 1.964557369865189888e-07 -9.018945273293788682e-06 2.507980478443899556e-06 -1.033418677282947138e-05 -5.117327286674886834e-09 1.588556996009003438e-03 1.117593528630751563e-05 -2.505222863911934933e-06 1.169301462584380968e-05 1.458901917465242785e-05 1.044879082554235084e-05 5.941864145380885542e-04 2.113534183870404134e-05 -2.323883155817426822e-05 -4.767655204338759634e-06 -2.173956720656711010e-04
-5.904645512701951727e-05 -5.904224781386388634e-05 -1.373767951405307098e-03 -5.992211020128449905e-05 -1.366258924372649791e-03 -1.419037551888799634e-05 8.939270659834012327e-04 8.986614177546872143e-04 9.069689923040170259e-04 9.043276155733493641e-04 -5.876523189188074229e-05 -1.355112927053645985e-03 1.347651321630657440e-04 -8.760242221203031268e-03 -3.084232627737627450e-02 3.975133263701537654e-03 -1.606303618778975330e-04 -1.161397313375011047e-03 2.012996086028923538e-03 -6.624709945307118717e-04 1.024538414971119284e-03 9.087111019573592026e-04 -4.854949757024267648e-02 1.200109645232280559e-01 -5.819618908129611801e-03 4.596073022365932889e-03 -1.622563848781530022e-05 2.383268169638214048e-10 1.921823696939496044e-04 1.837196170615532491e-05 -5.600804483476277681e-08 6.744045431677536976e-04 -1.570247257603548811e-08 5.793163106667390037e-07 -1.421182027438024420e-07 -3.911571606969896597e-05 2.402367240710604664e-07 -1.100783401441251756e-05 2.938080440889185611e-06 -1.208653582958463874e-05 -6.052105413757532996e-09 1.569511047704923775e-03 7.104808691698150404e-06 -2.198319871042183474e-06 1.027228874254354943e-05 -5.557010319736802793e-06 8.659705630009494135e-06 6.290488347586974940e-04 2.015336923162866522e-05 -2.296405415582534456e-05 -4.526565420616733500e-06 -2.127409020768629953e-04
3.923173465945020862e-06 3.921942069249626241e-06 9.021188302989285271e-05 3.903216119360989227e-06 9.021232215640911662e-05 2.275861703849193075e-06 -5.850546445889779777e-05 -5.720583372413897387e-05 -6.012123203241746588e-05 -5.876523189188074229e-05 4.061899141898494623e-06 8.474774883454456423e-05 -6.446148666717298131e-06 5.826886171208402578e-04 2.043637612451163193e-03 -2.571397343711843389e-04 1.839182740366976273e-05 7.929640964681077052e-05 -1.334770424612081432e-04 4.263342840286190119e-05 -6.884367052861274129e-05 -6.518739038295650896e-05 3.196900715964147259e-03 -7.941259663510367300e-03 3.847451813568807154e-04 -3.394605719448939851e-04 1.446450304667704614e-06 1.180706293768041146e-11 -1.095079589292079614e-05 -1.724563241289954555e-06 -2.586843430772850883e-09 -5.976461269598139898e-05 1.812097996126985029e-09 -6.229718975089644411e-08 -6.913449546496678313e-08 -1.554860098363386689e-06 9.027327513456064682e-06 9.368929149287027022e-07 -4.494568336672041490e-06 2.025812848365828409e-07 1.816048018719179911e-09 -1.067698846828175706e-04 -8.929424294292066530e-07 2.080590351479365989e-07 -9.348828304624570265e-07 5.709616718977576198e-07 -8.360777885853169481e-07 3.116359732638391980e-04 4.492427459480123839e-06 1.508104505334271965e-06 3.019866692070472049e-07 1.410032970969210681e-05
8.596853007067176437e-05 8.586764603146585450e-05 1.868016781976083616e-03 9.062526990529960139e-05 1.847382977648366837e-03 -1.829643822862958048e-04 -1.383945915959398096e-03 -1.489054518745870984e-03 -1.276279127990269380e-03 -1.355112927053645985e-03 8.474774883454456423e-05 3.039347764162595583e-03 -5.474843150212702373e-05 1.254349726234181041e-02 4.430674690906787061e-02 -5.829689693599120724e-03 -1.369687812275198133e-03 8.599017775830504039e-04 -2.523442220665090673e-03 1.183137556562040065e-03 -8.756785451463826395e-04 -5.545182861097248256e-04 6.878842720541522571e-02 -1.719961752351955309e-01 7.916056051757505707e-03 1.061508921891888418e-03 3.516113573134607527e-05 -2.028887428084441130e-09 -4.503461049937955733e-04 6.915455991302680010e-05 2.743176844350573507e-07 2.835020329061674772e-03 -6.877733255370201739e-08 2.106442442020780126e-06 6.832698860819532672e-06 2.943702548175666399e-04 -1.948128855269286037e-05 2.644965872509083527e-05 2.438814521055268286e-05 2.872830698250411420e-05 -2.708391539738582674e-05 -2.187826624376287572e-03 1.234038130593991762e-05 6.877726601383730976e-06 -3.040836952476472769e-05 1.822751204874856288e-04 -2.665579696081526816e-05 -2.589734446805166436e-03 -7.468710230930922971e-05 3.390536195749316100e-05 5.630206993883120111e-06 3.073121107178417022e-04
-9.121058248543730738e-06 -9.173902053597428525e-06 -2.730249368592038424e-04 -8.491778331773100540e-06 -2.829992418426643085e-04 -6.660930111431216704e-05 1.237400182933361971e-04 9.417042395671112879e-05 1.573756739380250053e-04 1.347651321630657440e-04 -6.446148666717298131e-06 -5.474843150212702373e-05 2.187935850484005714e-04 -1.433894224558638188e-03 -5.052203842066745228e-03 6.527510379457733937e-04 -5.924124693069353874e-04 -4.883471634982287143e-04 4.730440583233273344e-04 -2.773963319748359521e-05 3.935497500134627221e-04 4.041321581364528521e-04 -8.480762350249991532e-03 1.990052342631446966e-02 -1.133652291156072092e-03 3.480571952751554746e-03 6.270432736160992467e-06 1.109063536882441414e-10 -6.885117639669814681e-06 -4.933067382729721984e-05 7.208011192666354683e-08 1.258798964010475387e-03 9.560878748907078959e-08 -7.476268601711375774e-07 9.466721300512012259e-07 1.085271866717017774e-05 -1.369449921936415783e-06 -8.906099419066706239e-06 -2.215167374792979512e-04 -2.672108677628395694e-05 -2.250369161125347668e-06 -5.401820473991814217e-04 -1.656363692504367568e-05 1.737221718962855252e-06 -6.680448836070220872e-06 8.912627934087387794e-05 -6.280969401274884159e-06 6.071684054340356802e-03 9.740637729812538217e-05 -3.507542498932964952e-06 -1.066814814290945495e-06 -3.415430853701852381e-05
5.852219622399940915e-04 5.852053035077225268e-04 1.356575946786598395e-02 5.834471222043428494e-04 1.355076373867526718e-02 4.288691513304065017e-04 -8.713425842483749767e-03 -8.446043730274207725e-03 -8.985980136705214172e-03 -8.760242221203031268e-03 5.826886171208402578e-04 1.254349726234181041e-02 -1.433894224558638188e-03 8.710680497951914236e-02 3.054813406240385887e-01 -3.841530939075968321e-02 3.600768231362150643e-03 1.229490771747301925e-02 -2.016042876770058126e-02 6.250695686324386768e-03 -1.062204891958610023e-02 -1.013386498148986792e-02 4.785596661453075940e-01 -1.187362910164384777e+00 5.776988589726779477e-02 -5.483624310386807366e-02 1.927740211039565758e-04 6.684245494651374228e-10 -1.416747248462595001e-03 -2.875906177532370220e-04 -5.075593382320204370e-07 -1.019263077793147385e-02 2.754028457966176932e-07 -9.720928252180360379e-06 -1.118864029136407980e-05 -1.945707965890727288e-04 -2.025422154749569756e-06 9.285518812105380052e-05 -2.496396632805638954e-05 1.027753303061873947e-04 5.107091734273503197e-08 -1.530773232375118482e-02 -1.007553833678320071e-04 2.584266283299489249e-05 -1.195152970300845935e-04 -2.934271558629413630e-05 -1.040818893930363592e-04 -5.726619317425348660e-03 -2.090624142311504506e-04 2.250093992730652396e-04 4.562088876268817386e-05 2.106713538365774345e-03
2.052586988856502231e-03 2.052583845751678945e-03 4.772439715615865719e-02 2.053508032293303344e-03 4.763370464018184397e-02 1.435256140963393941e-03 -3.061464141749222975e-02 -2.982104206923233414e-02 -3.154551662953390678e-02 -3.084232627737627450e-02 2.043637612451163193e-03 4.430674690906787061e-02 -5.052203842066745228e-03 3.054813406240385887e-01 1.087300886586134885e+00 -1.354304618067606880e-01 1.241826189135607217e-02 4.051567105386551237e-02 -6.345535375114377818e-02 1.874621922219574244e-02 -3.898335949158163172e-02 2.557643538494518143e-02 1.569090546244904072e+00 -4.193708645098997323e+00 1.345827459999489606e-01 -1.492195983843427887e-01 6.424426301848805291e-04 7.220947485782469260e-10 -5.214798331036124383e-03 -9.682754360235695671e-04 -1.220973238876471313e-06 -3.579355302660847810e-02 9.056663097199588815e-07 -3.212249769320351864e-05 -3.271134434138172844e-05 -2.917343067007503905e-04 -7.260768996654043885e-06 3.328576075553081343e-04 -8.987518002409569022e-05 3.699966200898130875e-04 1.840530362836812456e-07 -5.391683531297440657e-02 -3.416547273916750965e-04 8.442838972527699196e-05 -3.927084362801383944e-04 -1.311809251085500688e-04 -3.385665831963227744e-04 -2.027434818762378216e-02 -7.087742287131916291e-04 7.021475797924499156e-04 1.703677257144877886e-04 8.764365507893943572e-03
-2.583188129758680514e-04 -2.583614001985592708e-04 -6.119534802432664844e-03 -2.641413912363332244e-04 -6.077658610200048148e-03 -1.235682428272794227e-04 3.896326723786762598e-03 3.912541711239773956e-03 3.992211255810858457e-03 3.975133263701537654e-03 -2.571397343711843389e-04 -5.829689693599120724e-03 6.527510379457733937e-04 -3.841530939075968321e-02 -1.354304618067606880e-01 1.759722841341399696e-02 -1.376211632635229807e-03 -5.491899852650222735e-03 9.050732809252417382e-03 -2.816724907207743440e-03 4.813967967929365724e-03 4.259622229534765561e-03 -2.144185121103492353e-01 5.275763048231740804e-01 -2.584257879659880575e-02 2.346811162716886529e-02 -5.416904488682529095e-05 1.213883790080060411e-09 8.542546797573760762e-04 8.918725592928809581e-05 -2.941048604769585555e-07 4.501885078151348848e-03 -6.557988055678871404e-08 2.457982498308816619e-06 -1.130827087861704765e-06 -2.753825806279330628e-04 1.040273242617573990e-06 -4.768031736140394540e-05 1.316790696099094343e-05 -5.419720208244154284e-05 -2.711355838306511674e-08 6.965643966446769496e-03 3.349560287442422121e-05 -5.724203592697609220e-06 2.852704826899803432e-05 3.770639751909623432e-05 2.169830127541568811e-05 2.704833277100854652e-03 6.995181152592430879e-05 -1.007595714579222445e-04 -2.031559400823258022e-05 -9.330345152404149068e-04
1.781410303501076276e-05 1.824789213651715732e-05 1.091702178029510572e-03 1.628017869962674797e-05 1.114097215080054335e-03 7.922529290053822960e-04 3.528670550902456059e-05 4.284024498507546107e-04 -4.537012199771996352e-04 -1.606303618778975330e-04 1.839182740366976273e-05 -1.369687812275198133e-03 -5.924124693069353874e-04 3.600768231362150643e-03 1.241826189135607217e-02 -1.376211632635229807e-03 7.097771820777527656e-03 4.103542470192763150e-03 -2.518225846550383416e-03 -7.429311178938811325e-04 -3.133908820402540960e-03 -3.595012358190439409e-03 2.504753206322022502e-02 -5.077794514705815526e-02 4.454148186595275477e-03 -3.564501308685308345e-02 -7.059850997277557411e-05 3.879227564853520233e-09 6.655927506103596816e-04 -1.700827321501549583e-04 -5.834720586542019499e-07 -1.486111311725243564e-02 1.228355628804530308e-07 -4.364909990666459444e-06 -1.385372366722619465e-05 -1.238288349745174594e-04 4.396360526002091447e-07 -1.999595639035546505e-05 2.178128903148903178e-06 -8.680482284294774081e-06 -5.001377882368803342e-09 -8.435019948863171826e-04 -5.652391966762403168e-05 -2.047774533455236115e-05 8.529085942964780096e-05 -5.203362702858600319e-04 8.347213652596614038e-05 7.684874825975229144e-04 1.049509604143636685e-04 5.698572540792076473e-06 5.771043823281838921e-06 7.755517776732222344e-05
7.931222742459628804e-05 7.955211627104478056e-05 2.231728842201782803e-03 8.011780101690259325e-05 2.231975762168087081e-03 4.496764413485550152e-04 -1.036731683267624058e-03 -8.351416845932342799e-04 -1.319675858126841041e-03 -1.161397313375011047e-03 7.929640964681077052e-05 8.599017775830504039e-04 -4.883471634982287143e-04 1.229490771747301925e-02 4.051567105386551237e-02 -5.491899852650222735e-03 4.103542470192763150e-03 8.817474884933788198e-03 -1.044423537568232516e-02 1.505794857282435114e-03 -2.039642968141699552e-03 -1.720027704317335371e-02 9.455324960846504811e-02 -1.653851186813254937e-01 -1.454600878552168852e-03 -6.796532655043974018e-03 -2.261996125285443591e-05 1.702919265837305595e-09 1.174333044164450261e-04 -1.133768269765295935e-04 -2.243709260271303734e-07 -9.033058603701455205e-03 8.204374254710155233e-08 -2.950789854810062098e-06 -6.945528054014088009e-06 1.139896045163101609e-05 -5.130009561045412049e-08 2.432499974882323002e-06 -2.431782593252138009e-06 1.015833048122765846e-05 4.736418156933504302e-09 -2.330741496685005080e-03 -3.873122805670671049e-05 -9.247928130353686422e-06 3.725240938280439804e-05 -2.839388029589806281e-04 3.814523507217057257e-05 -3.292700179768684714e-04 3.636293371583905053e-05 8.520184196768841329e-05 -1.877935071524199496e-05 1.735032400897721554e-05
-1.339112496022177321e-04 -1.340332795536711553e-04 -3.318213036851304538e-03 -1.352795894571976831e-04 -3.309084902275863296e-03 -2.734071699392611561e-04 1.934294632320795364e-03 1.819602691320775607e-03 2.110032564979796420e-03 2.012996086028923538e-03 -1.334770424612081432e-04 -2.523442220665090673e-03 4.730440583233273344e-04 -2.016042876770058126e-02 -6.345535375114377818e-02 9.050732809252417382e-03 -2.518225846550383416e-03 -1.044423537568232516e-02 5.000975596960145764e-02 -2.819905215199960957e-02 8.334670887696748326e-03 4.127112376730641269e-02 -1.785259116599771656e-01 2.656987339355054711e-01 -6.260823937396127470e-02 4.276494860784993413e-02 -1.475857910067098607e-05 -6.361898116524200738e-10 2.197484004191200321e-04 9.424504880058411451e-05 9.101808650836726700e-08 6.005419327986023445e-03 -7.369931587481914331e-08 2.655296894275480707e-06 3.997011187339367185e-06 -4.318808115269911064e-05 3.845006261622228266e-07 -1.766399658443862679e-05 5.669475962989708380e-06 -2.340862860713497631e-05 -1.151774120318128488e-08 3.665893557237295299e-03 3.297639916390303913e-05 1.300933821851131614e-06 -2.972950036735031237e-06 1.458554152587717236e-04 -5.932218140481627044e-06 1.130015412355141625e-03 1.248504948676240847e-05 -7.789429483681851139e-04 2.482661286916216744e-05 1.220752355571949133e-03
4.291542635493759310e-05 4.285450157855261768e-05 9.039300135177411261e-04 4.329736160022997908e-05 8.979633343533705058e-04 -8.274279003715791507e-05 -6.841453136384504329e-04 -7.255915559284994553e-04 -6.344209900221744981e-04 -6.624709945307118717e-04 4.263342840286190119e-05 1.183137556562040065e-03 -2.773963319748359521e-05 6.250695686324386768e-03 1.874621922219574244e-02 -2.816724907207743440e-03 -7.429311178938811325e-04 1.505794857282435114e-03 -2.819905215199960957e-02 1.900560241859071062e-02 -3.625155990661989638e-03 -1.440197824905262852e-02 5.727545091698291874e-02 -7.801155518631713859e-02 3.958100847547467438e-02 -2.312886420638173707e-02 2.364047819385635629e-05 -5.704084439239013009e-10 -2.154589826489478575e-04 3.653148289236132410e-06 6.744200224516789960e-08 1.328960140348864599e-03 1.312496590475953185e-09 -4.868737290246806796e-08 1.384417237333248160e-06 1.901313718732379997e-05 -2.267276767718351684e-07 1.037109913728244170e-05 -2.347808404703309441e-06 9.624225336672332095e-06 4.888908561340323368e-09 -1.078175883501302076e-03 7.402271791197286786e-07 4.670862634637699994e-06 -2.035169571480287777e-05 7.084978707432480836e-05 -1.889259730892206836e-05 -5.625562772055805105e-04 -3.019948734631753393e-05 5.152526793218522487e-04 -1.235682104064791254e-05 -8.111450585993811935e-04
-6.890131875571429781e-05 -6.908837677524469771e-05 -1.910035347248802660e-03 -7.025752000593912144e-05 -1.905863804471675301e-03 -3.389794303760425786e-04 9.227130562257036990e-04 7.818781950944911916e-04 1.138030335844686641e-03 1.024538414971119284e-03 -6.884367052861274129e-05 -8.756785451463826395e-04 3.935497500134627221e-04 -1.062204891958610023e-02 -3.898335949158163172e-02 4.813967967929365724e-03 -3.133908820402540960e-03 -2.039642968141699552e-03 8.334670887696748326e-03 -3.625155990661989638e-03 7.284183089266665911e-02 -2.931294708163931229e-03 -4.901364146503164876e-02 1.471507812484255939e-01 -1.644553943323306677e-01 1.821289313876409133e-01 1.779911272485359445e-05 -1.121568223134725025e-09 -4.045618564673281615e-05 8.571666924433296976e-05 1.167508678206047037e-07 6.988413545715594852e-03 -5.969436364745774243e-08 2.165329016377455727e-06 4.713149191828252597e-06 -4.798124277448383894e-05 8.676164572890721700e-08 -4.037312990707652173e-06 2.471128051350214398e-06 -1.028287259102498032e-05 -4.895478564657300987e-09 2.020486329745457658e-03 2.954520522066572674e-05 7.267902944461488110e-06 -2.919836261236744728e-05 2.181288847724633523e-04 -3.011053048122235620e-05 3.569698003304641772e-04 -2.694034002143347380e-05 -5.246849308151622319e-06 -1.932418533529093067e-04 -1.131631772665916513e-04
-6.516306459753828245e-05 -6.534873621228393776e-05 -1.794303927671292778e-03 -6.314927893631412485e-05 -1.809082621542856730e-03 -4.111913957904451099e-04 8.257326951979717007e-04 5.987200424509078744e-04 1.077485347390006072e-03 9.087111019573592026e-04 -6.518739038295650896e-05 -5.545182861097248256e-04 4.041321581364528521e-04 -1.013386498148986792e-02 2.557643538494518143e-02 4.259622229534765561e-03 -3.595012358190439409e-03 -1.720027704317335371e-02 4.127112376730641269e-02 -1.440197824905262852e-02 -2.931294708163931229e-03 7.931747082449916997e-01 -1.629044662842231483e+00 5.791333916237908497e-01 -5.986196945530843916e-01 3.795447626739711366e-01 7.708719392051369612e-06 -2.079878244599903901e-09 -2.021894435026013685e-04 1.114645319248852443e-04 4.031405933941180537e-07 7.708069429899129868e-03 -9.209671840629649583e-08 3.239051231797581736e-06 8.405048877261462291e-06 1.376902862395366759e-04 -2.634713578662346170e-08 1.134105383071904219e-06 1.079095164511598796e-06 -4.574624357339958738e-06 -1.930831822826930980e-09 1.838773536363779923e-03 3.727618921340298901e-05 5.741899420659964072e-06 -2.265898682607509168e-05 2.336357038577625421e-04 -2.334073125498316477e-05 1.809515205912519062e-04 -2.313119299122301130e-05 -2.143182614156693478e-04 -3.126635405172882879e-04 5.056476985238415878e-03
3.210524716958096814e-03 3.211105723526494916e-03 7.576340157441374679e-02 3.235322225636774567e-03 7.551062778595458991e-02 2.714972507138286618e-03 -4.779711142825843889e-02 -4.670432678882305289e-02 -4.960345014987451590e-02 -4.854949757024267648e-02 3.196900715964147259e-03 6.878842720541522571e-02 -8.480762350249991532e-03 4.785596661453075940e-01 1.569090546244904072e+00 -2.144185121103492353e-01 2.504753206322022502e-02 9.455324960846504811e-02 -1.785259116599771656e-01 5.727545091698291874e-02 -4.901364146503164876e-02 -1.629044662842231483e+00 5.802327556415121990e+00 -7.488162489181310555e+00 1.561986278512463411e+00 -1.106911985055759606e+00 8.189069694978930950e-04 -9.704393090533817844e-10 -8.361859827780114551e-03 -1.521488820950576927e-03 -4.930480533470895536e-07 -6.936707669230585127e-02 1.312286137625255710e-06 -4.712509662918380786e-05 -4.087248314011480667e-05 7.870465842290089338e-04 -1.144338836895997605e-05 5.247084008526476566e-04 -1.459169030162204509e-04 6.009188263644866948e-04 2.989613155517181699e-07 -8.546126169801056272e-02 -5.424396447035200906e-04 9.125529841531629491e-05 -4.418857385549936263e-04 -7.751124033923161884e-04 -3.592420718657124510e-04 -3.150808174143499008e-02 -9.227884360260700828e-04 1.434643841279688260e-03 9.376609092070224867e-04 2.059962471156773136e-03
-7.975877398718137640e-03 -7.976144132284552352e-03 -1.859853373328026194e-01 -7.991601621128191502e-03 -1.855743876717910745e-01 -5.777340245933824253e-03 1.189321693612010317e-01 1.159461452055686598e-01 1.227040559905517997e-01 1.200109645232280559e-01 -7.941259663510367300e-03 -1.719961752351955309e-01 1.990052342631446966e-02 -1.187362910164384777e+00 -4.193708645098997323e+00 5.275763048231740804e-01 -5.077794514705815526e-02 -1.653851186813254937e-01 2.656987339355054711e-01 -7.801155518631713859e-02 1.471507812484255939e-01 5.791333916237908497e-01 -7.488162489181310555e+00 1.681132423480702442e+01 -1.059318182685614840e+00 9.430988400447863906e-01 -2.404501872544886031e-03 -1.510659185213459976e-09 2.040816789093836958e-02 3.757292862302239345e-03 3.981645117987287413e-06 1.452031497560402062e-01 -3.459090309508709296e-06 1.229875596471650566e-04 1.210549235647611911e-04 4.849468943350532680e-04 2.828573176618853885e-05 -1.296757237595946334e-03 3.521526749013930173e-04 -1.449829325752814832e-03 -7.212669957266568642e-07 2.100703769988521707e-01 1.328829597835278148e-03 -3.081540320534647453e-04 1.441795955011805153e-03 7.757771883335009850e-04 1.232342892783712179e-03 7.872762379756842455e-02 2.664219813085701421e-03 -2.655714289773631730e-03 -1.027168329243600227e-03 -3.164333059712787916e-02
3.862494814705124064e-04 3.864092931937865164e-04 9.255728869148967600e-03 3.889664980710214135e-04 9.229825205893727944e-03 4.870297929899516324e-04 -5.688624171859222797e-03 -5.478508042584751686e-03 -6.004986163554583423e-03 -5.819618908129611801e-03 3.847451813568807154e-04 7.916056051757505707e-03 -1.133652291156072092e-03 5.776988589726779477e-02 1.345827459999489606e-01 -2.584257879659880575e-02 4.454148186595275477e-03 -1.454600878552168852e-03 -6.260823937396127470e-02 3.958100847547467438e-02 -1.644553943323306677e-01 -5.986196945530843916e-01 1.561986278512463411e+00 -1.059318182685614840e+00 3.140870361321976389e+00 -2.719887201259997056e+00 8.255875794855761373e-05 6.706072976943527335e-10 -8.611018529629641156e-04 -2.161132706099876881e-04 -1.734649194087328064e-07 -1.134795124928374317e-02 1.811639091311407719e-07 -6.498298077172073698e-06 -7.669798809622310922e-06 7.249420732259674030e-05 -1.274146138402696064e-06 5.845639700028194342e-05 -1.696130711649604844e-05 6.991034836413770738e-05 3.464142172113872237e-08 -1.036075043478743712e-02 -7.622536613747684633e-05 6.557165749684429551e-06 -3.466833335725338265e-05 -2.005852913079923816e-04 -2.519783840402449232e-05 -3.597150667820506707e-03 -8.791631861155749629e-05 5.586647718132236326e-04 -7.242421854463305421e-04 -3.537857853144287142e-03
-3.377964296792622390e-04 -3.399022726135420914e-04 -1.116143632342708227e-02 -3.327141417249783375e-04 -1.124647488289117446e-02 -3.970797430087751739e-03 3.605043630500905441e-03 1.658486450780694704e-03 6.066757381374306146e-03 4.596073022365932889e-03 -3.394605719448939851e-04 1.061508921891888418e-03 3.480571952751554746e-03 -5.483624310386807366e-02 -1.492195983843427887e-01 2.346811162716886529e-02 -3.564501308685308345e-02 -6.796532655043974018e-03 4.276494860784993413e-02 -2.312886420638173707e-02 1.821289313876409133e-01 3.795447626739711366e-01 -1.106911985055759606e+00 9.430988400447863906e-01 -2.719887201259997056e+00 2.627324071710600339e+00 2.714869734018662004e-04 -1.827450398073702544e-08 -2.490082689205646779e-03 9.256507007548186224e-04 2.788511423129205241e-06 7.598385327885998075e-02 -6.843126801940747285e-07 2.436137188052248960e-05 6.873606723645751815e-05 5.123449269556199816e-04 -1.177885359196714211e-06 5.323857888296635015e-05 1.254514301362184207e-06 -6.539558643785839094e-06 -2.031374972341340720e-11 1.075165093609421751e-02 3.105832301105840342e-04 9.016768562473853501e-05 -3.706977320964665841e-04 2.530882840742260456e-03 -3.685886825850085238e-04 -1.154191203411597186e-03 -4.259723761623357570e-04 -3.429194520667034219e-04 8.833538277185983304e-04 5.379339883821660298e-04
1.445759684607797877e-06 1.440803045572805996e-06 1.373569079722416475e-05 9.960392987289196144e-07 1.788605705574212402e-05 -5.371203846326218754e-06 -1.885181787157136756e-05 -2.149906483122775332e-05 -1.834303881436620786e-05 -1.622563848781530022e-05 1.446450304667704614e-06 3.516113573134607527e-05 6.270432736160992467e-06 1.927740211039565758e-04 6.424426301848805291e-04 -5.416904488682529095e-05 -7.059850997277557411e-05 -2.261996125285443591e-05 -1.475857910067098607e-05 2.364047819385635629e-05 1.779911272485359445e-05 7.708719392051369612e-06 8.189069694978930950e-04 -2.404501872544886031e-03 8.255875794855761373e-05 2.714869734018662004e-04 9.097333185999025083e-05 -6.348971363301230785e-13 -1.955794387289950609e-05 3.875406500889053889e-07 -8.539311117336644669e-09 8.517968994820171230e-05 3.504625351180522527e-08 -4.640021779498757519e-08 -1.958532600998303672e-07 -1.985058797282909378e-05 3.166273285968203599e-07 -3.428542536919339077e-09 3.875307854371417054e-07 -3.234330366740213128e-07 -5.464296003639876151e-10 -1.944624973643198029e-05 -4.295962390984792245e-07 8.721097968130303804e-06 -3.283967351170903366e-06 2.311202411670128969e-05 -4.207806360171287811e-06 3.185122586740114802e-05 -4.008421483232125702e-06 4.660994662392752071e-07 4.092336556192970646e-08 4.584150043671234887e-06
1.275760859731393352e-11 1.015928373773578448e-11 -3.023941813559914249e-10 -1.556658249693512046e-11 3.929610820605959400e-11 5.914374495159165250e-10 2.974850403041203599e-09 3.987905155669345412e-11 -1.691819072114914141e-09 2.383268169638214048e-10 1.180706293768041146e-11 -2.028887428084441130e-09 1.109063536882441414e-10 6.684245494651374228e-10 7.220947485782469260e-10 1.213883790080060411e-09 3.879227564853520233e-09 1.702919265837305595e-09 -6.361898116524200738e-10 -5.704084439239013009e-10 -1.121568223134725025e-09 -2.079878244599903901e-09 -9.704393090533817844e-10 -1.510659185213459976e-09 6.706072976943527335e-10 -1.827450398073702544e-08 -6.348971363301230785e-13 1.883029089107580873e-13 -2.798267614793424381e-09 -6.004531270561440380e-10 1.060416293342002089e-11 -3.760978427986768750e-08 6.221885320227211471e-13 -2.599245308686233275e-11 -3.261959210077943027e-11 -1.436085460742992022e-09 9.860659832142194883e-13 -7.415571488615153331e-11 1.784342476442792439e-11 -7.559831881455069004e-11 -3.507497838714811374e-14 1.586224012897312804e-09 -9.055826069869190705e-11 3.303957933407415686e-11 -2.467799712805050261e-10 2.308327270895051266e-11 -2.802330709658753296e-10 -4.681315986393377391e-10 -2.896157335673375553e-10 -3.308746230582873240e-12 1.829211893183533267e-12 3.046629324405086219e-12
-1.121211378893521270e-05 -1.094394270090185445e-05 -1.829376041641251553e-04 -1.134752427204435503e-05 -1.992986841948432661e-04 7.744580631233508429e-05 2.218173872372249729e-04 2.952854704358761294e-04 2.652467708035911084e-04 1.921823696939496044e-04 -1.095079589292079614e-05 -4.503461049937955733e-04 -6.885117639669814681e-06 -1.416747248462595001e-03 -5.214798331036124383e-03 8.542546797573760762e-04 6.655927506103596816e-04 1.174333044164450261e-04 2.197484004191200321e-04 -2.154589826489478575e-04 -4.045618564673281615e-05 -2.021894435026013685e-04 -8.361859827780114551e-03 2.040816789093836958e-02 -8.611018529629641156e-04 -2.490082689205646779e-03 -1.955794387289950609e-05 -2.798267614793424381e-09 9.591538881986866067e-04 -1.688724479181490692e-05 3.707104909401875062e-07 1.800844259602295836e-03 1.272078910499552818e-08 1.131667944757649241e-07 -1.621303083340760619e-06 -4.111859757374581171e-05 1.386617566121858789e-07 -3.329419215447044272e-06 5.155946797846443707e-07 -1.815206999721858927e-06 -6.672601930209999248e-10 2.685774995325461195e-04 -3.029034301747184648e-06 -5.466735131221314635e-06 2.245441811441764988e-05 -1.351604655276916452e-04 2.410631221831634137e-05 3.445567518709000522e-04 3.166481845389128996e-05 -4.488018408690502871e-06 -4.376235088189203377e-07 -3.642567398948583571e-05
-2.419821743081041037e-06 -1.727074041033120802e-06 -5.174746929556995890e-05 -1.443431325304589619e-05 6.208984121716044544e-05 3.691948048918686665e-05 1.086481336762750872e-05 7.394747900945359133e-05 3.737651391586914570e-05 1.837196170615532491e-05 -1.724563241289954555e-06 6.915455991302680010e-05 -4.933067382729721984e-05 -2.875906177532370220e-04 -9.682754360235695671e-04 8.918725592928809581e-05 -1.700827321501549583e-04 -1.133768269765295935e-04 9.424504880058411451e-05 3.653148289236132410e-06 8.571666924433296976e-05 1.114645319248852443e-04 -1.521488820950576927e-03 3.757292862302239345e-03 -2.161132706099876881e-04 9.256507007548186224e-04 3.875406500889053889e-07 -6.004531270561440380e-10 -1.688724479181490692e-05 1.265526458531225033e-03 -2.302558442510991160e-08 3.439701943258946949e-03 1.697044415847753988e-05 1.593048386669472277e-05 -3.613360623504447072e-06 -4.602171959375343335e-04 3.169256170685243217e-05 1.348539809350578736e-05 2.993646895724193162e-05 7.886243141616507517e-06 1.807932392302125070e-07 1.361848800564312355e-04 1.193805796923139288e-05 4.243945678103242338e-07 -1.952508143423075956e-06 -2.343862918808035239e-03 -2.794561887727537922e-05 -2.876787641306502268e-05 -2.810580016922717211e-06 -5.892344590601483040e-07 -2.231720230346029756e-07 -6.552296696488192324e-06
