4.112613695563343443e-06 4.108023812769123570e-06 9.550119452065506916e-05 4.064036669877955898e-06 9.593038718563392131e-05 2.945502823861965901e-06 -6.158206863306472044e-05 -6.029854442158353678e-05 -6.422187217877163568e-05 -6.208838532942517969e-05 4.092790192663821426e-06 9.351820222706002999e-05 -1.923977051659463681e-05 6.092578877946495204e-04 2.140264509282193469e-03 -2.737615492325994201e-04 2.374001522424897505e-05 8.758550968942825914e-05 -1.428659873528045454e-04 4.383141998390013632e-05 -7.488184283485486330e-05 -7.967341333385127085e-05 3.393498101045743388e-03 -8.335087096403692025e-03 3.927763931329950791e-04 -3.621963544747376076e-04 1.429731769056087971e-06 4.278990027667731853e-11 -1.993060281719935320e-05 -1.688622349021248126e-06 -2.867399251471393022e-09 -7.686970513632281131e-05 1.517779277978510586e-09 -4.736140200539978092e-08 -7.812839048757051638e-08 -1.922299973468617599e-06 -1.175466840227268391e-08 6.108476988783032410e-07 -1.521827551992183027e-07 6.448605179696478366e-07 2.655861085869264814e-10 -1.134694540696832551e-04 -1.163619368743599342e-06 2.123142580847092379e-07 -9.547940137759511473e-07 5.034373402937381188e-06 -8.381843422975752009e-07 -4.155955729391094258e-05 -1.630617326859583078e-06 1.571294599273991961e-06 3.422322679481777662e-07 1.449015353335065013e-05
4.108023812769123570e-06 4.104893305428886699e-06 9.552662186124092063e-05 4.065756458708586598e-06 9.587674637769464975e-05 2.970392253547418896e-06 -6.162343921288280884e-05 -6.022555816584354192e-05 -6.412601776760177750e-05 -6.204905021161900337e-05 4.089531933429625365e-06 9.338564994934917050e-05 -1.926122024968657907e-05 6.090215033261428719e-04 2.139387903877343171e-03 -2.736114016941292872e-04 2.408040820494794209e-05 8.772329757019418006e-05 -1.428855433932471857e-04 4.376322897035054752e-05 -7.498021939593986875e-05 -7.981063063905880633e-05 3.392270335269191930e-03 -8.331737925733424463e-03 3.926992088068732021e-04 -3.637134253697794310e-04 1.418026684714263538e-06 3.649025833688004661e-11 -1.937614142404174030e-05 -1.049074291543779334e-06 -3.105108706614307654e-09 -7.730867821165640359e-05 1.408958227773917630e-09 -5.130486127147269030e-08 -7.799700863349797557e-08 -1.812758390627258467e-06 -1.171574950747733890e-08 6.089642563386454150e-07 -1.525401416331083410e-07 6.464355444256868294e-07 2.662435048663800391e-10 -1.133606951061920192e-04 -1.162250092982420243e-06 2.063681045780054816e-07 -9.224252224546516719e-07 1.232123948398048389e-06 -8.436887600862343678e-07 -4.130570794041521845e-05 -1.589271112546859506e-06 1.570442724992962967e-06 3.422908351404774378e-07 1.448380608108632331e-05
9.550119452065506916e-05 9.552662186124092063e-05 2.380750389840641593e-03 9.680710558834493523e-05 2.380289443954694030e-03 1.747430663620032311e-04 -1.428627022183715173e-03 -1.366035863098291874e-03 -1.518503657187250189e-03 -1.463197378400233738e-03 9.515483757540899024e-05 2.015015429101937351e-03 -4.929491171629950307e-04 1.430895927436290002e-02 5.047279855791437370e-02 -6.619373889869303688e-03 1.637031269872722856e-03 2.677906357021547605e-03 -3.692566253206427604e-03 8.856761725636498475e-04 -2.257595719906330557e-03 -2.343756983146871430e-03 8.176238406345084919e-02 -1.973941373643898212e-01 9.695790366778382977e-03 -1.379381712499673160e-02 8.000945237575585577e-06 1.910850321975864463e-11 -4.048931636639863628e-04 -4.015005137090802941e-05 -5.292217956475338414e-08 -4.038730556166492992e-03 3.273504774891799099e-08 -1.245664446736111845e-06 -1.912935381706206363e-06 7.754209313660194360e-05 -2.492502460782306172e-07 1.295591292561547881e-05 -3.903916252481739073e-06 1.650978525097217058e-05 6.981546002595491049e-09 -2.721456177975371121e-03 -2.989895419231997624e-05 -9.415364704992033727e-07 2.466913697073697871e-06 -7.545512930822219908e-05 3.944448143525304979e-06 -8.770856808410931347e-04 -1.016470747390388385e-05 3.685581777780746549e-05 8.791022550258841456e-06 3.397091577964299444e-04
4.064036669877955898e-06 4.065756458708586598e-06 9.680710558834493523e-05 5.958786945546697079e-06 8.801272732156354165e-05 -9.459184253740047973e-06 -6.141212511377470160e-05 -7.476047307433587202e-05 -6.257695770376310075e-05 -6.359564745083593569e-05 4.040049593012020326e-06 1.018233839625603724e-04 -2.350250876052025387e-05 6.023554189289123412e-04 2.129905157789102610e-03 -2.836239866321044580e-04 1.215475056892859578e-05 8.424261469858063535e-05 -1.425682040778060672e-04 4.549876060952478288e-05 -7.364845600090402572e-05 -7.167688677739834815e-05 3.415602664038824583e-03 -8.315064884427769351e-03 3.943624158284770014e-04 -3.104354862474996944e-04 7.561811437485409646e-07 -1.491190998317758671e-11 -2.235949775134116196e-05 -1.606822376164530005e-05 2.120464800742858210e-08 -1.635137086978782732e-04 8.866675896005209160e-09 -2.447090436481370595e-07 1.209218471070117371e-06 9.553528358842422723e-05 -1.084941875497161063e-08 6.084160358642484763e-07 -2.242922731615339926e-07 9.568381326856563729e-07 4.272087984698960332e-10 -1.145465528007559195e-04 -6.592701994748708973e-07 7.794836318785546747e-08 -3.915422689353506300e-07 -8.039761208887286894e-06 -3.905077675200676619e-07 -6.203197184949321783e-05 -1.369538426831797817e-06 1.586174190722320819e-06 3.379258829077132759e-07 1.440745414042454540e-05
9.593038718563392131e-05 9.587674637769464975e-05 2.380289443954694030e-03 8.801272732156354165e-05 2.439080507563090670e-03 2.406189650687583659e-04 -1.418434837969690483e-03 -1.293787631214938193e-03 -1.534297781052835910e-03 -1.454198820066434326e-03 9.556370281962121957e-05 1.962712611374007113e-03 -4.862224652798009827e-04 1.435771703100623825e-02 5.057208324393280829e-02 -6.573798975835276788e-03 1.806674757262709870e-03 2.754429224838303002e-03 -3.724909752083544520e-03 8.625859518695368818e-04 -2.309694802893654930e-03 -2.437444178274861002e-03 8.182158898292574145e-02 -1.977217136027268896e-01 9.729254058286248771e-03 -1.459402420224767405e-02 1.357031216552207669e-05 9.392407076424376614e-10 -4.240132312954668229e-04 8.828460263428014859e-05 -1.404930088804188191e-07 -3.602414032948989854e-03 -5.385672634735513803e-08 1.267306396238070296e-06 -7.219004568865791647e-06 -3.356951695001479164e-04 -2.793873529283665252e-07 1.418099608838110939e-05 -3.733000754091924745e-06 1.570873635635348909e-05 6.621712496560894704e-09 -2.702071203442165791e-03 -3.117410700332898455e-05 1.713657417176266293e-07 -2.076682170256141779e-06 5.366210158517845634e-05 2.272340414256478715e-07 -8.099251378490327207e-04 -1.422288455767888802e-05 3.676546841008002190e-05 8.887045107419093307e-06 3.402875786838246985e-04
2.945502823861965901e-06 2.970392253547418896e-06 1.747430663620032311e-04 -9.459184253740047973e-06 2.406189650687583659e-04 2.569783096115567074e-04 1.354474027189341749e-05 1.772876463219838191e-04 -9.651820902417971920e-05 9.882877800926941829e-06 3.097488441736053725e-06 -3.892732580001057475e-04 2.582471977920596635e-05 6.281925803135217021e-04 1.957638463727246099e-03 -4.599944827124745122e-05 1.678775028748875431e-03 8.952150228880700064e-04 -4.929159811480441234e-04 -1.982568882880695997e-04 -6.709978789960361137e-04 -8.817879481208603385e-04 3.763470972421701852e-03 -7.874875010009017851e-03 7.400275047726095424e-04 -8.202325204832220523e-03 -4.286988181238637981e-06 1.881407467254346547e-09 1.963757256069271259e-04 2.905516340769856502e-05 -2.998385653092453227e-07 -3.813681348675124119e-03 1.367276597632690574e-08 -6.808712507671626269e-07 -1.127053250903815206e-05 -6.302850622808892815e-04 1.232741725324232694e-07 -6.462190697592708094e-06 1.396190245735331694e-06 -5.889637137310947324e-06 -2.968012634645703471e-09 5.697016566504807750e-05 -1.246922012755111080e-05 -2.071753158589601344e-06 8.604077900027106121e-06 -7.265563432039822431e-05 7.833972749709147858e-06 3.036753425782436002e-04 1.406594722740851783e-05 4.128074782439041021e-07 1.244136697410217320e-06 1.136506940865122754e-05
-6.158206863306472044e-05 -6.162343921288280884e-05 -1.428627022183715173e-03 -6.141212511377470160e-05 -1.418434837969690483e-03 1.354474027189341749e-05 1.105028739889119677e-03 9.219843110825523373e-04 9.018525094377519364e-04 9.567729666988064466e-04 -6.131411984591189743e-05 -1.571673597060436892e-03 3.352223638614223664e-04 -9.141088953636718542e-03 -3.221295867093801335e-02 4.202988695711554722e-03 1.613774219300782072e-04 -1.068297700270859699e-03 2.042412623701735184e-03 -7.347482492423395694e-04 9.447417857664105155e-04 9.421183907206156193e-04 -5.095104963321272357e-02 1.254142747072975739e-01 -5.804142448307219454e-03 2.996169507482358135e-03 -1.173329290937954230e-05 7.287435221245966875e-09 2.965156428565898089e-04 -9.035532205905495978e-06 5.142081455324315610e-07 -1.208190562351114938e-03 6.742639187222256886e-09 -2.028033984413643387e-07 6.493900199635990634e-08 2.145931500237241126e-05 2.568642714438875301e-07 -1.313782634770466936e-05 3.110376576375025164e-06 -1.312795403919223430e-05 -5.670536963363879108e-09 1.858936004432012968e-03 1.442930642656980614e-05 -1.440597046399443692e-06 6.899298082284328403e-06 -3.265777970652272434e-05 4.077092007190356060e-06 6.406523090424177599e-04 1.582830508830839831e-05 -2.399945981817593136e-05 -4.866700723301017409e-06 -2.186324708233671268e-04
-6.029854442158353678e-05 -6.022555816584354192e-05 -1.366035863098291874e-03 -7.476047307433587202e-05 -1.293787631214938193e-03 1.772876463219838191e-04 9.219843110825523373e-04 1.473241935393419105e-03 9.311605245340220070e-04 9.858826510223529880e-04 -5.986731141521239841e-05 -1.775912959966564723e-03 3.618855775647105712e-04 -8.746698668726196613e-03 -3.118483815336049736e-02 4.360366134651943310e-03 8.747217295514156605e-04 -7.373151786919303905e-04 1.880393110836340708e-03 -8.194118928469288016e-04 7.218509692756543226e-04 5.195461237720360934e-04 -4.993362438395038128e-02 1.217606458252238899e-01 -5.580916503131317860e-03 -4.193690463862084078e-04 -1.852404782004443730e-05 -6.986694467418243423e-10 6.823723474106916775e-04 9.487792563488568190e-05 -4.129378072701213244e-07 5.877439521549003565e-03 -4.971235640677107866e-08 1.531628938799460635e-06 -1.078302470280151082e-05 -7.276433572945502143e-04 2.551749948318890950e-07 -1.366545728442309160e-05 3.823193823911656713e-06 -1.620901742941889735e-05 -7.208001642563664942e-09 1.867914884077216632e-03 7.411072266464465490e-06 -3.777829641567417963e-06 1.645784770429451805e-05 6.933339516381060422e-05 1.721936811631685025e-05 1.013656559190005430e-03 3.398542602315875427e-05 -2.399726547259466275e-05 -4.386444942002805184e-06 -2.119411556294543064e-04
-6.422187217877163568e-05 -6.412601776760177750e-05 -1.518503657187250189e-03 -6.257695770376310075e-05 -1.534297781052835910e-03 -9.651820902417971920e-05 9.018525094377519364e-04 9.311605245340220070e-04 1.096380312713008147e-03 9.629019184602055159e-04 -6.392915841622606396e-05 -1.355452311020784693e-03 3.010072235222246008e-04 -9.521012560993760698e-03 -3.345390384718498894e-02 4.284068067022760856e-03 -7.822965673902633867e-04 -1.586826400354282227e-03 2.339530719742892277e-03 -6.272765510651402048e-04 1.338784958065592336e-03 1.434632184333085175e-03 -5.345216078279603489e-02 1.304715419429326451e-01 -6.268773262661465548e-03 7.640215355277420878e-03 -2.171233533567633252e-05 -5.028423238949075977e-09 5.370449254370099866e-04 3.099073049290149259e-05 4.614865478759001539e-08 3.706073391266551109e-03 -4.371873305528327308e-08 1.551715981652849751e-06 2.632307059028067777e-06 7.438732293802170618e-05 1.346981334747436091e-07 -7.150536674351422352e-06 1.972373452709824410e-06 -8.385615606064859734e-06 -3.319569208447745061e-09 1.740212957393945251e-03 2.092941876036042879e-05 -3.373329594758406991e-06 1.523184732207319290e-05 2.496971260317159962e-06 1.514364057935439782e-05 6.391617242742357076e-04 2.629636133463692817e-05 -2.439400395769381272e-05 -5.602039916916440794e-06 -2.258769055327126604e-04
-6.208838532942517969e-05 -6.204905021161900337e-05 -1.463197378400233738e-03 -6.359564745083593569e-05 -1.454198820066434326e-03 9.882877800926941829e-06 9.567729666988064466e-04 9.858826510223529880e-04 9.629019184602055159e-04 9.804648497142873318e-04 -6.176784621302768940e-05 -1.579812616270275145e-03 3.248676316390606677e-04 -9.155082388904767915e-03 -3.242472372715076573e-02 4.360372668870660627e-03 2.412536276085233949e-05 -1.184268373763055051e-03 2.129660028930787687e-03 -7.231334207263923541e-04 1.050814240340781306e-03 9.856116406102453584e-04 -5.198847272170258743e-02 1.265910826821299018e-01 -5.966065383146158460e-03 3.740102379795691781e-03 -1.286683987039901879e-05 4.552968383813101687e-10 4.334690004552376472e-04 4.063654851364003479e-07 -1.041038821758650957e-07 5.759855635493593001e-05 -1.055548627534517913e-09 7.720472738238118986e-08 -1.057231312687005864e-06 -8.212034576667891282e-05 2.416590645758986545e-07 -1.248402037326345131e-05 3.136291628819093629e-06 -1.323962370814917380e-05 -5.754619459987417963e-09 1.852139895810812724e-03 1.409881289528455933e-05 -1.809756998900267582e-06 8.445225883805632545e-06 -2.578717141096665394e-05 7.107176786501132405e-06 7.218304734603248930e-04 1.993007526186824427e-05 -2.430298920252412840e-05 -5.033429414862564282e-06 -2.195269369076873086e-04
4.092790192663821426e-06 4.089531933429625365e-06 9.515483757540899024e-05 4.040049593012020326e-06 9.556370281962121957e-05 3.097488441736053725e-06 -6.131411984591189743e-05 -5.986731141521239841e-05 -6.392915841622606396e-05 -6.176784621302768940e-05 4.238548070488807725e-06 9.212155104473197429e-05 -1.572403040568677495e-05 6.067439221606073978e-04 2.131156987626668317e-03 -2.723720161891103283e-04 2.468824393501542789e-05 8.770240984246590861e-05 -1.424591662339717911e-04 4.349174506489040002e-05 -7.491257190042930692e-05 -7.986616757942114871e-05 3.379055639550136974e-03 -8.299562729525549257e-03 3.912864809225290348e-04 -3.655954375976899892e-04 1.429931424918202479e-06 4.045370413348205049e-11 -1.936658947415841034e-05 -1.041929246956508069e-06 -3.221812677802208005e-09 -7.946933813643690826e-05 1.485571242063322641e-09 -5.256000883149576041e-08 -8.635271027561614262e-08 -2.345016420023908618e-06 9.203223877447682682e-06 8.850515231174006920e-07 -4.554944002443480571e-06 1.488955215844595842e-07 1.750877005649961978e-09 -1.167695651765329539e-04 -1.391670981663761731e-06 2.088913771140334569e-07 -9.323305444905197437e-07 1.243429161084710109e-06 -8.558303927892458718e-07 3.454056393432634615e-04 4.924836004910606584e-06 1.563809673930412968e-06 3.413285780872290178e-07 1.442754696954873415e-05
9.351820222706002999e-05 9.338564994934917050e-05 2.015015429101937351e-03 1.018233839625603724e-04 1.962712611374007113e-03 -3.892732580001057475e-04 -1.571673597060436892e-03 -1.775912959966564723e-03 -1.355452311020784693e-03 -1.579812616270275145e-03 9.212155104473197429e-05 3.846103947204956852e-03 -5.550503058761733144e-04 1.343787016789102159e-02 4.808433867041598392e-02 -6.865446388185108932e-03 -3.086538076683022561e-03 2.619356459774295660e-04 -2.498074525809147392e-03 1.511726185233602023e-03 -4.567865112705075253e-04 3.236171600180630381e-05 7.598319304087214343e-02 -1.873181795210221434e-01 8.160725862058905780e-03 8.934223367262870974e-03 2.694314703556348280e-05 -5.058214516906188920e-09 -1.064020214141833762e-03 1.298649021749554171e-04 5.013969533266116044e-07 8.539676417712908918e-03 -1.275394592204866058e-07 4.295969268091568436e-06 1.188300388664818635e-05 4.624008049365255463e-04 -2.793545602801886742e-05 3.580586118112372715e-05 1.508882744483174346e-05 3.591251620081712163e-05 -2.765293343324254409e-05 -3.174407297824115379e-03 1.412163114366241410e-06 6.420770707907012348e-06 -2.818596746407180863e-05 2.782707200305382890e-04 -2.337268214504995863e-05 -3.066568326267459215e-03 -7.932116924803269786e-05 3.796227161600356035e-05 5.759001442600762547e-06 3.289651766518619401e-04
-1.923977051659463681e-05 -1.926122024968657907e-05 -4.929491171629950307e-04 -2.350250876052025387e-05 -4.862224652798009827e-04 2.582471977920596635e-05 3.352223638614223664e-04 3.618855775647105712e-04 3.010072235222246008e-04 3.248676316390606677e-04 -1.572403040568677495e-05 -5.550503058761733144e-04 3.691094447298732140e-04 -2.851695562444152895e-03 -1.024300901662646493e-02 1.491365883284092708e-03 -3.935771502388787273e-05 -4.305805329574629529e-04 7.185713831287214451e-04 -2.244942243285763268e-04 3.894557456928021341e-04 3.096483135842650414e-04 -1.696983301346807055e-02 4.026761171809783990e-02 -1.970487222027187367e-03 1.459488874321891033e-03 6.135409183446686756e-06 1.728039344404548079e-09 2.096895944642921002e-04 -8.829241444889020631e-05 -6.968041045267614293e-09 -4.863937571673913971e-05 1.561171314612928391e-07 -2.291315365478353520e-06 -4.051016155277611762e-06 -2.723737757324017246e-04 -3.779720895157574053e-07 -1.708297438999640627e-05 -2.692171690792264033e-04 -3.790228955784404183e-05 -7.439135590293657209e-07 -2.820615407590646513e-04 -2.206994173079968697e-05 1.283760433171092011e-06 -4.694904728170657589e-06 2.610567884276317912e-05 -5.031622231495425435e-06 8.303745409798087354e-03 1.347316967675527748e-04 -7.836875721338812124e-06 -1.662956006930419397e-06 -6.898121576335371251e-05
6.092578877946495204e-04 6.090215033261428719e-04 1.430895927436290002e-02 6.023554189289123412e-04 1.435771703100623825e-02 6.281925803135217021e-04 -9.141088953636718542e-03 -8.746698668726196613e-03 -9.521012560993760698e-03 -9.155082388904767915e-03 6.067439221606073978e-04 1.343787016789102159e-02 -2.851695562444152895e-03 9.065446913312641408e-02 3.181548744528558403e-01 -4.044542633784994901e-02 5.211827608345419652e-03 1.383578022782230681e-02 -2.159266866054792081e-02 6.272587648947992173e-03 -1.172895950770524651e-02 -1.267380434308886666e-02 5.049342781095791377e-01 -1.239188026364536954e+00 5.874727392412813776e-02 -6.181532399877834316e-02 1.863481236365876472e-04 3.365415129531115322e-09 -2.334039080248796749e-03 -2.092015738180993240e-04 -7.806838431502370070e-07 -1.430570836193969901e-02 2.407364707031371142e-07 -8.780012302091400522e-06 -1.525849941620472458e-05 -3.318979281175231540e-04 -1.627311614771506047e-06 8.462285908384822549e-05 -2.195810904628091157e-05 9.310332280509741026e-05 3.809644906588903860e-08 -1.669011556442850930e-02 -1.797780352787919716e-04 2.439053805765183417e-05 -1.126884320138963659e-04 1.250539223832855789e-05 -1.000885319952910218e-04 -5.812272293788553652e-03 -2.031823950756140088e-04 2.324694267089264259e-04 5.180273774894392897e-05 2.152184932265018783e-03
2.140264509282193469e-03 2.139387903877343171e-03 5.047279855791437370e-02 2.129905157789102610e-03 5.057208324393280829e-02 1.957638463727246099e-03 -3.221295867093801335e-02 -3.118483815336049736e-02 -3.345390384718498894e-02 -3.242472372715076573e-02 2.131156987626668317e-03 4.808433867041598392e-02 -1.024300901662646493e-02 3.181548744528558403e-01 1.133808842640327885e+00 -1.436186697670392698e-01 1.679050486638187373e-02 4.549956694607610458e-02 -6.885674524026916266e-02 1.933670981294100671e-02 -4.271146547983224739e-02 1.862557790489202669e-02 1.664343811936318973e+00 -4.383804906153739189e+00 1.350562787923657582e-01 -1.657199314458464023e-01 6.005421282493192837e-04 8.238526127843347422e-09 -9.332566622318141936e-03 -6.426738003638975171e-04 -1.783847302166529678e-06 -4.648793489331679019e-02 7.278698424538796681e-07 -2.677979093273749926e-05 -4.026646809472634122e-05 -4.181402525898426556e-04 -6.064793843058323033e-06 3.150145182951331739e-04 -8.194268614768648851e-05 3.471030954188824040e-04 1.439313404552581692e-07 -5.949367258794008295e-02 -6.140968398836124838e-04 7.687425984991812244e-05 -3.575328544766413308e-04 7.783522065868522842e-05 -3.142954728793664952e-04 -2.102416223222350333e-02 -6.855054727830757000e-04 7.389254668179667460e-04 1.930735549100697033e-04 8.932905668038049890e-03
-2.737615492325994201e-04 -2.736114016941292872e-04 -6.619373889869303688e-03 -2.836239866321044580e-04 -6.573798975835276788e-03 -4.599944827124745122e-05 4.202988695711554722e-03 4.360366134651943310e-03 4.284068067022760856e-03 4.360372668870660627e-03 -2.723720161891103283e-04 -6.865446388185108932e-03 1.491365883284092708e-03 -4.044542633784994901e-02 -1.436186697670392698e-01 1.960755324405417943e-02 -8.907514808744929589e-04 -5.852463205761802151e-03 9.774838497369507662e-03 -3.069280714191789661e-03 5.157973000166727467e-03 4.766679553993858828e-03 -2.325092661208555955e-01 5.618021676259521424e-01 -2.691611066361025012e-02 2.149577960799874121e-02 -3.355948795070744955e-05 1.863638188023937057e-09 2.108567955465746012e-03 7.357411456449370577e-06 -5.454539392493766629e-07 2.825161282889263742e-03 2.233065141855521091e-09 1.360384439227617253e-07 -5.643391141627398139e-06 -5.485022508172903051e-04 1.058317468378537055e-06 -5.469137592938450021e-05 1.436506322460532226e-05 -6.059321744022323731e-05 -2.657221305603227473e-08 8.306061334023208398e-03 6.434458910154934055e-05 -2.822383877486634543e-06 1.521045051487444310e-05 -3.934256740625111115e-05 1.048047865378489316e-05 3.180874590690948613e-03 6.534520925106045413e-05 -1.076856117477092349e-04 -2.301714035016360301e-05 -9.701179611787041695e-04
2.374001522424897505e-05 2.408040820494794209e-05 1.637031269872722856e-03 1.215475056892859578e-05 1.806674757262709870e-03 1.678775028748875431e-03 1.613774219300782072e-04 8.747217295514156605e-04 -7.822965673902633867e-04 2.412536276085233949e-05 2.468824393501542789e-05 -3.086538076683022561e-03 -3.935771502388787273e-05 5.211827608345419652e-03 1.679050486638187373e-02 -8.907514808744929589e-04 1.474139688488000643e-02 7.996806886255744540e-03 -4.462472329115740183e-03 -1.737071051031323235e-03 -6.061510043428528990e-03 -7.619469027835212675e-03 3.478999984899980996e-02 -6.880955654876784455e-02 6.763278429612077855e-03 -7.222506398866700150e-02 -6.911328144410257518e-05 1.498829540292400386e-08 1.583473135377132419e-03 -2.991336989549695153e-04 -1.369829747567557828e-06 -3.763802028674225614e-02 2.742812274602963340e-07 -9.930495951635728158e-06 -3.178977506715981605e-05 -4.745443207772404113e-04 1.033513720094392653e-06 -5.248043152579998257e-05 7.915446788689735916e-06 -3.316195085124530497e-05 -1.625814251986324008e-08 4.929883333031070958e-04 -8.035664857839179987e-05 -2.472145402664734266e-05 1.032255210420669430e-04 -8.386936143361615331e-04 9.476359326551898703e-05 1.578398091368431655e-03 1.341881945414478755e-04 4.177000591186947915e-06 1.107254069246596054e-05 9.567402808735391397e-05
8.758550968942825914e-05 8.772329757019418006e-05 2.677906357021547605e-03 8.424261469858063535e-05 2.754429224838303002e-03 8.952150228880700064e-04 -1.068297700270859699e-03 -7.373151786919303905e-04 -1.586826400354282227e-03 -1.184268373763055051e-03 8.770240984246590861e-05 2.619356459774295660e-04 -4.305805329574629529e-04 1.383578022782230681e-02 4.549956694607610458e-02 -5.852463205761802151e-03 7.996806886255744540e-03 1.096152551717206186e-02 -1.164706762641897625e-02 1.043500936402318689e-03 -3.704155899416793421e-03 -1.992573472130655665e-02 1.063719232541236875e-01 -1.863849329424942525e-01 1.159179801091491518e-03 -2.631927373873976100e-02 -2.735596442222545837e-05 7.363970895100791661e-09 2.509673994166589789e-04 -1.591165433909240532e-04 -5.679065565525762982e-07 -2.056909072764118857e-02 1.433173054873312544e-07 -5.249078658809614147e-06 -1.513492671608183742e-05 -9.665750227773101024e-05 2.523812044741730812e-07 -1.255438388210414292e-05 2.084200050369423108e-07 -7.609279799686852479e-07 -1.231874180735324496e-09 -2.021918797118573558e-03 -5.987681413252756845e-05 -1.226662657368556914e-05 5.028570035088540284e-05 -4.304600608890492503e-04 4.712635364176507132e-05 -4.398526903679638757e-05 5.279292059422576117e-05 8.616058526950209440e-05 -1.581492979285285339e-05 4.063392717583788486e-05
-1.428659873528045454e-04 -1.428855433932471857e-04 -3.692566253206427604e-03 -1.425682040778060672e-04 -3.724909752083544520e-03 -4.929159811480441234e-04 2.042412623701735184e-03 1.880393110836340708e-03 2.339530719742892277e-03 2.129660028930787687e-03 -1.424591662339717911e-04 -2.498074525809147392e-03 7.185713831287214451e-04 -2.159266866054792081e-02 -6.885674524026916266e-02 9.774838497369507662e-03 -4.462472329115740183e-03 -1.164706762641897625e-02 5.058911656473784324e-02 -2.786079627621197707e-02 9.463713912439903481e-03 4.280556222541387346e-02 -1.898652743468420279e-01 2.885564503366765399e-01 -6.108545534446289949e-02 4.979513054711763587e-02 -7.906267168878751287e-06 -3.485885532094869216e-09 4.639907588773153251e-04 9.520628055563964292e-05 2.339716453382234934e-07 1.165109146382237518e-02 -8.822689029700740243e-08 3.269765045391831256e-06 7.482990509016418417e-06 -3.086867598159860810e-05 2.077739829975170381e-07 -1.101593364744960216e-05 4.370585379172035497e-06 -1.853118092446863661e-05 -7.473741511578113150e-09 3.883733976328836244e-03 5.554544198610670815e-05 3.476896101215802240e-06 -1.255285343725747524e-05 2.003553218273970769e-04 -1.291927412317708702e-05 1.086994179830910344e-03 2.938438884339049205e-06 -7.756017278088904151e-04 2.197417196407259663e-05 1.151881845442601342e-03
4.383141998390013632e-05 4.376322897035054752e-05 8.856761725636498475e-04 4.549876060952478288e-05 8.625859518695368818e-04 -1.982568882880695997e-04 -7.347482492423395694e-04 -8.194118928469288016e-04 -6.272765510651402048e-04 -7.231334207263923541e-04 4.349174506489040002e-05 1.511726185233602023e-03 -2.244942243285763268e-04 6.272587648947992173e-03 1.933670981294100671e-02 -3.069280714191789661e-03 -1.737071051031323235e-03 1.043500936402318689e-03 -2.786079627621197707e-02 1.903896216931609542e-02 -3.382768559164573557e-03 -1.385174490891436655e-02 5.777804021995375239e-02 -8.063982717869017103e-02 3.688961186254452462e-02 -1.621620958024921552e-02 2.196203461511203690e-05 -1.999394232262938354e-09 -4.503851410831438435e-04 2.975214975355749812e-05 1.719199126728231701e-07 4.353301146494388194e-03 -2.485288546856180223e-08 8.865889611709975188e-07 3.846472788562056660e-06 7.180968396666370462e-05 -2.859871959307902363e-07 1.467865925670679581e-05 -3.013097720889605871e-06 1.270547316668075446e-05 5.655837177291723855e-09 -1.397244815637189476e-03 -1.877192555369551786e-06 5.014026901926056721e-06 -2.171241902648984851e-05 1.206113430697297031e-04 -1.958553682632121554e-05 -6.974418540309599169e-04 -3.349799592129703164e-05 5.118027043056595869e-04 -1.204088352276422058e-05 -7.787347091025725605e-04
-7.488184283485486330e-05 -7.498021939593986875e-05 -2.257595719906330557e-03 -7.364845600090402572e-05 -2.309694802893654930e-03 -6.709978789960361137e-04 9.447417857664105155e-04 7.218509692756543226e-04 1.338784958065592336e-03 1.050814240340781306e-03 -7.491257190042930692e-05 -4.567865112705075253e-04 3.894557456928021341e-04 -1.172895950770524651e-02 -4.271146547983224739e-02 5.157973000166727467e-03 -6.061510043428528990e-03 -3.704155899416793421e-03 9.463713912439903481e-03 -3.382768559164573557e-03 7.347982224794169515e-02 -1.825667424330282285e-03 -5.625685048169522251e-02 1.622043598438177303e-01 -1.655697454644792233e-01 1.949508445668327039e-01 2.430136737375533494e-05 -5.340136328497586183e-09 -4.823956707599190083e-05 1.155481682740953133e-04 3.483036598613106939e-07 1.561643016233043961e-02 -1.011569267265264235e-07 3.730251050885105581e-06 1.046606569892797491e-05 1.800699369420045450e-06 -1.384932325477439561e-07 6.800788047537909665e-06 6.022186083852251664e-07 -2.613320224962486631e-06 -5.560246142697255523e-10 1.849380658676939458e-03 4.649340085480464845e-05 1.004136310313615864e-05 -4.123549133005403547e-05 3.275835151914075448e-04 -3.885441597352997880e-05 1.674386696889451458e-04 -4.101928028543537236e-05 -7.420182507932330737e-06 -1.947671382243637995e-04 -1.387560392186670756e-04
-7.967341333385127085e-05 -7.981063063905880633e-05 -2.343756983146871430e-03 -7.167688677739834815e-05 -2.437444178274861002e-03 -8.817879481208603385e-04 9.421183907206156193e-04 5.195461237720360934e-04 1.434632184333085175e-03 9.856116406102453584e-04 -7.986616757942114871e-05 3.236171600180630381e-05 3.096483135842650414e-04 -1.267380434308886666e-02 1.862557790489202669e-02 4.766679553993858828e-03 -7.619469027835212675e-03 -1.992573472130655665e-02 4.280556222541387346e-02 -1.385174490891436655e-02 -1.825667424330282285e-03 8.037550391979538800e-01 -1.659764164742908887e+00 6.125235017661028181e-01 -6.102658862137265716e-01 4.029618628454335605e-01 3.807108956618086956e-06 -7.801053570421369983e-09 -6.215800723291238592e-04 1.744617461021782446e-04 8.504035810276592371e-07 1.955216042765432413e-02 -1.699119928959556021e-07 6.132047600490738481e-06 1.822538628597467926e-05 3.569324284424285794e-04 -3.418054199572879639e-07 1.714025994412486154e-05 -1.832668986419319624e-06 7.540360519855904221e-06 4.584619625016855582e-09 1.537877730311444126e-03 5.981865370223963277e-05 7.530265172399664032e-06 -3.001326745555040843e-05 3.916743288295048081e-04 -2.764971274497872477e-05 -1.569135263286870752e-04 -3.550080135703226813e-05 -2.204943656923842045e-04 -3.204241798068267972e-04 5.055522570550047973e-03
3.393498101045743388e-03 3.392270335269191930e-03 8.176238406345084919e-02 3.415602664038824583e-03 8.182158898292574145e-02 3.763470972421701852e-03 -5.095104963321272357e-02 -4.993362438395038128e-02 -5.345216078279603489e-02 -5.198847272170258743e-02 3.379055639550136974e-03 7.598319304087214343e-02 -1.696983301346807055e-02 5.049342781095791377e-01 1.664343811936318973e+00 -2.325092661208555955e-01 3.478999984899980996e-02 1.063719232541236875e-01 -1.898652743468420279e-01 5.777804021995375239e-02 -5.625685048169522251e-02 -1.659764164742908887e+00 6.038715049875260199e+00 -7.891389477951682885e+00 1.594399032581309328e+00 -1.162255055706043150e+00 6.900624707187055177e-04 1.422984283044130721e-08 -1.724240540768148811e-02 -9.639929551715024350e-04 -6.885529062893770684e-07 -9.491381267030353508e-02 9.844275642193132271e-07 -3.702973988931561452e-05 -4.577013568062429183e-05 1.549016753139593723e-03 -9.825198956558523777e-06 5.102363441810817048e-04 -1.387385679678017900e-04 5.869027610453303109e-04 2.473843049318757687e-07 -9.631441452925709745e-02 -9.803197447673817760e-04 6.688247215324902143e-05 -3.313208786448768733e-04 -5.378403453300584268e-04 -2.747186630027898435e-04 -3.379656504714955573e-02 -8.548338665432971255e-04 1.511065929896078129e-03 9.875352437216002987e-04 2.375410634623020042e-03
-8.335087096403692025e-03 -8.331737925733424463e-03 -1.973941373643898212e-01 -8.315064884427769351e-03 -1.977217136027268896e-01 -7.874875010009017851e-03 1.254142747072975739e-01 1.217606458252238899e-01 1.304715419429326451e-01 1.265910826821299018e-01 -8.299562729525549257e-03 -1.873181795210221434e-01 4.026761171809783990e-02 -1.239188026364536954e+00 -4.383804906153739189e+00 5.618021676259521424e-01 -6.880955654876784455e-02 -1.863849329424942525e-01 2.885564503366765399e-01 -8.063982717869017103e-02 1.622043598438177303e-01 6.125235017661028181e-01 -7.891389477951682885e+00 1.759290620737687405e+01 -1.069250828666161279e+00 1.014942723462332719e+00 -2.208548017466391896e-03 -3.190336473645433266e-08 3.768465949524584663e-02 2.459431610257933366e-03 5.781203966177653308e-06 1.899578411145088075e-01 -2.733884219921110874e-06 1.010084440201355931e-04 1.459251261760410065e-04 4.716136638711563569e-04 2.378342829877553739e-05 -1.235233446089855237e-03 3.240919724859530238e-04 -1.372409167895817040e-03 -5.712763261769077323e-07 2.327691684434930741e-01 2.391105454154332337e-03 -2.725614151099347020e-04 1.277405753713418404e-03 -8.518580082343706929e-06 1.114672313913644573e-03 8.220788027253236874e-02 2.558265868091879301e-03 -2.821026067550188015e-03 -1.125304745848768528e-03 -3.229892047562069740e-02
3.927763931329950791e-04 3.926992088068732021e-04 9.695790366778382977e-03 3.943624158284770014e-04 9.729254058286248771e-03 7.400275047726095424e-04 -5.804142448307219454e-03 -5.580916503131317860e-03 -6.268773262661465548e-03 -5.966065383146158460e-03 3.912864809225290348e-04 8.160725862058905780e-03 -1.970487222027187367e-03 5.874727392412813776e-02 1.350562787923657582e-01 -2.691611066361025012e-02 6.763278429612077855e-03 1.159179801091491518e-03 -6.108545534446289949e-02 3.688961186254452462e-02 -1.655697454644792233e-01 -6.102658862137265716e-01 1.594399032581309328e+00 -1.069250828666161279e+00 3.171060493185328788e+00 -2.750570097261496816e+00 5.984071125401493646e-05 4.258416011332248899e-09 -1.767847907588840362e-03 -1.607128517296232744e-04 -2.572193171183844287e-07 -1.797498039510345147e-02 1.555900346577049865e-07 -5.811782718657197808e-06 -1.025137407539685261e-05 1.561347317919255522e-04 -9.520202560857021052e-07 4.964344654508195671e-05 -1.476156292885556133e-05 6.248119430777718459e-05 2.604509019347002937e-08 -1.100032740628446859e-02 -1.263813019318481572e-04 1.862365098818606071e-06 -1.357561516538506705e-05 -2.251054671629507868e-04 -8.888008975423418554e-06 -3.610069142783061021e-03 -6.826703565501252751e-05 5.041207670573443368e-04 -7.052613457050363162e-04 -3.680575806237563856e-03
-3.621963544747376076e-04 -3.637134253697794310e-04 -1.379381712499673160e-02 -3.104354862474996944e-04 -1.459402420224767405e-02 -8.202325204832220523e-03 2.996169507482358135e-03 -4.193690463862084078e-04 7.640215355277420878e-03 3.740102379795691781e-03 -3.655954375976899892e-04 8.934223367262870974e-03 1.459488874321891033e-03 -6.181532399877834316e-02 -1.657199314458464023e-01 2.149577960799874121e-02 -7.222506398866700150e-02 -2.631927373873976100e-02 4.979513054711763587e-02 -1.621620958024921552e-02 1.949508445668327039e-01 4.029618628454335605e-01 -1.162255055706043150e+00 1.014942723462332719e+00 -2.750570097261496816e+00 2.815608901846035739e+00 2.823946778612585460e-04 -7.165986248884748640e-08 -6.110123444293681996e-03 1.477997334381566047e-03 6.436495693588197954e-06 1.848661729788942387e-01 -1.359034931869852658e-06 4.932839259719723707e-05 1.525208477071114666e-04 2.053621727080907466e-03 -4.135146286045300163e-06 2.091370552492735266e-04 -2.676816841468659367e-05 1.117398974206068704e-04 5.772222769873647874e-08 4.845603315373061409e-03 4.509110720135371350e-04 1.131240416386676621e-04 -4.686906422316366463e-04 4.008697846836488388e-03 -4.326635797077700834e-04 -4.924328833141878789e-03 -5.757469758800523585e-04 -2.858528415297582176e-04 8.444920448857468846e-04 5.890495172241336577e-04
1.429731769056087971e-06 1.418026684714263538e-06 8.000945237575585577e-06 7.561811437485409646e-07 1.357031216552207669e-05 -4.286988181238637981e-06 -1.173329290937954230e-05 -1.852404782004443730e-05 -2.171233533567633252e-05 -1.286683987039901879e-05 1.429931424918202479e-06 2.694314703556348280e-05 6.135409183446686756e-06 1.863481236365876472e-04 6.005421282493192837e-04 -3.355948795070744955e-05 -6.911328144410257518e-05 -2.735596442222545837e-05 -7.906267168878751287e-06 2.196203461511203690e-05 2.430136737375533494e-05 3.807108956618086956e-06 6.900624707187055177e-04 -2.208548017466391896e-03 5.984071125401493646e-05 2.823946778612585460e-04 1.127418427422339993e-04 2.753100180844053557e-10 -1.904477461544089854e-05 -2.674326309586712191e-06 -3.990793739628224234e-09 -1.873093908226451123e-05 1.661651108047576467e-07 -3.962517192351403762e-08 -3.103131038915091754e-07 -3.012809566276081785e-05 1.203975989782961966e-06 -1.883429627203512313e-07 1.305443804728824738e-06 -5.640455610462559559e-07 1.492617297982629869e-09 -7.130012477433008084e-06 -7.151660814677968571e-07 1.082135242316535116e-05 -4.200069808679729104e-06 4.631153067909415824e-05 -5.161190659968455037e-06 4.991321940884158080e-05 -4.945001617071074877e-06 4.048115517386203512e-07 3.300991055020872039e-08 4.293491308529863870e-06
4.278990027667731853e-11 3.649025833688004661e-11 1.910850321975864463e-11 -1.491190998317758671e-11 9.392407076424376614e-10 1.881407467254346547e-09 7.287435221245966875e-09 -6.986694467418243423e-10 -5.028423238949075977e-09 4.552968383813101687e-10 4.045370413348205049e-11 -5.058214516906188920e-09 1.728039344404548079e-09 3.365415129531115322e-09 8.238526127843347422e-09 1.863638188023937057e-09 1.498829540292400386e-08 7.363970895100791661e-09 -3.485885532094869216e-09 -1.999394232262938354e-09 -5.340136328497586183e-09 -7.801053570421369983e-09 1.422984283044130721e-08 -3.190336473645433266e-08 4.258416011332248899e-09 -7.165986248884748640e-08 2.753100180844053557e-10 4.095312152244315964e-13 -9.423963824626338708e-09 -9.158547788624722748e-10 1.700990936875238380e-11 -1.244862622644651974e-07 8.594919963385263669e-13 -4.981703757436611041e-11 -6.155191342365618568e-11 -2.050168034862169581e-09 2.123372173192830598e-12 -1.666205992262633971e-10 3.745318556726281604e-11 -1.615961247739445105e-10 -7.252186040285566007e-14 5.413620972338601869e-09 -1.418007435017031748e-10 1.027194485071006703e-10 -5.640129387485355650e-10 3.933711966961223748e-10 -6.514750273238310386e-10 -1.712616314125867841e-09 -6.851349451633140892e-10 -4.862600054145909938e-12 9.268021374310011725e-12 4.161661513439868224e-11
-1.993060281719935320e-05 -1.937614142404174030e-05 -4.048931636639863628e-04 -2.235949775134116196e-05 -4.240132312954668229e-04 1.963757256069271259e-04 2.965156428565898089e-04 6.823723474106916775e-04 5.370449254370099866e-04 4.334690004552376472e-04 -1.936658947415841034e-05 -1.064020214141833762e-03 2.096895944642921002e-04 -2.334039080248796749e-03 -9.332566622318141936e-03 2.108567955465746012e-03 1.583473135377132419e-03 2.509673994166589789e-04 4.639907588773153251e-04 -4.503851410831438435e-04 -4.823956707599190083e-05 -6.215800723291238592e-04 -1.724240540768148811e-02 3.768465949524584663e-02 -1.767847907588840362e-03 -6.110123444293681996e-03 -1.904477461544089854e-05 -9.423963824626338708e-09 2.301110321768932553e-03 -7.497548628927977877e-05 -4.808258322968520333e-08 2.436719904981841586e-03 8.930542121226572518e-08 -1.023785619877445534e-06 -5.614210869445971218e-06 -2.147732595824981003e-04 4.353165355944899023e-07 -1.109467158283121576e-05 2.362537389901487673e-06 -8.938036084011631290e-06 -3.678980272292766204e-09 1.007417383598063071e-03 -1.828612689825257769e-06 -7.496414908855032538e-06 3.050323173467348918e-05 -2.495712642789833270e-04 3.523598896695823678e-05 8.747941685241285986e-04 5.233090062451287633e-05 -9.007837822032732476e-06 -8.188661626759744059e-07 -6.325253602649188013e-05
-1.688622349021248126e-06 -1.049074291543779334e-06 -4.015005137090802941e-05 -1.606822376164530005e-05 8.828460263428014859e-05 2.905516340769856502e-05 -9.035532205905495978e-06 9.487792563488568190e-05 3.099073049290149259e-05 4.063654851364003479e-07 -1.041929246956508069e-06 1.298649021749554171e-04 -8.829241444889020631e-05 -2.092015738180993240e-04 -6.426738003638975171e-04 7.357411456449370577e-06 -2.991336989549695153e-04 -1.591165433909240532e-04 9.520628055563964292e-05 2.975214975355749812e-05 1.155481682740953133e-04 1.744617461021782446e-04 -9.639929551715024350e-04 2.459431610257933366e-03 -1.607128517296232744e-04 1.477997334381566047e-03 -2.674326309586712191e-06 -9.158547788624722748e-10 -7.497548628927977877e-05 1.550416869973831029e-03 -2.121094434805488986e-08 4.656275227291048480e-03 3.483301500778011054e-05 2.383888296526909441e-05 -2.874947599905562260e-06 -5.700641866843643739e-04 6.432842126681080749e-05 1.695537696551236990e-05 6.203399345667415113e-05 1.033026741663654312e-05 3.218932308716322099e-07 1.466268511789581969e-04 1.275495682282293161e-05 2.899063807559297139e-07 -2.561672515359484071e-06 -2.210693181935249538e-03 -2.765312096248749118e-05 -3.420754146609480007e-05 -3.578270965774033245e-06 -2.302274966161590166e-07 -2.518126111214937189e-07 -4.117260774397738467e-06
