theo_error.scale_from_amplitudes = yes
scaling_form = 1
eft_nu = 4.0
eft_C = 1.0237
eft_nu.piN = 5.0
eft_C.piN = 3.6305
residual_list.load = no
residual_list.load.prefix = N2LOsim-550-191.theo
eft_C = 2.15053252875804901
eft_C.piN = 3.64039160311222076
eft_C = 1.62670902907848358
eft_C.piN = 3.65322671830654144
eft_C = 1.59488029778003693
eft_C.piN = 3.65311868488788605
eft_C = 1.59391321241855621
eft_C.piN = 3.65321584045886993
