theo_error.scale_from_amplitudes = yes
scaling_form = 1
eft_nu = 4.0
eft_C = 1.0237
eft_nu.piN = 5.0
eft_C.piN = 3.6305
residual_list.load = no
residual_list.load.prefix = N2LOsim-475-290.theo
eft_C = 0.91231890022754669
eft_C.piN = 3.62140826880931854
eft_C = 0.90064160525798798
eft_C.piN = 3.62426660954952240
eft_C = 0.89992024004459381
eft_C.piN = 3.62446881830692291
eft_C = 0.89987464249134064
eft_C.piN = 3.62448476254940033
