theo_error.scale_from_amplitudes = yes
scaling_form = 1
eft_nu = 4.0
eft_C = 1.0237
eft_nu.piN = 5.0
eft_C.piN = 3.6305
residual_list.load = no
residual_list.load.prefix = N2LOsim-600-224.theo
eft_C = 2.05971293151378632
eft_C.piN = 3.64584527909755707
eft_C = 2.03841082751750946
eft_C.piN = 3.65168578922748566
eft_C = 2.03601039946079254
eft_C.piN = 3.65139938890933990
