theo_error.scale_from_amplitudes = yes
scaling_form = 1
eft_nu = 4.0
eft_C = 1.0237
eft_nu.piN = 5.0
eft_C.piN = 3.6305
residual_list.load = no
residual_list.load.prefix = N2LOsim-525-224.theo
eft_C = 1.35112069547176361
eft_C.piN = 3.63604821264743805
eft_C = 1.32737539708614349
eft_C.piN = 3.63785229623317719
eft_C = 1.32496185600757599
eft_C.piN = 3.63743700087070465
