theo_error.scale_from_amplitudes = yes
scaling_form = 1
eft_nu = 4.0
eft_C = 1.0237
eft_nu.piN = 5.0
eft_C.piN = 3.6305
residual_list.load = no
residual_list.load.prefix = N2LOsim-475-191.theo
eft_C = 1.22143842279911041
eft_C.piN = 3.62620480358600616
eft_C = 1.22143842279911041
eft_C.piN = 3.62620480358600616
eft_C = 1.11713133752346039
eft_C.piN = 3.64246822893619537
eft_C = 1.11029453575611115
eft_C.piN = 3.64222474396228790
