4.040838700899282718e-06 4.038091723051879153e-06 9.330617673109630080e-05 4.021231695532350914e-06 9.342829944149475322e-05 2.350348605513089144e-06 -6.002365034608354985e-05 -5.883795947827278564e-05 -6.209006849168439382e-05 -6.075739090203426736e-05 4.028689345966094292e-06 7.534969944243940501e-05 1.294993184072615772e-05 5.993139337159752783e-04 2.103889391000745516e-03 -2.667104670796389358e-04 1.955547231049206932e-05 8.269806414942256325e-05 -1.382214457998760218e-04 4.372954849526474499e-05 -7.099076933358877445e-05 -6.836365658134582052e-05 3.303261584375434372e-03 -8.180357095620907973e-03 3.919846025730899016e-04 -3.472250083067906362e-04 1.428446125462003833e-06 1.998950878638389083e-11 -1.212494530479516972e-05 -2.130441391569319512e-06 -2.464403502336593085e-09 -6.259512266725870836e-05 1.671488921768295358e-09 -5.191771444181399688e-08 -6.467264409056913536e-08 -1.259424896567917231e-06 -1.038979989149278800e-08 4.343862000129723562e-07 -1.309919361554857804e-07 5.290988082895327593e-07 2.899466930699395571e-10 -5.151136309538104790e-05 3.931294884185925348e-07 2.079287996634339443e-07 -9.404280415152070476e-07 4.621353737457350910e-06 -8.006760062418897508e-07 -2.367168688659429605e-05 -1.324910610102965496e-06 1.551572094248386577e-06 3.146015266884129003e-07 1.456359674626610942e-05
4.038091723051879153e-06 4.036619848610992422e-06 9.337561261782270151e-05 4.023816108623303493e-06 9.344108322573709501e-05 2.388705876269284720e-06 -6.001145201503780451e-05 -5.880202245684028523e-05 -6.208317707332843428e-05 -6.074998815933734631e-05 4.027175893552152685e-06 7.520597608137561969e-05 1.288764476210974458e-05 5.992795673168250072e-04 2.103818706936582544e-03 -2.667402171168882269e-04 2.002151700285832064e-05 8.295141723665215550e-05 -1.383460508550271866e-04 4.366239972216150823e-05 -7.118708278002147953e-05 -6.856292450585396410e-05 3.303748248262110970e-03 -8.180365277965980300e-03 3.921419266762419652e-04 -3.494779321990621390e-04 1.423591535079706132e-06 1.745321175062225904e-11 -1.191398787672800899e-05 -1.465699031906130205e-06 -2.568332643436771803e-09 -6.449044015251784124e-05 1.548571425777324988e-09 -5.536290249188252049e-08 -6.436812431574543853e-08 -1.162720773773419190e-06 -1.032732206782066465e-08 4.318086210367684567e-07 -1.311030310606221077e-07 5.296382358251069433e-07 2.900690570092482200e-10 -5.153585515295771029e-05 3.885544550411327496e-07 2.037651726155391476e-07 -9.153322861786114673e-07 8.560800944638121043e-07 -8.144047750617772332e-07 -2.350300038594780629e-05 -1.293852299221313493e-06 1.551370272078807133e-06 3.148720503978585600e-07 1.456242243316967093e-05
9.330617673109630080e-05 9.337561261782270151e-05 2.288171858568014728e-03 9.431286781874816507e-05 2.279682013061141467e-03 1.369180976942459011e-04 -1.361805301352471626e-03 -1.306497862045191954e-03 -1.471442419430252137e-03 -1.421428801331380345e-03 9.316071126025567140e-05 1.549213398873543158e-03 2.095730514926016940e-04 1.397923333914363915e-02 4.923936597200787024e-02 -6.371995896729295075e-03 1.294756803624432179e-03 2.411636836316337785e-03 -3.484743866156159164e-03 9.071407067352641341e-04 -2.038351042383534061e-03 -1.947552202494011540e-03 7.864469055404949005e-02 -1.920961537406084829e-01 9.513787064584054362e-03 -1.221291060375744378e-02 1.079829036785016688e-05 -7.272799896946690781e-11 -2.071459844430209672e-04 -4.507106221207878005e-05 -2.132073384183172198e-08 -3.438803774301914945e-03 3.180833634874837633e-08 -1.195113476938444288e-06 -1.453920427831052240e-06 4.345368278672687580e-05 -1.898948145059053643e-07 7.997294096009055882e-06 -3.034532377912029116e-06 1.233210275552261678e-05 6.625441088303323441e-09 -1.398274212303545101e-03 -1.246239026591178104e-06 -3.423569125407757690e-07 -2.643118489171612890e-07 -6.690687527541474113e-05 2.183742464454069623e-06 -4.134620495535794673e-04 -4.988696163467632426e-06 3.614119504644660967e-05 7.889566408021412078e-06 3.394848801268662754e-04
4.021231695532350914e-06 4.023816108623303493e-06 9.431286781874816507e-05 4.829677838998201195e-06 8.942640983601518937e-05 -3.935451628144444662e-06 -6.086880380618661695e-05 -6.502662799278828868e-05 -6.203648678053792992e-05 -6.170120387694463468e-05 4.011442265581272698e-06 7.867664441582559597e-05 1.575396853936402911e-05 5.973545676722521146e-04 2.104179231486674739e-03 -2.724889036648142941e-04 1.350366522842986293e-05 8.111836217302997463e-05 -1.384211227805558588e-04 4.474241244853365262e-05 -7.053896777485318351e-05 -6.431724640989703147e-05 3.323147678695968169e-03 -8.191821303767119269e-03 3.933360841977531427e-04 -3.204418274184152272e-04 1.005941170720519712e-06 -1.551030026426543770e-11 -1.069082912397167815e-05 -1.297630914195784919e-05 9.557318451053345605e-09 -1.998240102408465311e-04 8.709289605813959804e-09 -2.472828391864408486e-07 6.484426109247520250e-07 4.240117918910414998e-05 -7.256128523554634839e-09 3.016567181876467246e-07 -1.474559178832989643e-07 6.007875016703906939e-07 3.142597683351014426e-10 -4.272333372470430839e-05 7.527410190638170965e-07 1.241604403865235035e-07 -5.934941817613820099e-07 -7.748490967521432174e-06 -5.640687200627335465e-07 -2.775597497843968248e-05 -1.017213127379769183e-06 1.563715156840077622e-06 3.133179827893488267e-07 1.456081574779727150e-05
9.342829944149475322e-05 9.344108322573709501e-05 2.279682013061141467e-03 8.942640983601518937e-05 2.309141644406435129e-03 1.715944729942095112e-04 -1.352527650428192495e-03 -1.268320135061557505e-03 -1.471109315615305117e-03 -1.414702979832787276e-03 9.324551452887221907e-05 1.531181663752856446e-03 1.910834554953360969e-04 1.397487967871641722e-02 4.918779749505384352e-02 -6.336338242072142232e-03 1.346808435889414310e-03 2.429154743629438184e-03 -3.485945309271419081e-03 8.978462130708358187e-04 -2.047630154585108539e-03 -1.976290025793621483e-03 7.848524150023750146e-02 -1.918523903013415466e-01 9.504553957360595967e-03 -1.244563887695792313e-02 1.486897258561657332e-05 3.671494239046010503e-10 -2.292764319525213775e-04 6.053246417490694875e-05 -6.722570078413920863e-08 -2.507162032141421748e-03 -4.357217171727092716e-08 1.003183080874916017e-06 -4.927286616785913562e-06 -1.819380634298174747e-04 -2.322842757990738448e-07 9.788831125718886522e-06 -3.079581537514134138e-06 1.247339846163115316e-05 6.799576403790166687e-09 -1.442191132048996523e-03 -2.285371411739700233e-06 4.984628768031955858e-07 -3.664107915769221760e-06 4.350211915939113306e-05 -4.283057975510893255e-07 -4.067461700043295547e-04 -8.733665072451293494e-06 3.603276661074681687e-05 7.901056918138723073e-06 3.391241226329803774e-04
2.350348605513089144e-06 2.388705876269284720e-06 1.369180976942459011e-04 -3.935451628144444662e-06 1.715944729942095112e-04 1.661522361574757677e-04 3.975318816730431261e-05 1.310618066932759513e-04 -6.243020123281122727e-05 -5.862305205084179728e-06 2.456842342278102510e-06 -3.068066109584444969e-04 -1.483907364825196983e-04 4.795279867833889334e-04 1.564621026484694843e-03 -1.006921061713170087e-04 1.099911818740795071e-03 6.051125117921838173e-04 -3.475459852785764935e-04 -1.248771742018568959e-04 -4.512834165658692782e-04 -5.629152413951404085e-04 3.029344031861645054e-03 -6.320675381008042382e-03 5.825302142042075885e-04 -5.448218501184864775e-03 -5.782703512939061126e-06 1.113844228543582037e-09 3.992458835824813412e-05 3.018618141064388400e-05 -1.756906415757384879e-07 -1.998204315273339506e-03 -1.526814282982221093e-09 -1.019269193811002474e-07 -7.743297263758296893e-06 -3.618166273938088818e-04 1.148492025543514489e-07 -4.773483089519096599e-06 1.138953567993072267e-06 -4.579140675845435629e-06 -2.427393327296596717e-09 -3.510670708741715947e-04 -2.277703076005504484e-05 -2.065170118036839965e-06 8.580469242108262955e-06 -4.815067934812598989e-05 8.389475003479617959e-06 1.924001472528942731e-04 1.266281882487096312e-05 5.055387468953309940e-07 8.179507430989921953e-07 9.648583064534706292e-06
-6.002365034608354985e-05 -6.001145201503780451e-05 -1.361805301352471626e-03 -6.086880380618661695e-05 -1.352527650428192495e-03 3.975318816730431261e-05 9.812500267356205792e-04 9.592359924711366462e-04 9.069740261140302705e-04 9.307828686553142441e-04 -5.981807364434480216e-05 -1.340831986443703642e-03 -2.790292773558444286e-04 -8.861087693350234995e-03 -3.123126188842493406e-02 4.060200270420128051e-03 3.315974359053634442e-04 -9.286335564050345655e-04 1.924997600869708279e-03 -7.404468180276905804e-04 8.407697805130861287e-04 7.110235208675130467e-04 -4.890334979304404583e-02 1.213988316459657657e-01 -5.677404284863258460e-03 2.199037415954677860e-03 -1.821012892201881941e-05 3.117441388484140789e-09 2.295644522473679722e-04 1.158165678069009884e-06 1.882343963194466677e-07 -9.108344640485474325e-04 -1.194702200310162432e-09 6.350603653324213864e-08 -1.022708024921186721e-06 -3.776117922915265754e-05 2.564292043875474825e-07 -1.072800128005719592e-05 2.928187976672647267e-06 -1.181030083384176544e-05 -6.433097752713866422e-09 6.288691579118129652e-04 -1.987218609108292762e-05 -2.990272790645543460e-06 1.349093694107828526e-05 -4.342208521700853107e-05 1.125980060143148041e-05 4.412597977140724219e-04 2.046705055560713076e-05 -2.347591181327335824e-05 -4.352241293005320418e-06 -2.167684711859033326e-04
-5.883795947827278564e-05 -5.880202245684028523e-05 -1.306497862045191954e-03 -6.502662799278828868e-05 -1.268320135061557505e-03 1.310618066932759513e-04 9.592359924711366462e-04 1.208988894201480256e-03 8.941674390836968842e-04 9.386541251240597969e-04 -5.858120411838477898e-05 -1.491834808281966357e-03 -3.469445958500043370e-04 -8.576230508806367489e-03 -3.039966531573713021e-02 4.090555307885198298e-03 8.298450505717727427e-04 -6.756840903165434870e-04 1.787011320217590099e-03 -7.965676736689943733e-04 6.636765170419283485e-04 4.314273885102802228e-04 -4.773781237760673507e-02 1.182638655974625891e-01 -5.442450218319657210e-03 -2.463689995560198326e-04 -2.127403188767241720e-05 5.996426699264177479e-10 2.655467878236989323e-04 6.387191669695372308e-05 -2.495839232432225779e-07 3.239871952523931328e-03 -4.025084578205746127e-08 1.252802012230719269e-06 -6.432928108515796225e-06 -3.278628264039190913e-04 2.717627752686888572e-07 -1.133285260016224022e-05 3.372336589331584119e-06 -1.363124935365138678e-05 -7.316943390447953633e-09 3.937504582756538645e-04 -3.195933046430295268e-05 -4.155086109903206206e-06 1.823637008721894703e-05 3.084676126762326230e-05 1.772461275548732292e-05 5.722406671339792545e-04 2.844976905654932406e-05 -2.330222002596222050e-05 -3.998011437677682655e-06 -2.113454986462579553e-04
-6.209006849168439382e-05 -6.208317707332843428e-05 -1.471442419430252137e-03 -6.203648678053792992e-05 -1.471109315615305117e-03 -6.243020123281122727e-05 9.069740261140302705e-04 8.941674390836968842e-04 9.898169938880293020e-04 9.402969192662437173e-04 -6.194511577945277449e-05 -1.100902432935027412e-03 -1.687822904181394046e-04 -9.233921516905678820e-03 -3.248130027033487716e-02 4.169473459501514892e-03 -5.481797216822164665e-04 -1.420609819688282939e-03 2.211496663111925474e-03 -6.412472985596647922e-04 1.211490752791568844e-03 1.154563809382253437e-03 -5.145004774778884349e-02 1.265137729810147660e-01 -6.159335395820062647e-03 6.568481831718826769e-03 -1.579118555474057404e-05 -1.618597774221942633e-09 2.876393769164381259e-04 3.140150845617488195e-05 3.357110146504653782e-08 2.193684590106284582e-03 -3.109407712796109704e-08 1.101702329863619602e-06 1.305082472185445110e-06 1.343625592263617637e-05 1.347654124890762034e-07 -5.643559976304090894e-06 1.924505482093342331e-06 -7.797361595366359330e-06 -4.234965214516960222e-09 8.368324997561809100e-04 -3.035151369888200714e-06 -1.953980150090535586e-06 9.315682299306046420e-06 1.513288838916214806e-05 8.055402590132514348e-06 3.328268355306246559e-04 1.440451255136453016e-05 -2.392545605485090550e-05 -5.017023646045224789e-06 -2.244126774489238680e-04
-6.075739090203426736e-05 -6.074998815933734631e-05 -1.421428801331380345e-03 -6.170120387694463468e-05 -1.414702979832787276e-03 -5.862305205084179728e-06 9.307828686553142441e-04 9.386541251240597969e-04 9.402969192662437173e-04 9.401276606005416281e-04 -6.058009015486542464e-05 -1.233746625554228184e-03 -2.301941141314181550e-04 -8.995890932690733116e-03 -3.173849416629945241e-02 4.150567189806404073e-03 -1.016145555770820406e-04 -1.181107597392113675e-03 2.074171196486224514e-03 -6.904517278929999096e-04 1.037106304961033301e-03 9.147570681927630516e-04 -5.020720212851381009e-02 1.236096421754521030e-01 -5.923119461828940668e-03 4.358093787335268546e-03 -1.486821435092567823e-05 3.542468091513173945e-10 1.881212494693165391e-04 1.176501512550344984e-05 -6.441929596756162032e-08 4.178590026556917728e-04 -8.788767527519151337e-09 3.498156411440932301e-07 -5.570354501326830286e-07 -4.988141566805619421e-05 2.065630089236578479e-07 -8.652043432914570615e-06 2.586036317170012028e-06 -1.045550812827239642e-05 -5.665762462052134477e-09 7.170450978279788211e-04 -1.295308729566609558e-05 -2.008674690270712808e-06 9.427212249212878008e-06 -1.317913715172211881e-05 7.726095217873001639e-06 3.930780620587368316e-04 1.551088158777023864e-05 -2.369738571714109204e-05 -4.682651503521524980e-06 -2.196714557483833187e-04
4.028689345966094292e-06 4.027175893552152685e-06 9.316071126025567140e-05 4.011442265581272698e-06 9.324551452887221907e-05 2.456842342278102510e-06 -5.981807364434480216e-05 -5.858120411838477898e-05 -6.194511577945277449e-05 -6.058009015486542464e-05 4.140303686226717699e-06 7.442872234511464455e-05 1.444465521373683567e-05 5.978850185181864814e-04 2.098803244839638794e-03 -2.660074216625920663e-04 2.044313187991015057e-05 8.297357621106054822e-05 -1.381058146082469258e-04 4.348889080385207051e-05 -7.117116673780829353e-05 -6.863352311877937836e-05 3.295881874026996249e-03 -8.160843338451047660e-03 3.913021908771050850e-04 -3.508667900670982493e-04 1.427668022171736933e-06 1.916568449530963082e-11 -1.192902434624731886e-05 -1.482258463521787723e-06 -2.633914933469146165e-09 -6.569025287270701622e-05 1.610952378612838749e-09 -5.633207806735270772e-08 -6.813306841396395422e-08 -1.338095356758767495e-06 7.999536949855435845e-06 7.265257485829552481e-07 -3.952846584181054224e-06 9.247667277019164311e-08 1.346159621948819527e-09 -5.724208966046994459e-05 9.639503018211940277e-08 2.045096247698527962e-07 -9.179928688245862608e-07 8.453355197297167355e-07 -8.182922534565706877e-07 2.532119312921783964e-04 3.664538333480818098e-06 1.547304041187847912e-06 3.143536270095306366e-07 1.452731445336407724e-05
7.534969944243940501e-05 7.520597608137561969e-05 1.549213398873543158e-03 7.867664441582559597e-05 1.531181663752856446e-03 -3.068066109584444969e-04 -1.340831986443703642e-03 -1.491834808281966357e-03 -1.100902432935027412e-03 -1.233746625554228184e-03 7.442872234511464455e-05 2.894700617091969588e-03 7.064616590375662978e-04 1.082387267807429117e-02 3.845647855763556500e-02 -5.249556746307630986e-03 -2.567900577442958163e-03 7.728812017118529519e-05 -1.899925360500319491e-03 1.226306985808565345e-03 -2.612839679001100618e-04 1.562371908563463946e-04 5.931993745680154417e-02 -1.491372056020654480e-01 6.443125603070349802e-03 7.596164679215040849e-03 3.649015279544067907e-05 -3.259558152070177569e-09 -3.769082840604027129e-04 9.719197525758887764e-05 3.184690278693716246e-07 6.933837337382934077e-03 -8.417314472105037698e-08 2.789854288367351361e-06 8.011138662292992195e-06 2.298559523655804957e-04 -1.880257996995176418e-05 2.749113068117625306e-05 1.311931086290074640e-05 2.880625037494168760e-05 -2.492391464464029137e-05 -1.057204506734086506e-04 7.807508048853663957e-05 8.313822696768824789e-06 -3.605809191994795057e-05 2.364212375228945872e-04 -3.235389260249084246e-05 -1.878124173386189633e-03 -7.020904178767671739e-05 3.028612972978292714e-05 4.217844302159936407e-06 2.691468573965234636e-04
1.294993184072615772e-05 1.288764476210974458e-05 2.095730514926016940e-04 1.575396853936402911e-05 1.910834554953360969e-04 -1.483907364825196983e-04 -2.790292773558444286e-04 -3.469445958500043370e-04 -1.687822904181394046e-04 -2.301941141314181550e-04 1.444465521373683567e-05 7.064616590375662978e-04 2.932705792490481844e-04 1.782172572290912195e-03 6.395387349433428147e-03 -9.250204576644375197e-04 -1.178298725789427188e-03 -3.677367184957837203e-04 -1.419161933887608305e-04 3.124959347887104502e-04 2.376489180962803140e-04 3.768249776236593223e-04 9.400718540904519707e-03 -2.460272747007836644e-02 8.613128733895379207e-04 4.861935769114818229e-03 1.115982081296288585e-05 -1.364976747033364268e-09 -6.661852324000834633e-05 -6.071038928724757549e-06 1.561662612159266885e-07 3.139530077577783358e-03 3.220572806159502822e-08 6.691806890809573167e-07 4.521433660309764340e-06 1.606896749341385456e-04 -2.713242404914127063e-06 3.054997359386388294e-06 -1.591180193198334970e-04 -1.009231489845747949e-05 -3.624399620169418740e-06 -5.135188481682941963e-04 9.304698880001350381e-06 2.828811168940183899e-06 -1.177190192706720593e-05 1.451532960850915549e-04 -9.988010346600415882e-06 3.482996358466338999e-03 5.035964027504875634e-05 5.460467834725308870e-06 2.914312325499582486e-07 4.561196605968557017e-05
5.993139337159752783e-04 5.992795673168250072e-04 1.397923333914363915e-02 5.973545676722521146e-04 1.397487967871641722e-02 4.795279867833889334e-04 -8.861087693350234995e-03 -8.576230508806367489e-03 -9.233921516905678820e-03 -8.995890932690733116e-03 5.978850185181864814e-04 1.082387267807429117e-02 1.782172572290912195e-03 8.921286540402430243e-02 3.130411710101331235e-01 -3.956924053116991913e-02 4.077713379694596248e-03 1.288702863743706843e-02 -2.082662670165156757e-02 6.336960535818539700e-03 -1.098829377416530619e-02 -1.072530954011840024e-02 4.920707757746528022e-01 -1.217401638960422305e+00 5.863161957194540364e-02 -5.724534434845532371e-02 1.872382751499057608e-04 1.177849937585219871e-09 -1.536965832949708718e-03 -2.588258814313756581e-04 -5.902427839980364294e-07 -1.155413161252987105e-02 2.503781190684939977e-07 -8.973062529760724132e-06 -1.193744753128052714e-05 -2.116392458579524974e-04 -1.421599091294877430e-06 5.949685389064323911e-05 -1.886752689533003710e-05 7.629870883492260926e-05 4.170649216700631086e-08 -8.010345990395639076e-03 3.638798581150229719e-05 2.446001363252863826e-05 -1.135810689437395746e-04 -1.509504189210338315e-05 -9.762465877300055908e-05 -3.255075818460627032e-03 -1.626995755666251582e-04 2.301473350069549743e-04 4.743484033902505709e-05 2.165691282404734117e-03
2.103889391000745516e-03 2.103818706936582544e-03 4.923936597200787024e-02 2.104179231486674739e-03 4.918779749505384352e-02 1.564621026484694843e-03 -3.123126188842493406e-02 -3.039966531573713021e-02 -3.248130027033487716e-02 -3.173849416629945241e-02 2.098803244839638794e-03 3.845647855763556500e-02 6.395387349433428147e-03 3.130411710101331235e-01 1.114820690289286098e+00 -1.398535154082342635e-01 1.373942510427404035e-02 4.250841858608535306e-02 -6.592946061597156071e-02 1.919532337827031115e-02 -4.031584195541437071e-02 2.399204997748177748e-02 1.618080335703485861e+00 -4.303152274281979217e+00 1.360321750623769144e-01 -1.547786112075754117e-01 6.162189979278891692e-04 2.012498595923159491e-09 -5.574153590423862673e-03 -8.454321138232560699e-04 -1.410981781059015963e-06 -3.947228525112209119e-02 7.913945865528390360e-07 -2.858267163396309410e-05 -3.280887116637279280e-05 -2.903639351667236523e-04 -5.237429777205181820e-06 2.192898488677098552e-04 -6.943313583326364753e-05 2.808487163240899883e-04 1.531409854853449883e-07 -2.785366898065744570e-02 1.622347038907675371e-04 7.870213080102928882e-05 -3.679603428916656030e-04 -5.324505755624307909e-05 -3.119377140303733801e-04 -1.161358582621270161e-02 -5.424336830323036110e-04 7.233343774112852313e-04 1.776302024538681961e-04 8.984992459581281690e-03
-2.667104670796389358e-04 -2.667402171168882269e-04 -6.371995896729295075e-03 -2.724889036648142941e-04 -6.336338242072142232e-03 -1.006921061713170087e-04 4.060200270420128051e-03 4.090555307885198298e-03 4.169473459501514892e-03 4.150567189806404073e-03 -2.660074216625920663e-04 -5.249556746307630986e-03 -9.250204576644375197e-04 -3.956924053116991913e-02 -1.398535154082342635e-01 1.848493000112482257e-02 -1.257491787414370156e-03 -5.684521110610222909e-03 9.402190081033465902e-03 -2.931660777180106724e-03 4.958258551619054363e-03 4.350860418416235484e-03 -2.228313187236783677e-01 5.454569872042676071e-01 -2.646789497380193368e-02 2.318519553740074068e-02 -4.551190198149012025e-05 1.461415682889323778e-09 8.505895356483364608e-04 5.622298627824804832e-05 -3.509832639944625933e-07 4.070415438604325573e-03 -2.999803094569227245e-08 1.279265929687206031e-06 -3.160467103023106056e-06 -3.255970227385183774e-04 8.640297143875401355e-07 -3.624642981920354944e-05 1.137958133926990581e-05 -4.607871158395865580e-05 -2.483931920615105809e-08 3.311941971667114494e-03 -4.857926886797661278e-05 -4.315589121849539795e-06 2.232869217094720683e-05 5.362463646005662793e-06 1.521141940665783463e-05 1.625240353872977814e-03 4.616569119118610321e-05 -1.043668562284035911e-04 -2.116925413882696694e-05 -9.664972253463888739e-04
1.955547231049206932e-05 2.002151700285832064e-05 1.294756803624432179e-03 1.350366522842986293e-05 1.346808435889414310e-03 1.099911818740795071e-03 3.315974359053634442e-04 8.298450505717727427e-04 -5.481797216822164665e-04 -1.016145555770820406e-04 2.044313187991015057e-05 -2.567900577442958163e-03 -1.178298725789427188e-03 4.077713379694596248e-03 1.373942510427404035e-02 -1.257491787414370156e-03 9.723873736327628275e-03 5.451493829196480539e-03 -3.179399649832616390e-03 -1.096642493231926325e-03 -4.115298490527575029e-03 -4.886399211151355552e-03 2.828674223966066992e-02 -5.636872803187990139e-02 5.345958428189569352e-03 -4.830898895362048528e-02 -7.599889380474900418e-05 8.260107558037789669e-09 4.350675300806281279e-04 -1.973686216223487948e-04 -7.055849702416097675e-07 -2.530148108054066161e-02 1.570621147663038753e-07 -5.640728566777731801e-06 -2.068560549945813168e-05 -3.380790088008786727e-04 1.057653517053352803e-06 -4.398497465907234713e-05 8.032551203125577811e-06 -3.198214502899026138e-05 -1.770237597837778603e-08 -2.630591619412023241e-03 -1.766409797361090167e-04 -2.335710180374909247e-05 9.736122437462591266e-05 -6.200081644907366957e-04 9.433102763493098021e-05 1.403275809587835408e-03 1.296202984217762453e-04 5.006808356981428591e-06 7.358626070623095291e-06 8.382586452669450023e-05
8.269806414942256325e-05 8.295141723665215550e-05 2.411636836316337785e-03 8.111836217302997463e-05 2.429154743629438184e-03 6.051125117921838173e-04 -9.286335564050345655e-04 -6.756840903165434870e-04 -1.420609819688282939e-03 -1.181107597392113675e-03 8.297357621106054822e-05 7.728812017118529519e-05 -3.677367184957837203e-04 1.288702863743706843e-02 4.250841858608535306e-02 -5.684521110610222909e-03 5.451493829196480539e-03 9.583189451149699833e-03 -1.087342510244207472e-02 1.338000766719822394e-03 -2.586524318317429474e-03 -1.792609825306597932e-02 9.875092721399315876e-02 -1.735846682900111793e-01 -5.859194780805064562e-04 -1.356460589331599971e-02 -2.779370038347817951e-05 3.936431558646671041e-09 -3.023967842532573023e-06 -1.187463845280327379e-04 -2.726175815330801607e-07 -1.440345242375780724e-02 9.031955963482806516e-08 -3.299617819408055666e-06 -9.975888190376812136e-06 -8.724855599245856389e-05 3.203603621238053342e-07 -1.323700548571064111e-05 1.118841887574922972e-06 -4.244400262671184533e-06 -2.532206748855176742e-09 -2.281147919091546655e-03 -7.952601772373874716e-05 -1.114259552329246249e-05 4.527244853588127086e-05 -3.274530553239224828e-04 4.561167597883996846e-05 2.956863180791645981e-04 5.575242499260965796e-05 8.558055400242178172e-05 -1.796044044353733174e-05 2.984433409390212797e-05
-1.382214457998760218e-04 -1.383460508550271866e-04 -3.484743866156159164e-03 -1.384211227805558588e-04 -3.485945309271419081e-03 -3.475459852785764935e-04 1.924997600869708279e-03 1.787011320217590099e-03 2.211496663111925474e-03 2.074171196486224514e-03 -1.381058146082469258e-04 -1.899925360500319491e-03 -1.419161933887608305e-04 -2.082662670165156757e-02 -6.592946061597156071e-02 9.402190081033465902e-03 -3.179399649832616390e-03 -1.087342510244207472e-02 5.027314989933828054e-02 -2.811980453469355504e-02 8.662705783634764428e-03 4.159123041462067100e-02 -1.830661276378309499e-01 2.757801707475704966e-01 -6.287182523171465365e-02 4.596701976141347179e-02 -1.016801807993768827e-05 -1.700632074823276159e-09 2.862093209914729278e-04 8.819360216827553029e-05 1.097701703614078398e-07 8.605745834405851419e-03 -6.883875008825513375e-08 2.536455536334122995e-06 5.119464978169064047e-06 -4.123666758440778070e-06 1.245147698872529661e-07 -5.309497662343390479e-06 3.139205568542402022e-06 -1.284077898130199164e-05 -6.850210385505028944e-09 2.363064845925687794e-03 2.594966121526430259e-05 2.590326555699905738e-06 -8.483377925232200772e-06 1.593682979280203443e-04 -1.127271761552195582e-05 4.272661631757662323e-04 -5.056485618073257256e-06 -7.802375934396264638e-04 2.430634726726220852e-05 1.199701940978624730e-03
4.372954849526474499e-05 4.366239972216150823e-05 9.071407067352641341e-04 4.474241244853365262e-05 8.978462130708358187e-04 -1.248771742018568959e-04 -7.404468180276905804e-04 -7.965676736689943733e-04 -6.412472985596647922e-04 -6.904517278929999096e-04 4.348889080385207051e-05 1.226306985808565345e-03 3.124959347887104502e-04 6.336960535818539700e-03 1.919532337827031115e-02 -2.931660777180106724e-03 -1.096642493231926325e-03 1.338000766719822394e-03 -2.811980453469355504e-02 1.905232736075661987e-02 -3.522761234488020268e-03 -1.416866606848943624e-02 5.773380965168604245e-02 -7.978742964231202994e-02 3.916884347379297193e-02 -2.121758658111191215e-02 2.366943156966930720e-05 -1.177491431312441771e-09 -1.889480584950856547e-04 1.075041285556908519e-05 8.268336867255250949e-08 2.763054839403292998e-03 -6.670320300714221522e-09 2.315073402622318438e-07 2.409616375743276896e-06 5.083663797761202243e-05 -2.717911989665564217e-07 1.133890484430665830e-05 -2.746169512953905221e-06 1.103654155828281107e-05 6.048474709933572012e-09 -2.348621483108327603e-04 2.950393297363009318e-05 4.935044981816148201e-06 -2.143560531523709651e-05 8.738648405473006201e-05 -1.976376328100496328e-05 -4.609657588346210370e-04 -2.994241881349511721e-05 5.159593980384360578e-04 -1.245200678012294004e-05 -8.042927868550872345e-04
-7.099076933358877445e-05 -7.118708278002147953e-05 -2.038351042383534061e-03 -7.053896777485318351e-05 -2.047630154585108539e-03 -4.512834165658692782e-04 8.407697805130861287e-04 6.636765170419283485e-04 1.211490752791568844e-03 1.037106304961033301e-03 -7.117116673780829353e-05 -2.612839679001100618e-04 2.376489180962803140e-04 -1.098829377416530619e-02 -4.031584195541437071e-02 4.958258551619054363e-03 -4.115298490527575029e-03 -2.586524318317429474e-03 8.662705783634764428e-03 -3.522761234488020268e-03 7.333120913505782046e-02 -2.724226140319765954e-03 -5.127896781091605821e-02 1.525244896469767075e-01 -1.640258829059576262e-01 1.863134348079034663e-01 2.275552506851651641e-05 -2.763257891095873835e-09 4.327174710373537592e-05 8.661548833658371861e-05 1.433900357750719233e-07 1.093050385464280905e-02 -6.239810523255441538e-08 2.307323787193877282e-06 6.730492140048841666e-06 2.033420256488322121e-05 -1.953884224252729796e-07 8.038454167463894177e-06 -2.342743289746262542e-07 7.285539804089555873e-07 5.989945116840758760e-10 1.808688931389525753e-03 5.587097622709090390e-05 8.841720387043500997e-06 -3.590026203568673325e-05 2.476693378952944842e-04 -3.638380249147492410e-05 -1.572009707568143696e-04 -4.290282855152737900e-05 -5.965775501947084142e-06 -1.941815364053473079e-04 -1.313193933392408112e-04
-6.836365658134582052e-05 -6.856292450585396410e-05 -1.947552202494011540e-03 -6.431724640989703147e-05 -1.976290025793621483e-03 -5.629152413951404085e-04 7.110235208675130467e-04 4.314273885102802228e-04 1.154563809382253437e-03 9.147570681927630516e-04 -6.863352311877937836e-05 1.562371908563463946e-04 3.768249776236593223e-04 -1.072530954011840024e-02 2.399204997748177748e-02 4.350860418416235484e-03 -4.886399211151355552e-03 -1.792609825306597932e-02 4.159123041462067100e-02 -1.416866606848943624e-02 -2.724226140319765954e-03 7.953988310695865316e-01 -1.635802185407811971e+00 5.867565035868698153e-01 -6.065941896055124793e-01 3.915683751258272061e-01 9.313284121007913557e-06 -4.178683194071250452e-09 -7.169360974593327537e-05 1.247058689830887127e-04 4.804537205525095715e-07 1.274438351872472786e-02 -1.094680574245707447e-07 3.894077960300551223e-06 1.194765404691817983e-05 2.443375763389109105e-04 -3.749838412560004057e-07 1.558183239506413684e-05 -2.252717014197891182e-06 8.894053109439717831e-06 4.902340155015674056e-09 2.025346617239200207e-03 8.154424490381409702e-05 7.000900778506304024e-06 -2.788735782969035666e-05 2.814718649603670459e-04 -2.810264154503600432e-05 -3.395466503896510217e-04 -3.789611263375184422e-05 -2.123452833415296421e-04 -3.102595931620852170e-04 5.076306870060463827e-03
3.303261584375434372e-03 3.303748248262110970e-03 7.864469055404949005e-02 3.323147678695968169e-03 7.848524150023750146e-02 3.029344031861645054e-03 -4.890334979304404583e-02 -4.773781237760673507e-02 -5.145004774778884349e-02 -5.020720212851381009e-02 3.295881874026996249e-03 5.931993745680154417e-02 9.400718540904519707e-03 4.920707757746528022e-01 1.618080335703485861e+00 -2.228313187236783677e-01 2.828674223966066992e-02 9.875092721399315876e-02 -1.830661276378309499e-01 5.773380965168604245e-02 -5.127896781091605821e-02 -1.635802185407811971e+00 5.901090185334022742e+00 -7.687309368416430644e+00 1.583708497002755067e+00 -1.135855108463861729e+00 7.504069857295844487e-04 3.263940144226492579e-09 -8.930906411803090500e-03 -1.279801753636196316e-03 -5.451931231015201014e-07 -8.083623759189811908e-02 1.074008974414372916e-06 -3.961311834416586248e-05 -3.838343524389610837e-05 8.135649163691790163e-04 -8.077028567398925301e-06 3.387613595306454670e-04 -1.122581305936008289e-04 4.547545298667357507e-04 2.464791273920933286e-07 -4.495917524990298425e-02 2.128820678316512244e-04 7.677131616661677304e-05 -3.791890141359039726e-04 -6.471676131487154272e-04 -2.944277431447586127e-04 -1.751074889905884086e-02 -6.294574463052210120e-04 1.466119702772695392e-03 9.433007912452365381e-04 2.369609472618713648e-03
-8.180357095620907973e-03 -8.180365277965980300e-03 -1.920961537406084829e-01 -8.191821303767119269e-03 -1.918523903013415466e-01 -6.320675381008042382e-03 1.213988316459657657e-01 1.182638655974625891e-01 1.265137729810147660e-01 1.236096421754521030e-01 -8.160843338451047660e-03 -1.491372056020654480e-01 -2.460272747007836644e-02 -1.217401638960422305e+00 -4.303152274281979217e+00 5.454569872042676071e-01 -5.636872803187990139e-02 -1.735846682900111793e-01 2.757801707475704966e-01 -7.978742964231202994e-02 1.525244896469767075e-01 5.867565035868698153e-01 -7.687309368416430644e+00 1.724824178728179547e+01 -1.070627046087038625e+00 9.709951962696243832e-01 -2.288479785410373838e-03 -7.437820442507201974e-09 2.179178945772652573e-02 3.252553074081536953e-03 4.588467921639126362e-06 1.618625875934260605e-01 -2.982244370969455279e-06 1.081352211824224553e-04 1.197117134935370044e-04 4.568659120008391984e-04 2.034809213976951716e-05 -8.522514276929472974e-04 2.721058192100971355e-04 -1.100960637297200258e-03 -5.995777277923565863e-07 1.088061889544331834e-01 -6.187715843365690967e-04 -2.831830197601786303e-04 1.333785937112918823e-03 4.643103823837246239e-04 1.117416635554582252e-03 4.486405783715735618e-02 2.001790224289575447e-03 -2.740803845617135331e-03 -1.054599252253445377e-03 -3.249373827267841575e-02
3.919846025730899016e-04 3.921419266762419652e-04 9.513787064584054362e-03 3.933360841977531427e-04 9.504553957360595967e-03 5.825302142042075885e-04 -5.677404284863258460e-03 -5.442450218319657210e-03 -6.159335395820062647e-03 -5.923119461828940668e-03 3.913021908771050850e-04 6.443125603070349802e-03 8.613128733895379207e-04 5.863161957194540364e-02 1.360321750623769144e-01 -2.646789497380193368e-02 5.345958428189569352e-03 -5.859194780805064562e-04 -6.287182523171465365e-02 3.916884347379297193e-02 -1.640258829059576262e-01 -6.065941896055124793e-01 1.583708497002755067e+00 -1.070627046087038625e+00 3.163707713187492665e+00 -2.740537145516447115e+00 7.043844184692420705e-05 2.036719229617017503e-09 -9.642837002917623197e-04 -1.892756495627720935e-04 -1.857785768740819743e-07 -1.477619448011522479e-02 1.556329011775638472e-07 -5.720879738281412001e-06 -8.494126275205160102e-06 4.270141881765449044e-05 -7.356727935784325424e-07 3.093682570988305299e-05 -1.161940726584359957e-05 4.718910407460750512e-05 2.548637276041913680e-08 -5.822262805353049797e-03 -1.080490594072245435e-05 3.804381102594529677e-06 -2.277006573062312052e-05 -2.065781722707113271e-04 -1.345533965728379746e-05 -1.768135435792957382e-03 -4.544533175913903684e-05 5.513495812581484072e-04 -7.293376553590186131e-04 -3.683182893022199714e-03
-3.472250083067906362e-04 -3.494779321990621390e-04 -1.221291060375744378e-02 -3.204418274184152272e-04 -1.244563887695792313e-02 -5.448218501184864775e-03 2.199037415954677860e-03 -2.463689995560198326e-04 6.568481831718826769e-03 4.358093787335268546e-03 -3.508667900670982493e-04 7.596164679215040849e-03 4.861935769114818229e-03 -5.724534434845532371e-02 -1.547786112075754117e-01 2.318519553740074068e-02 -4.830898895362048528e-02 -1.356460589331599971e-02 4.596701976141347179e-02 -2.121758658111191215e-02 1.863134348079034663e-01 3.915683751258272061e-01 -1.135855108463861729e+00 9.709951962696243832e-01 -2.740537145516447115e+00 2.700161125620510916e+00 3.054008875944622808e-04 -3.934291132351999745e-08 -1.367332995577520346e-03 1.031895523132403403e-03 3.353354200442305606e-06 1.262806453878480006e-01 -8.232764338056653160e-07 2.966052871219829380e-05 1.006323644275493843e-04 1.516090208859364585e-03 -4.384848900654891854e-06 1.821247307080289487e-04 -2.930367395072425559e-05 1.160590852703990126e-04 6.466958628865796566e-08 1.593555768567101946e-02 8.202045214449215802e-04 1.053915969582946532e-04 -4.348070362231184170e-04 2.993338395486443843e-03 -4.269491427517790199e-04 -5.302693271286317879e-03 -5.685648680134559527e-04 -3.340996772331544578e-04 8.788866883895504961e-04 6.430330520711124986e-04
1.428446125462003833e-06 1.423591535079706132e-06 1.079829036785016688e-05 1.005941170720519712e-06 1.486897258561657332e-05 -5.782703512939061126e-06 -1.821012892201881941e-05 -2.127403188767241720e-05 -1.579118555474057404e-05 -1.486821435092567823e-05 1.427668022171736933e-06 3.649015279544067907e-05 1.115982081296288585e-05 1.872382751499057608e-04 6.162189979278891692e-04 -4.551190198149012025e-05 -7.599889380474900418e-05 -2.779370038347817951e-05 -1.016801807993768827e-05 2.366943156966930720e-05 2.275552506851651641e-05 9.313284121007913557e-06 7.504069857295844487e-04 -2.288479785410373838e-03 7.043844184692420705e-05 3.054008875944622808e-04 8.812325632121495477e-05 5.932864074781652990e-11 -2.001841729832264704e-05 5.442946739288026189e-07 -8.682031776725190427e-09 1.120651641426159272e-04 1.566068325947501595e-08 -8.204775136798887599e-08 -2.458331665155382605e-07 -1.970624371277841699e-05 1.480924097958898935e-07 -8.805806617670735963e-09 2.291854256678143053e-07 -3.521898544754994470e-07 -2.880315933568123914e-10 2.137527174161720582e-06 3.134665105740154941e-07 8.525271178336824119e-06 -3.754769753618489802e-06 2.045560138393748073e-05 -4.699854389299142524e-06 2.708186634895045838e-05 -4.559285767768649632e-06 4.393401151556749237e-07 3.332383251700557842e-08 4.442680615457918216e-06
1.998950878638389083e-11 1.745321175062225904e-11 -7.272799896946690781e-11 -1.551030026426543770e-11 3.671494239046010503e-10 1.113844228543582037e-09 3.117441388484140789e-09 5.996426699264177479e-10 -1.618597774221942633e-09 3.542468091513173945e-10 1.916568449530963082e-11 -3.259558152070177569e-09 -1.364976747033364268e-09 1.177849937585219871e-09 2.012498595923159491e-09 1.461415682889323778e-09 8.260107558037789669e-09 3.936431558646671041e-09 -1.700632074823276159e-09 -1.177491431312441771e-09 -2.763257891095873835e-09 -4.178683194071250452e-09 3.263940144226492579e-09 -7.437820442507201974e-09 2.036719229617017503e-09 -3.934291132351999745e-08 5.932864074781652990e-11 2.236039025498609847e-13 -4.010044752043327402e-09 -7.119247376061467309e-10 1.150224050960354102e-11 -6.158944652253442634e-08 8.972994506376224706e-13 -3.226616958754190489e-11 -4.704795620149959890e-11 -1.698190776402251199e-09 2.451658039604122664e-12 -1.096213998877777494e-10 2.783761979887106019e-11 -1.130234354068832286e-10 -5.599364905421200052e-14 -1.883982743520410528e-10 -2.290160523183710354e-10 4.286158519676430066e-11 -2.834478789861848021e-10 -5.848308321567379051e-11 -3.263370595726794941e-10 -6.875649140876215700e-11 -3.276000402482354628e-10 -4.998473248309712624e-12 4.372925610409752073e-12 7.087790539609161464e-12
-1.212494530479516972e-05 -1.191398787672800899e-05 -2.071459844430209672e-04 -1.069082912397167815e-05 -2.292764319525213775e-04 3.992458835824813412e-05 2.295644522473679722e-04 2.655467878236989323e-04 2.876393769164381259e-04 1.881212494693165391e-04 -1.192902434624731886e-05 -3.769082840604027129e-04 -6.661852324000834633e-05 -1.536965832949708718e-03 -5.574153590423862673e-03 8.505895356483364608e-04 4.350675300806281279e-04 -3.023967842532573023e-06 2.862093209914729278e-04 -1.889480584950856547e-04 4.327174710373537592e-05 -7.169360974593327537e-05 -8.930906411803090500e-03 2.179178945772652573e-02 -9.642837002917623197e-04 -1.367332995577520346e-03 -2.001841729832264704e-05 -4.010044752043327402e-09 1.052030391479864390e-03 1.975771480925530546e-06 6.008589926709876756e-07 2.895416432703799489e-03 -1.894860983345281633e-08 9.101258558877316726e-07 4.720104953745478562e-07 5.238277050275752452e-05 1.181156333617104275e-07 -1.506598696405636070e-06 1.556075682549138979e-07 -2.641867198368792936e-07 3.840741911480879679e-10 -1.036309114366771168e-04 -1.134786309578201372e-05 -5.538105446572882292e-06 2.280339815520034981e-05 -1.034365092575666758e-04 2.469983612526536684e-05 2.411269574425069315e-04 3.034834769975335952e-05 -4.561863469642782643e-06 -6.087758607300732545e-07 -3.889657351391515255e-05
-2.130441391569319512e-06 -1.465699031906130205e-06 -4.507106221207878005e-05 -1.297630914195784919e-05 6.053246417490694875e-05 3.018618141064388400e-05 1.158165678069009884e-06 6.387191669695372308e-05 3.140150845617488195e-05 1.176501512550344984e-05 -1.482258463521787723e-06 9.719197525758887764e-05 -6.071038928724757549e-06 -2.588258814313756581e-04 -8.454321138232560699e-04 5.622298627824804832e-05 -1.973686216223487948e-04 -1.187463845280327379e-04 8.819360216827553029e-05 1.075041285556908519e-05 8.661548833658371861e-05 1.247058689830887127e-04 -1.279801753636196316e-03 3.252553074081536953e-03 -1.892756495627720935e-04 1.031895523132403403e-03 5.442946739288026189e-07 -7.119247376061467309e-10 1.975771480925530546e-06 1.155940777379856933e-03 -2.761724434485301360e-08 4.414825068180314518e-03 6.625285032056137777e-06 1.261937264883536732e-05 -4.198882256914398907e-06 -4.061685491456239845e-04 1.239943678073437782e-05 1.383231828619726651e-05 1.061622213532657316e-05 8.206687947554028295e-06 7.485535651545232984e-08 1.033001120287045812e-04 1.529223886870947549e-05 4.293741705477899434e-07 -1.756540445215845281e-06 -2.324156711956040094e-03 -2.769336286856192021e-05 -6.484960414747777471e-05 -3.289353575052308574e-06 -4.560857921704495898e-07 -2.158052197015905009e-07 -5.719439128918319545e-06
