4.084421266465815686e-06 4.080169732923006953e-06 9.475420956137782090e-05 4.048979199694096215e-06 9.506532221400403916e-05 2.802319428500615112e-06 -6.116163100093198576e-05 -6.002602605799892295e-05 -6.360359182966317877e-05 -6.161889538169869438e-05 4.064897677599402627e-06 9.161269759405973694e-05 -1.694864943821397556e-05 6.052457532179346617e-04 2.126285399158065435e-03 -2.714798980546826281e-04 2.296316222013808285e-05 8.619998279305443655e-05 -1.413750723347765768e-04 4.371408063381111958e-05 -7.452210382586494080e-05 -7.672326877247246236e-05 3.363494491485433373e-03 -8.278091877421008687e-03 3.922078902768777117e-04 -3.604709289962127437e-04 1.422836555781684671e-06 3.805437742097987293e-11 -1.894658380823460242e-05 -1.967145062021619633e-06 -2.779139624521709141e-09 -7.554934837256921366e-05 1.701318957227899385e-09 -5.293255528513488984e-08 -7.308118486722493902e-08 -1.527052742335523779e-06 -1.200265177700945110e-08 6.094761991691374495e-07 -1.528282887948319838e-07 6.440247836185568262e-07 2.758369576629834211e-10 -1.133151986260602694e-04 -1.137436415164540139e-06 2.103840777650310270e-07 -9.476327618367759930e-07 4.776592035345266877e-06 -8.300847570740372208e-07 -4.104605064006740223e-05 -1.614926964150651554e-06 1.563151366977250813e-06 3.348558136139821294e-07 1.439955529788958206e-05
4.080169732923006953e-06 4.077343575740317919e-06 9.478971366906742229e-05 4.050795016294256660e-06 9.502836241182767896e-05 2.832272085982168831e-06 -6.119491870506476542e-05 -5.996069581567815555e-05 -6.352723332839877411e-05 -6.158537724262278792e-05 4.061957540070572199e-06 9.148061263384363719e-05 -1.697869184282436848e-05 6.050403324252484009e-04 2.125545304399067536e-03 -2.713695603050658906e-04 2.335279772221864742e-05 8.637478544364173667e-05 -1.414224953195657880e-04 4.364236582647802417e-05 -7.465151045179952284e-05 -7.688305394206145903e-05 3.362626925376557569e-03 -8.275345072274342684e-03 3.921846420281557485e-04 -3.622503767589048320e-04 1.412421378493371559e-06 3.257350616188604257e-11 -1.847568680798413040e-05 -1.312830945424502920e-06 -3.006817425054231791e-09 -7.628015552213948647e-05 1.583691639362424283e-09 -5.660559628402119938e-08 -7.293180752257361072e-08 -1.418220765013678602e-06 -1.196568889071207645e-08 6.077179253323179535e-07 -1.531883565214527550e-07 6.455990210814137956e-07 2.765100322684074192e-10 -1.132197413462251865e-04 -1.136341904897068872e-06 2.047957229613541522e-07 -9.167200841708512631e-07 9.732698412838816479e-07 -8.373438597423584966e-07 -4.081537460370619682e-05 -1.575835708999589248e-06 1.562412432694567288e-06 3.349731325647501321e-07 1.439403006904370381e-05
9.475420956137782090e-05 9.478971366906742229e-05 2.339427502026438042e-03 9.611954545492267649e-05 2.334454510003618893e-03 1.522514362374521705e-04 -1.419887478438894290e-03 -1.361772876022424332e-03 -1.499151825727850461e-03 -1.449660308123340612e-03 9.441163279602315613e-05 1.994697548705224623e-03 -4.403622728855196514e-04 1.418878500688987992e-02 5.002474592564445238e-02 -6.527720720686273556e-03 1.430978350593067232e-03 2.535808328382515263e-03 -3.594813163053840483e-03 9.060465357585901396e-04 -2.160822503630589232e-03 -2.185979220482798472e-03 8.058685650233542164e-02 -1.954559118225223380e-01 9.590037028436857944e-03 -1.282764034631823057e-02 1.002509266314047291e-05 -1.170854270068782489e-10 -3.701232464687240990e-04 -4.498384172402633476e-05 -5.130701437325478454e-08 -3.530011410265360746e-03 3.622490811475104629e-08 -1.342839849532681558e-06 -1.692983371082540035e-06 6.835195018328774714e-05 -2.606429555684562605e-07 1.323650206462728052e-05 -3.916039222826015991e-06 1.648838459211271931e-05 7.185813515632582721e-09 -2.714018360135812130e-03 -2.882262606702210394e-05 -4.563383676479309982e-07 3.420435172939776706e-07 -7.221910657699456533e-05 2.066432415271849912e-06 -8.695497486389628392e-04 -1.213159062318826197e-05 3.661696340314467128e-05 8.469838100741132152e-06 3.371672299519141514e-04
4.048979199694096215e-06 4.050795016294256660e-06 9.611954545492267649e-05 5.608931172552093311e-06 8.840958080485591063e-05 -7.396742680909453848e-06 -6.123938370208304707e-05 -7.164269596916274241e-05 -6.254710998063121971e-05 -6.297988654204796533e-05 4.026916093052832170e-06 9.884737724205706140e-05 -1.991718969437311691e-05 6.005883700665506355e-04 2.121562611471341456e-03 -2.802409078360262027e-04 1.409316799164664745e-05 8.397362919003469907e-05 -1.415907862632886395e-04 4.508277540846190602e-05 -7.395869471854659143e-05 -7.053216616316107914e-05 3.388971632837950183e-03 -8.277047915471366299e-03 3.943962756022126922e-04 -3.214986437043950481e-04 8.229442455864757418e-07 -1.074135626752568167e-11 -2.107305509532462383e-05 -1.501564453852075867e-05 1.665838488918700697e-08 -1.738742090130605713e-04 8.970760458686698710e-09 -2.524157729810410193e-07 1.000115659845162395e-06 7.799414313537838606e-05 -1.065543780401244376e-08 5.745292199316807309e-07 -2.092170535624143859e-07 8.880728807257654659e-07 4.005248674588012346e-10 -1.139792324424596223e-04 -7.299637922996419789e-07 9.047206666615839754e-08 -4.466507636923847498e-07 -8.063292793011904157e-06 -4.428003757926169087e-07 -5.738225707378736109e-05 -1.350342736125945784e-06 1.578196575990341552e-06 3.323962846762915979e-07 1.435546935131250891e-05
9.506532221400403916e-05 9.502836241182767896e-05 2.334454510003618893e-03 8.840958080485591063e-05 2.382428440726495900e-03 2.060214087636691514e-04 -1.410798910527288333e-03 -1.301252711563118895e-03 -1.509344343511066517e-03 -1.441527881292589642e-03 9.469970868958967416e-05 1.954148856794404691e-03 -4.374242047455400260e-04 1.421703847032207944e-02 5.006360788686655544e-02 -6.483918360727781820e-03 1.543042296145776633e-03 2.582558792775426458e-03 -3.611385868782930955e-03 8.899360566788003506e-04 -2.190816869731972583e-03 -2.249009683048655561e-03 8.053838261731430248e-02 -1.955450377737369405e-01 9.601611673861051507e-03 -1.334903317460094802e-02 1.522551771224268684e-05 6.310207082640248110e-10 -3.873657546437253595e-04 7.379335678373504610e-05 -1.220643036617426514e-07 -2.949081999682331805e-03 -4.566438098853176631e-08 1.039608463816219648e-06 -6.311756151740794833e-06 -2.879334019786160661e-04 -2.922352005173134415e-07 1.457635396931917821e-05 -3.799196987016510534e-06 1.592649010206132412e-05 6.946336507920172830e-09 -2.700038854977332946e-03 -2.973576366121222090e-05 6.015124411255264759e-07 -3.967682368365430055e-06 4.969547599807070271e-05 -1.436265244210861059e-06 -8.162329396332708908e-04 -1.612498798492988062e-05 3.652102321480870170e-05 8.524555225262044232e-06 3.374017940192738647e-04
2.802319428500615112e-06 2.832272085982168831e-06 1.522514362374521705e-04 -7.396742680909453848e-06 2.060214087636691514e-04 2.080550423817514958e-04 2.226583385195635991e-06 1.480122096842040466e-04 -8.157734239495460120e-05 6.292314315005067193e-07 2.929660638404674466e-06 -3.121183217891607565e-04 4.015099347885090310e-07 5.763753590478469654e-04 1.824875942472798046e-03 -6.901424053995622613e-05 1.338705727470370331e-03 7.223553749202088568e-04 -4.088303863114232809e-04 -1.525294515270352058e-04 -5.415871793904344228e-04 -7.077646251816257020e-04 3.401873281934144136e-03 -7.299638409883225237e-03 6.434524433024596058e-04 -6.577880061630935957e-03 -4.211618611491078687e-06 1.288045651414863251e-09 1.665908745164065992e-04 2.803595199062030539e-05 -2.569418387486675075e-07 -2.656259792251456503e-03 7.449852733524804604e-09 -4.184869908424055241e-07 -9.456349934958745233e-06 -5.246510913788863389e-04 9.787964908216592574e-08 -5.023232789822036020e-06 1.106171384608483114e-06 -4.641301359630414742e-06 -2.375652989059675599e-09 1.475320655735428213e-05 -1.074360766528679953e-05 -1.867868659957811584e-06 7.739088849115307274e-06 -5.647505474882244324e-05 7.322123175080555009e-06 2.510848029687634173e-04 1.244425812683736020e-05 5.197170855522706812e-07 1.020263684019372889e-06 1.094638647646262355e-05
-6.116163100093198576e-05 -6.119491870506476542e-05 -1.419887478438894290e-03 -6.123938370208304707e-05 -1.410798910527288333e-03 2.226583385195635991e-06 1.074068869264979730e-03 9.171437543977179439e-04 9.049160018240830607e-04 9.430179524587408791e-04 -6.089906954509569629e-05 -1.505946570760891435e-03 2.864332912424006391e-04 -9.085303716307318450e-03 -3.199024894118792511e-02 4.143839265458554300e-03 4.304486932438071362e-05 -1.108986711407058652e-03 2.045608532997040142e-03 -7.139266960331577946e-04 9.842510936873042314e-04 9.629087082671642685e-04 -5.050126838481366898e-02 1.245125627433942006e-01 -5.817288631066064308e-03 3.581874244893161821e-03 -1.310551961613217964e-05 6.299200418433099612e-09 2.863329579663520053e-04 -4.137342213877432003e-07 4.883693826230603430e-07 -5.836694197206174044e-04 -6.166478261131208875e-10 4.797254819693966375e-08 1.224708960540762561e-07 7.721388034066700343e-06 2.460733335105502731e-07 -1.235272293118601921e-05 2.974989057130713178e-06 -1.249723862566119836e-05 -5.545344257893518970e-09 1.823112920789838253e-03 1.451054575965576010e-05 -1.654194680748441225e-06 7.832986985081586974e-06 -2.356286622405782402e-05 5.287570533426354603e-06 6.276801749882006138e-04 1.677251637511993789e-05 -2.377736863876266289e-05 -4.826341615768409377e-06 -2.170302724411090614e-04
-6.002602605799892295e-05 -5.996069581567815555e-05 -1.361772876022424332e-03 -7.164269596916274241e-05 -1.301252711563118895e-03 1.480122096842040466e-04 9.171437543977179439e-04 1.357708410696409395e-03 9.246905298321925898e-04 9.726876568269470728e-04 -5.962214961788053004e-05 -1.714085014323109279e-03 2.946526807510726565e-04 -8.731474759976569008e-03 -3.107683490625276837e-02 4.293584940191622935e-03 7.479357901865245307e-04 -7.803742632552942114e-04 1.886756478819886585e-03 -7.995373187048869295e-04 7.614100589743118871e-04 5.540717901875236509e-04 -4.957706496457604806e-02 1.212595727729558620e-01 -5.598371548682692586e-03 2.053430894424224107e-04 -1.868097702127880590e-05 -5.924157639214029707e-10 6.001893768579927247e-04 8.104977138361692409e-05 -3.759003157303691958e-07 4.597045382322820228e-03 -4.709252860063740769e-08 1.447311264741424337e-06 -8.882086385965389818e-06 -5.830381378818109191e-04 2.565671137760547991e-07 -1.328710855303531473e-05 3.652554144529360941e-06 -1.539633792239432391e-05 -6.994733195293135607e-09 1.831489501591436952e-03 7.709913869076492887e-06 -3.669663131457549809e-06 1.606506242960951275e-05 5.848734748028968375e-05 1.650931436241198397e-05 9.436212790170460775e-04 3.231549477396901968e-05 -2.382238302909098503e-05 -4.365629170012557168e-06 -2.111195696422349486e-04
-6.360359182966317877e-05 -6.352723332839877411e-05 -1.499151825727850461e-03 -6.254710998063121971e-05 -1.509344343511066517e-03 -8.157734239495460120e-05 9.049160018240830607e-04 9.246905298321925898e-04 1.063956873593891253e-03 9.561568718590734333e-04 -6.331829863930496884e-05 -1.346730294030573736e-03 2.689420771341588024e-04 -9.433128602105714938e-03 -3.315408943588211976e-02 4.243950521930744089e-03 -6.719651710800977418e-04 -1.512272511071302084e-03 2.287619418113985992e-03 -6.375599528574671902e-04 1.292540623205485273e-03 1.338638837090011090e-03 -5.278764708219903234e-02 1.292351042627794822e-01 -6.219391486093973562e-03 7.135090156730975602e-03 -2.088992629556323189e-05 -4.058940433331343874e-09 4.728750470022792269e-04 3.413930171867521053e-05 3.146059125153674856e-08 3.035156707224755980e-03 -4.288118418810912099e-08 1.498029736467794456e-06 2.166862798795702222e-06 5.251313421716124661e-05 1.486810825403038803e-07 -7.650244125211747980e-06 2.084469798673686846e-06 -8.806335281550505608e-06 -3.681652874754907300e-09 1.745537991867726971e-03 1.988555992816726459e-05 -3.163762932902084898e-06 1.436612152834294896e-05 3.805164026238429777e-06 1.398546125951567063e-05 6.303539476422859861e-04 2.505780342077527247e-05 -2.425647366518357941e-05 -5.414886451985381916e-06 -2.240588181181575719e-04
-6.161889538169869438e-05 -6.158537724262278792e-05 -1.449660308123340612e-03 -6.297988654204796533e-05 -1.441527881292589642e-03 6.292314315005067193e-07 9.430179524587408791e-04 9.726876568269470728e-04 9.561568718590734333e-04 9.651853902433795178e-04 -6.131186667026313961e-05 -1.518526327610351901e-03 2.773392609549838947e-04 -9.099986545112409217e-03 -3.218591959240099665e-02 4.284208788604599444e-03 -5.313165747657176523e-05 -1.198514280549395263e-03 2.116810122834506241e-03 -7.073954822672492331e-04 1.068141846349787661e-03 9.891747762517106961e-04 -5.140691882882233998e-02 1.255748748720598718e-01 -5.953826818472054624e-03 4.119574685709382483e-03 -1.386584666836658968e-05 2.411990766954971954e-10 3.849841690122152464e-04 6.493618717138873586e-06 -9.212550268319830658e-08 3.812542188681648358e-04 -6.404848151777545473e-09 2.623306128029210500e-07 -7.870383056571641372e-07 -7.186822426940374484e-05 2.349616587839275766e-07 -1.188016830642024290e-05 3.015877237008893541e-06 -1.267258978791733321e-05 -5.647540795055694531e-09 1.818716338323159154e-03 1.410179839386414452e-05 -1.925737241104052844e-06 8.982859490541814166e-06 -1.758230625811566471e-05 7.672928273972036601e-06 6.954272553588155626e-04 2.004441078242192600e-05 -2.406277113743125840e-05 -4.958367319178243226e-06 -2.179235514306950992e-04
4.064897677599402627e-06 4.061957540070572199e-06 9.441163279602315613e-05 4.026916093052832170e-06 9.469970868958967416e-05 2.929660638404674466e-06 -6.089906954509569629e-05 -5.962214961788053004e-05 -6.331829863930496884e-05 -6.131186667026313961e-05 4.208698263041453143e-06 9.027896241853336880e-05 -1.362638460621986598e-05 6.027484044885642349e-04 2.117296683559502252e-03 -2.701570404884714983e-04 2.377970889436838798e-05 8.626754249970510369e-05 -1.409582849952629047e-04 4.339618997750629704e-05 -7.451706991907684026e-05 -7.685644227642708117e-05 3.349361199854505693e-03 -8.243092961484061246e-03 3.907243089996114424e-04 -3.632611572853289977e-04 1.422985404712158160e-06 3.583123317195562557e-11 -1.846323967319648361e-05 -1.306485306482181936e-06 -3.098665398721698443e-09 -7.764839580536504499e-05 1.653828450186267620e-09 -5.761038687616575377e-08 -7.989379448779062517e-08 -1.859234117381296022e-06 9.155812248794551668e-06 8.866528052751339030e-07 -4.533935478965890371e-06 1.507092143825117792e-07 1.744796221568606716e-09 -1.166899075083036464e-04 -1.365867656110186818e-06 2.071072111906508647e-07 -9.257309958742828190e-07 9.922942323121833623e-07 -8.482442447875461082e-07 3.396487608617085557e-04 4.861014113883462538e-06 1.555876948840296309e-06 3.339241409135351959e-07 1.433786475540219213e-05
9.161269759405973694e-05 9.148061263384363719e-05 1.994697548705224623e-03 9.884737724205706140e-05 1.954148856794404691e-03 -3.121183217891607565e-04 -1.505946570760891435e-03 -1.714085014323109279e-03 -1.346730294030573736e-03 -1.518526327610351901e-03 9.027896241853336880e-05 3.584506799799950117e-03 -4.254164554178272773e-04 1.322556280803034029e-02 4.717929710719837716e-02 -6.606658066268018478e-03 -2.427487516203838229e-03 5.295089936903046683e-04 -2.561331296704167336e-03 1.398270141396634920e-03 -6.636398786249086620e-04 -2.274942846297407437e-04 7.444265470143940355e-02 -1.837362039426441163e-01 8.153923719022146063e-03 5.861200099438891586e-03 2.863369339765296038e-05 -3.596368605441864529e-09 -9.239191191618280168e-04 1.081629063714797538e-04 4.515331260782944626e-07 6.018478734436564365e-03 -1.056367659951174967e-07 3.485424900961367809e-06 1.020902159429833367e-05 4.172309851149865346e-04 -2.679359752977735881e-05 3.234481440840920803e-05 1.660223324509252590e-05 3.311883269819752834e-05 -2.746800506744390298e-05 -2.991407919206448118e-03 -2.630479913276077613e-08 6.350035520884988782e-06 -2.794010912230487109e-05 2.338506661690972267e-04 -2.387449249688945719e-05 -2.935018071333072871e-03 -7.727336141453124076e-05 3.685714665151972736e-05 5.881963509944840106e-06 3.220825863488016626e-04
-1.694864943821397556e-05 -1.697869184282436848e-05 -4.403622728855196514e-04 -1.991718969437311691e-05 -4.374242047455400260e-04 4.015099347885090310e-07 2.864332912424006391e-04 2.946526807510726565e-04 2.689420771341588024e-04 2.773392609549838947e-04 -1.362638460621986598e-05 -4.254164554178272773e-04 3.156271050972462460e-04 -2.536851290315713433e-03 -9.060213799133328208e-03 1.275311150437741367e-03 -1.985665575664489666e-04 -4.532718227416576164e-04 6.632239653313633503e-04 -1.748484852249689459e-04 3.983253679109341862e-04 3.485383145614896110e-04 -1.494819170509701679e-02 3.558382759906648235e-02 -1.775661445337395859e-03 2.073938536511518802e-03 5.330520251024243691e-06 1.274051418567519508e-09 1.366672835682883010e-04 -7.489324988470680148e-05 2.066795534171832231e-08 4.159616249913542538e-04 1.383757795979588726e-07 -1.791346647194899339e-06 -2.791345976071563463e-06 -1.991324417263974069e-04 -6.776145501485870807e-07 -1.489691816089315163e-05 -2.596495631640155640e-04 -3.511197508026038690e-05 -1.042266247928779481e-06 -3.591784889629434131e-04 -2.052701984602644896e-05 1.254678194669849241e-06 -4.561972168190226186e-06 4.453998671304760073e-05 -4.702813708783011934e-06 7.842858559799392032e-03 1.276434461751765144e-04 -6.804317172794402817e-06 -1.533273100730086324e-06 -6.090797819017259836e-05
6.052457532179346617e-04 6.050403324252484009e-04 1.418878500688987992e-02 6.005883700665506355e-04 1.421703847032207944e-02 5.763753590478469654e-04 -9.085303716307318450e-03 -8.731474759976569008e-03 -9.433128602105714938e-03 -9.099986545112409217e-03 6.027484044885642349e-04 1.322556280803034029e-02 -2.536851290315713433e-03 9.004213686732218114e-02 3.160954028312960018e-01 -4.016920056857736787e-02 4.834295057209446120e-03 1.350935612947230628e-02 -2.132283084254867067e-02 6.293592539908178692e-03 -1.158866177777166141e-02 -1.209973609443136186e-02 5.005192402724574219e-01 -1.230809753081467450e+00 5.862862721056862070e-02 -6.033344106448870758e-02 1.859729542604933656e-04 2.723778103455263794e-09 -2.290687915446184587e-03 -2.427968165143980976e-04 -7.398783868758025803e-07 -1.349288427361294840e-02 2.621354695850777033e-07 -9.390712168688655390e-06 -1.386815782470232579e-05 -2.597325436210248090e-04 -1.683817901096488390e-06 8.554674193458738625e-05 -2.224578550878537832e-05 9.379931397954802347e-05 3.998765573090795256e-08 -1.672412165345733837e-02 -1.751777305256930182e-04 2.449609406573264109e-05 -1.132465527748424667e-04 -9.155196039112260408e-06 -1.005078057160673833e-04 -5.784262393916298102e-03 -2.034936707246659505e-04 2.314743942375191898e-04 5.056440210076366151e-05 2.139162368965464960e-03
2.126285399158065435e-03 2.125545304399067536e-03 5.002474592564445238e-02 2.121562611471341456e-03 5.006360788686655544e-02 1.824875942472798046e-03 -3.199024894118792511e-02 -3.107683490625276837e-02 -3.315408943588211976e-02 -3.218591959240099665e-02 2.117296683559502252e-03 4.717929710719837716e-02 -9.060213799133328208e-03 3.160954028312960018e-01 1.126561503388384899e+00 -1.423787605318622973e-01 1.580661062457253130e-02 4.445567022526512868e-02 -6.784193384094376611e-02 1.930432002645888004e-02 -4.226112784756347329e-02 2.024461816730170616e-02 1.648383903905948245e+00 -4.354080767534322050e+00 1.352690728820068466e-01 -1.625778628370164181e-01 6.071216570495693377e-04 7.073357096044516165e-09 -8.903770306976338533e-03 -7.737085142484660888e-04 -1.727464843115243521e-06 -4.492761195066018870e-02 8.188903247397310848e-07 -2.953045911803425374e-05 -3.740284880691515453e-05 -2.820507414097205619e-04 -6.209118261354029749e-06 3.152005453634814974e-04 -8.221106158544106823e-05 3.464018040667319579e-04 1.490420437490557091e-07 -5.943112876695456209e-02 -5.998063354427814447e-04 7.837817178384622247e-05 -3.645576544991273663e-04 -1.918020615279095349e-05 -3.205976960686072064e-04 -2.080771018151274937e-02 -6.894592230503299559e-04 7.334895389313462024e-04 1.887529637191043134e-04 8.886602082521328702e-03
-2.714798980546826281e-04 -2.713695603050658906e-04 -6.527720720686273556e-03 -2.802409078360262027e-04 -6.483918360727781820e-03 -6.901424053995622613e-05 4.143839265458554300e-03 4.293584940191622935e-03 4.243950521930744089e-03 4.284208788604599444e-03 -2.701570404884714983e-04 -6.606658066268018478e-03 1.275311150437741367e-03 -4.016920056857736787e-02 -1.423787605318622973e-01 1.919159224796402816e-02 -1.043231917773008348e-03 -5.793749145242719709e-03 9.641077016822069412e-03 -3.020841744892738441e-03 5.132796859347314028e-03 4.697919241627266859e-03 -2.292190196159883953e-01 5.563843917251209970e-01 -2.673594395978767801e-02 2.221838901640976749e-02 -4.061419082017821575e-05 1.125422035198815440e-09 1.827860209606600251e-03 3.450400847599832557e-05 -4.822370097241604538e-07 3.678195593161073633e-03 -2.209498855174127059e-08 9.727390898416121924e-07 -4.374589138999323326e-06 -4.710115953244215620e-04 1.030852325785037666e-06 -5.213316218711288512e-05 1.377291584404915435e-05 -5.784832538520512748e-05 -2.593852473395449746e-08 8.133968509392680915e-03 6.388801688547139656e-05 -3.905687383298420942e-06 2.008675557603719947e-05 -9.828427116276247405e-06 1.509470229334359493e-05 3.051625353349411013e-03 6.795554516579200839e-05 -1.064773324453205708e-04 -2.251413289461056701e-05 -9.622623628359368297e-04
2.296316222013808285e-05 2.335279772221864742e-05 1.430978350593067232e-03 1.409316799164664745e-05 1.543042296145776633e-03 1.338705727470370331e-03 4.304486932438071362e-05 7.479357901865245307e-04 -6.719651710800977418e-04 -5.313165747657176523e-05 2.377970889436838798e-05 -2.427487516203838229e-03 -1.985665575664489666e-04 4.834295057209446120e-03 1.580661062457253130e-02 -1.043231917773008348e-03 1.172943974088905272e-02 6.451250015696442797e-03 -3.707419031080095521e-03 -1.329560547277042941e-03 -4.895834847551774373e-03 -6.099023803357633312e-03 3.155252496379920557e-02 -6.428961432115468111e-02 5.890246433766593848e-03 -5.782139578142169584e-02 -6.535069724642322559e-05 9.829590123625053569e-09 1.334369950794379390e-03 -2.629446682722535967e-04 -1.210489205711289998e-06 -2.789272189670782484e-02 2.312153682496951561e-07 -8.220465218631575017e-06 -2.597847546479661109e-05 -4.177275552677609232e-04 8.311464646472199519e-07 -4.138396425440027794e-05 6.100670028110038900e-06 -2.535516751208635229e-05 -1.281790447880723602e-08 1.276216105809953403e-04 -6.959692054321540121e-05 -2.225164218842137841e-05 9.268831704786760527e-05 -7.028421745643825521e-04 8.737482871297239790e-05 1.312347790031499805e-03 1.202534345221803106e-04 5.146060657704253327e-06 9.089649674852759483e-06 9.346736333684757905e-05
8.619998279305443655e-05 8.637478544364173667e-05 2.535808328382515263e-03 8.397362919003469907e-05 2.582558792775426458e-03 7.223553749202088568e-04 -1.108986711407058652e-03 -7.803742632552942114e-04 -1.512272511071302084e-03 -1.198514280549395263e-03 8.626754249970510369e-05 5.295089936903046683e-04 -4.532718227416576164e-04 1.350935612947230628e-02 4.445567022526512868e-02 -5.793749145242719709e-03 6.451250015696442797e-03 1.013751979720800556e-02 -1.122504507713665244e-02 1.249022100661034218e-03 -3.076116426659256803e-03 -1.903742408712505441e-02 1.033175073097923891e-01 -1.817110059516195697e-01 4.124740130384690895e-04 -1.873059762738166906e-02 -2.348857743841109515e-05 4.854073747024393445e-09 1.994561101998972583e-04 -1.474351117628011762e-04 -5.015882047823523237e-07 -1.566939233246342211e-02 1.272580619791274674e-07 -4.576245299720167330e-06 -1.242674454716436747e-05 -8.855649073554979541e-05 1.546354404478591311e-07 -7.479410459489839843e-06 -5.673586690887198807e-07 2.523566918494017913e-06 3.733474026207143104e-10 -2.156380737736834571e-03 -5.399501774324923968e-05 -1.067329508382337955e-05 4.342231053665534201e-05 -3.670571133092366198e-04 4.198625646056371044e-05 -1.446937811230659607e-04 4.482374919752432570e-05 8.642375114292855987e-05 -1.706908799543583693e-05 3.617014740447900469e-05
-1.413750723347765768e-04 -1.414224953195657880e-04 -3.594813163053840483e-03 -1.415907862632886395e-04 -3.611385868782930955e-03 -4.088303863114232809e-04 2.045608532997040142e-03 1.886756478819886585e-03 2.287619418113985992e-03 2.116810122834506241e-03 -1.409582849952629047e-04 -2.561331296704167336e-03 6.632239653313633503e-04 -2.132283084254867067e-02 -6.784193384094376611e-02 9.641077016822069412e-03 -3.707419031080095521e-03 -1.122504507713665244e-02 5.048097110805761095e-02 -2.804519698983885465e-02 9.140002438824963715e-03 4.229933540517896717e-02 -1.872558806740712289e-01 2.840205760835716742e-01 -6.110872741730436625e-02 4.646292189839409947e-02 -1.109822856361135054e-05 -2.354161451436845101e-09 4.324006325611874516e-04 9.725751623120126713e-05 2.101486145924956430e-07 9.361267221747075068e-03 -8.666042484244114121e-08 3.147346480007527124e-06 6.290520011242663945e-06 -2.594105628728497412e-05 2.545544660908805610e-07 -1.306979037206497252e-05 4.656908973734298456e-06 -1.965669539170871680e-05 -8.282110135678686735e-09 3.917350129306426676e-03 5.220100082572219169e-05 2.484484304199394857e-06 -8.231686105323081441e-06 1.766912307553991971e-04 -9.495419929958486756e-06 1.108917266921084690e-03 7.345919531085851934e-06 -7.775610877274875647e-04 2.313266279506843038e-05 1.163812787360972607e-03
4.371408063381111958e-05 4.364236582647802417e-05 9.060465357585901396e-04 4.508277540846190602e-05 8.899360566788003506e-04 -1.525294515270352058e-04 -7.139266960331577946e-04 -7.995373187048869295e-04 -6.375599528574671902e-04 -7.073954822672492331e-04 4.339618997750629704e-05 1.398270141396634920e-03 -1.748484852249689459e-04 6.293592539908178692e-03 1.930432002645888004e-02 -3.020841744892738441e-03 -1.329560547277042941e-03 1.249022100661034218e-03 -2.804519698983885465e-02 1.904632844109491879e-02 -3.538164129687451642e-03 -1.403332273347383460e-02 5.788541159893270671e-02 -8.047707683686938784e-02 3.737183953246525636e-02 -1.848958454693830702e-02 2.176063292578604274e-05 -1.279119787394542080e-09 -4.012795640430193134e-04 2.154574154973930229e-05 1.492986302812622137e-07 2.993488206133613962e-03 -1.649836478298964981e-08 5.742159765003235986e-07 3.056832295254268329e-06 6.469932644642551324e-05 -2.600529668732319031e-07 1.308259577299982352e-05 -2.753922080981465607e-06 1.155001314337182235e-05 5.263640653239118958e-09 -1.343331140750686839e-03 -3.122482299811592686e-06 4.727680265096156399e-06 -2.050918343019533883e-05 9.907258948844132609e-05 -1.880305056428786695e-05 -6.540610538802077477e-04 -3.172560605544270051e-05 5.131529429840559755e-04 -1.210613769348753465e-05 -7.839910261748132348e-04
-7.452210382586494080e-05 -7.465151045179952284e-05 -2.160822503630589232e-03 -7.395869471854659143e-05 -2.190816869731972583e-03 -5.415871793904344228e-04 9.842510936873042314e-04 7.614100589743118871e-04 1.292540623205485273e-03 1.068141846349787661e-03 -7.451706991907684026e-05 -6.636398786249086620e-04 3.983253679109341862e-04 -1.158866177777166141e-02 -4.226112784756347329e-02 5.132796859347314028e-03 -4.895834847551774373e-03 -3.076116426659256803e-03 9.140002438824963715e-03 -3.538164129687451642e-03 7.327746514854599491e-02 -2.369292233579720075e-03 -5.460649710535207813e-02 1.600294431183495458e-01 -1.655525231062576486e-01 1.899345035476421029e-01 2.026123064579245456e-05 -3.503771188600107155e-09 -3.242385978988128383e-05 1.082738395461884675e-04 3.045846442834050511e-07 1.195555844887911945e-02 -9.069003208390943665e-08 3.282426236917722502e-06 8.552924003748567724e-06 6.035659858787868911e-06 -6.488885392339811816e-08 3.033951435508248776e-06 1.164769681152399731e-06 -4.986975595647473203e-06 -1.728950909306285839e-09 1.956561783726559235e-03 4.223952442846931924e-05 8.651336796172005009e-06 -3.522141851494396702e-05 2.804933383053845059e-04 -3.421291695298552996e-05 2.416033404853598068e-04 -3.423354889254892820e-05 -7.575634894407292080e-06 -1.943644104022129032e-04 -1.335709680260567305e-04
-7.672326877247246236e-05 -7.688305394206145903e-05 -2.185979220482798472e-03 -7.053216616316107914e-05 -2.249009683048655561e-03 -7.077646251816257020e-04 9.629087082671642685e-04 5.540717901875236509e-04 1.338638837090011090e-03 9.891747762517106961e-04 -7.685644227642708117e-05 -2.274942846297407437e-04 3.485383145614896110e-04 -1.209973609443136186e-02 2.024461816730170616e-02 4.697919241627266859e-03 -6.099023803357633312e-03 -1.903742408712505441e-02 4.229933540517896717e-02 -1.403332273347383460e-02 -2.369292233579720075e-03 8.016639031283159245e-01 -1.653582433095959203e+00 6.049753284906089768e-01 -6.066213483895268599e-01 3.937023608097986460e-01 3.502940793604188618e-06 -5.172442938521053843e-09 -4.822260882250931253e-04 1.586415385488689400e-04 7.583325257368669314e-07 1.467742072706769429e-02 -1.492311166555369217e-07 5.290576935731241515e-06 1.504443227834055457e-05 3.072285923597421970e-04 -2.395167442593959631e-07 1.174520144016902621e-05 -9.380727704498325941e-07 3.752570373123434162e-06 2.713147665087235836e-09 1.675848040812058341e-03 5.337467835571477496e-05 6.536772178248137787e-06 -2.582592357648046198e-05 3.269454533871726755e-04 -2.487542374756466070e-05 -3.985742383313690268e-05 -2.975269815122898978e-05 -2.189984475050319520e-04 -3.190998577687101075e-04 5.043587328858016756e-03
3.363494491485433373e-03 3.362626925376557569e-03 8.058685650233542164e-02 3.388971632837950183e-03 8.053838261731430248e-02 3.401873281934144136e-03 -5.050126838481366898e-02 -4.957706496457604806e-02 -5.278764708219903234e-02 -5.140691882882233998e-02 3.349361199854505693e-03 7.444265470143940355e-02 -1.494819170509701679e-02 5.005192402724574219e-01 1.648383903905948245e+00 -2.292190196159883953e-01 3.155252496379920557e-02 1.033175073097923891e-01 -1.872558806740712289e-01 5.788541159893270671e-02 -5.460649710535207813e-02 -1.653582433095959203e+00 5.995350422628962228e+00 -7.822506582884510173e+00 1.585776166319038172e+00 -1.143719177445896795e+00 7.305120162021294834e-04 1.140663627776951181e-08 -1.578482378106868533e-02 -1.179705307626444577e-03 -7.567630995293144622e-07 -8.771353887885771639e-02 1.140947638116417655e-06 -4.180867888837854125e-05 -4.287354380180780468e-05 1.396757825694681671e-03 -1.002762976935660873e-05 5.089342771967936795e-04 -1.379147092793823462e-04 5.806281204559990416e-04 2.526465331306816716e-07 -9.569339255995078231e-02 -9.521298530557198306e-04 7.546405034877763174e-05 -3.695942619224844598e-04 -6.352459374863356255e-04 -3.082159980483583977e-04 -3.321191972319986058e-02 -8.825125086227197978e-04 1.497172079848348375e-03 9.786368857130848652e-04 2.323250234686273247e-03
-8.278091877421008687e-03 -8.275345072274342684e-03 -1.954559118225223380e-01 -8.277047915471366299e-03 -1.955450377737369405e-01 -7.299638409883225237e-03 1.245125627433942006e-01 1.212595727729558620e-01 1.292351042627794822e-01 1.255748748720598718e-01 -8.243092961484061246e-03 -1.837362039426441163e-01 3.558382759906648235e-02 -1.230809753081467450e+00 -4.354080767534322050e+00 5.563843917251209970e-01 -6.428961432115468111e-02 -1.817110059516195697e-01 2.840205760835716742e-01 -8.047707683686938784e-02 1.600294431183495458e-01 6.049753284906089768e-01 -7.822506582884510173e+00 1.746971366653731295e+01 -1.067357376045011019e+00 9.979607730012399758e-01 -2.249635084082951802e-03 -2.713965872822855639e-08 3.561028786520889500e-02 2.976259811879729440e-03 5.650702126333727002e-06 1.820081221841392261e-01 -3.097367886592527878e-06 1.120424373839989826e-04 1.359323120677766346e-04 1.321310919126413561e-04 2.432577928467853005e-05 -1.234778767843027836e-03 3.244623162003373688e-04 -1.366876976858064432e-03 -5.896575306364082928e-07 2.322800742025616372e-01 2.333576504656580380e-03 -2.814905856173538349e-04 1.318247747334744258e-03 3.478768690554829603e-04 1.150980647838718233e-03 8.124145790475248430e-02 2.584256203482864292e-03 -2.794796030948839410e-03 -1.107466276155955401e-03 -3.213328926448948131e-02
3.922078902768777117e-04 3.921846420281557485e-04 9.590037028436857944e-03 3.943962756022126922e-04 9.601611673861051507e-03 6.434524433024596058e-04 -5.817288631066064308e-03 -5.598371548682692586e-03 -6.219391486093973562e-03 -5.953826818472054624e-03 3.907243089996114424e-04 8.153923719022146063e-03 -1.775661445337395859e-03 5.862862721056862070e-02 1.352690728820068466e-01 -2.673594395978767801e-02 5.890246433766593848e-03 4.124740130384690895e-04 -6.110872741730436625e-02 3.737183953246525636e-02 -1.655525231062576486e-01 -6.066213483895268599e-01 1.585776166319038172e+00 -1.067357376045011019e+00 3.164749078920454650e+00 -2.742864457806807543e+00 6.691979757043423093e-05 3.069186234266758677e-09 -1.626839752975407002e-03 -1.817687598688311180e-04 -2.530257803935059653e-07 -1.549724767824686537e-02 1.688942119241421693e-07 -6.163000967473009374e-06 -9.157586914604526530e-06 1.330811670471523239e-04 -1.014516342312892674e-06 5.162935517221133334e-05 -1.502700788997300411e-05 6.331151966360478161e-05 2.729796472170024724e-08 -1.106183379135968273e-02 -1.223255535028199448e-04 3.536720546940027156e-06 -2.098300874718160743e-05 -2.134068762354010464e-04 -1.504940517645358402e-05 -3.606573503190747820e-03 -7.524413980064911149e-05 5.115956401370661813e-04 -7.084607303470698801e-04 -3.613255545150705073e-03
-3.604709289962127437e-04 -3.622503767589048320e-04 -1.282764034631823057e-02 -3.214986437043950481e-04 -1.334903317460094802e-02 -6.577880061630935957e-03 3.581874244893161821e-03 2.053430894424224107e-04 7.135090156730975602e-03 4.119574685709382483e-03 -3.632611572853289977e-04 5.861200099438891586e-03 2.073938536511518802e-03 -6.033344106448870758e-02 -1.625778628370164181e-01 2.221838901640976749e-02 -5.782139578142169584e-02 -1.873059762738166906e-02 4.646292189839409947e-02 -1.848958454693830702e-02 1.899345035476421029e-01 3.937023608097986460e-01 -1.143719177445896795e+00 9.979607730012399758e-01 -2.742864457806807543e+00 2.745116010047789601e+00 2.595523016352669732e-04 -4.718185094871121608e-08 -5.056905812262499009e-03 1.326332651167436974e-03 5.706095381589495506e-06 1.384807029875765594e-01 -1.170844492646841697e-06 4.173696044547761978e-05 1.251821399065685845e-04 1.812517806845932982e-03 -3.158858049896581960e-06 1.565582128208755882e-04 -1.818626280920489804e-05 7.502758994670980885e-05 4.098484606627740646e-08 6.622285069961340864e-03 3.994655082881494153e-04 1.005453277890863814e-04 -4.148119911205914241e-04 3.376475329701602267e-03 -3.941497001588485389e-04 -3.685090303230453140e-03 -5.062680287490303223e-04 -2.973031600453499208e-04 8.560518670380080474e-04 5.345051149378736779e-04
1.422836555781684671e-06 1.412421378493371559e-06 1.002509266314047291e-05 8.229442455864757418e-07 1.522551771224268684e-05 -4.211618611491078687e-06 -1.310551961613217964e-05 -1.868097702127880590e-05 -2.088992629556323189e-05 -1.386584666836658968e-05 1.422985404712158160e-06 2.863369339765296038e-05 5.330520251024243691e-06 1.859729542604933656e-04 6.071216570495693377e-04 -4.061419082017821575e-05 -6.535069724642322559e-05 -2.348857743841109515e-05 -1.109822856361135054e-05 2.176063292578604274e-05 2.026123064579245456e-05 3.502940793604188618e-06 7.305120162021294834e-04 -2.249635084082951802e-03 6.691979757043423093e-05 2.595523016352669732e-04 1.038307697616562043e-04 2.243764232783043627e-10 -2.118336699767146668e-05 -1.603428990656668322e-06 -3.373463017520489162e-09 6.412637007139086525e-06 9.485280316054848678e-08 -5.342736754269033043e-08 -2.768026492659993327e-07 -2.632107281067227366e-05 7.637899961131232859e-07 -1.516691500466317524e-07 8.651688732227940691e-07 -5.123371480942892969e-07 -3.333697779429005714e-10 -1.223070971073857580e-05 -6.876697733975817409e-07 9.975925211194504744e-06 -3.921181883560820798e-06 3.742479626243490034e-05 -4.884902094004282380e-06 4.297228031623808440e-05 -4.673790257186817944e-06 4.189246101690336192e-07 3.799390684896760269e-08 4.311044945230341061e-06
3.805437742097987293e-11 3.257350616188604257e-11 -1.170854270068782489e-10 -1.074135626752568167e-11 6.310207082640248110e-10 1.288045651414863251e-09 6.299200418433099612e-09 -5.924157639214029707e-10 -4.058940433331343874e-09 2.411990766954971954e-10 3.583123317195562557e-11 -3.596368605441864529e-09 1.274051418567519508e-09 2.723778103455263794e-09 7.073357096044516165e-09 1.125422035198815440e-09 9.829590123625053569e-09 4.854073747024393445e-09 -2.354161451436845101e-09 -1.279119787394542080e-09 -3.503771188600107155e-09 -5.172442938521053843e-09 1.140663627776951181e-08 -2.713965872822855639e-08 3.069186234266758677e-09 -4.718185094871121608e-08 2.243764232783043627e-10 3.538201230552221670e-13 -7.754036058175866634e-09 -7.725168762792802839e-10 1.676772797386077371e-11 -9.036701377232194005e-08 8.862903108982760492e-13 -4.141951802906431283e-11 -4.930612375486002424e-11 -1.830488119593480489e-09 2.065703184153901542e-12 -1.326158675777048546e-10 3.111590353039002957e-11 -1.321629623922039939e-10 -5.725066848777300795e-14 4.280666699677933969e-09 -1.127148027286396047e-10 8.915879846977623573e-11 -4.952027097462770106e-10 5.631811672525391932e-10 -5.673406846304838190e-10 -1.711313710670534257e-09 -6.032759818549672990e-10 -2.162845675653822605e-12 6.218440049758316177e-12 3.957445299837642276e-11
-1.894658380823460242e-05 -1.847568680798413040e-05 -3.701232464687240990e-04 -2.107305509532462383e-05 -3.873657546437253595e-04 1.665908745164065992e-04 2.863329579663520053e-04 6.001893768579927247e-04 4.728750470022792269e-04 3.849841690122152464e-04 -1.846323967319648361e-05 -9.239191191618280168e-04 1.366672835682883010e-04 -2.290687915446184587e-03 -8.903770306976338533e-03 1.827860209606600251e-03 1.334369950794379390e-03 1.994561101998972583e-04 4.324006325611874516e-04 -4.012795640430193134e-04 -3.242385978988128383e-05 -4.822260882250931253e-04 -1.578482378106868533e-02 3.561028786520889500e-02 -1.626839752975407002e-03 -5.056905812262499009e-03 -2.118336699767146668e-05 -7.754036058175866634e-09 1.854294796359015444e-03 -5.659999861198881390e-05 -2.020339532800484246e-08 2.018599573606751334e-03 5.750775517777905933e-08 -6.959658114570157292e-07 -4.811821776016349047e-06 -1.854826675817718151e-04 3.245451800854364182e-07 -9.179918356976214016e-06 1.866083126680627186e-06 -7.160947492739529462e-06 -3.142718731643951579e-09 8.400300850990498423e-04 -1.692085907113631252e-06 -7.220725804497527849e-06 2.940450670359843018e-05 -2.194011495051345455e-04 3.320724678767367991e-05 7.391097329475793121e-04 4.791451356203608016e-05 -8.245369697598814549e-06 -8.050362333204676707e-07 -6.049156517896744293e-05
-1.967145062021619633e-06 -1.312830945424502920e-06 -4.498384172402633476e-05 -1.501564453852075867e-05 7.379335678373504610e-05 2.803595199062030539e-05 -4.137342213877432003e-07 8.104977138361692409e-05 3.413930171867521053e-05 6.493618717138873586e-06 -1.306485306482181936e-06 1.081629063714797538e-04 -7.489324988470680148e-05 -2.427968165143980976e-04 -7.737085142484660888e-04 3.450400847599832557e-05 -2.629446682722535967e-04 -1.474351117628011762e-04 9.725751623120126713e-05 2.154574154973930229e-05 1.082738395461884675e-04 1.586415385488689400e-04 -1.179705307626444577e-03 2.976259811879729440e-03 -1.817687598688311180e-04 1.326332651167436974e-03 -1.603428990656668322e-06 -7.725168762792802839e-10 -5.659999861198881390e-05 1.408327175763749925e-03 -1.382553201259253829e-08 4.041052098472723737e-03 2.604256899825577165e-05 1.992857295154204508e-05 -2.926003651394234788e-06 -5.047322312273321270e-04 4.814305763395474065e-05 1.517064902019376769e-05 4.613208014121247808e-05 9.086526497852472629e-06 2.468034909130109579e-07 1.318972302793258418e-04 1.198468073224733255e-05 3.436145442630961729e-07 -2.374084495135924265e-06 -2.266231425835771654e-03 -2.796726259385346619e-05 -3.206205925915635779e-05 -3.344077188919177001e-06 -3.588096604805022619e-07 -2.507695696564099161e-07 -5.048990739105700219e-06
