theo_error.scale_from_amplitudes = yes
scaling_form = 1
eft_nu = 4.0
eft_C = 1.0237
eft_nu.piN = 5.0
eft_C.piN = 3.6305
residual_list.load = no
residual_list.load.prefix = N2LOsim-475-257.theo
eft_C = 0.97759418189525604
eft_C.piN = 3.62446881830692291
eft_C = 0.97968645393848419
eft_C.piN = 3.62514011561870575
eft_C = 0.97934328019618988
eft_C.piN = 3.62490721046924591
