par.Ct_1S0np = -0.148351955706998
par.Ct_1S0pp = -0.147544565824798
par.C_1S0 = 2.54051614015323
par.Ct_3S1 = -0.174342719406039
par.C_3S1 = 0.723314779799860
par.C_3S1-3D1 = 0.626924806348134
par.C_3P0 = 1.16708772874164
par.C_1P1 = 0.583519610065374
par.C_3P1 = -0.966521388160239
par.C_3P2 = -0.648982187917688
par.Ct_1S0nn = -0.148083732812970
par.c_D = -0.151241061462819
par.c_E = -0.460915332907050
par.c1 = 0.108316298682840
par.c2 = 4.73679464816971
par.c3 = -3.50673977582177
par.c4 = 4.09243375934022
par.d1+d2 = 5.39121022687822
par.d3 = -4.84936594958505
par.d5 = -0.267620615225075
par.d14-d15 = -10.2802779985142
par.e14 = -0.322473011690058
par.e15 = -9.73882265326324
par.e16 = 1.45968354548609
par.e17 = 1.48336896156853
par.e18 = -1.87417937532003
par.Ct_1S0np = -0.150918841754982
par.Ct_1S0pp = -0.150206398047260
par.C_1S0 = 2.47488174144680
par.Ct_3S1 = -0.171607519377514
par.C_3S1 = 0.651858504919820
par.C_3S1-3D1 = 0.437491303957171
par.C_3P0 = 1.14861582529654
par.C_1P1 = 0.301288149811279
par.C_3P1 = -0.907166497504407
par.C_3P2 = -0.704312932440338
par.Ct_1S0nn = -0.150817116619333
par.c_D = -0.653069787871683E-01
par.c_E = -0.309782251929657
par.c1 = -0.528993796651893
par.c2 = 3.14411921754163
par.c3 = -3.82429393173985
par.c4 = 2.90942299674912
par.d1+d2 = 4.85847150811063
par.d3 = -4.60438198830402
par.d5 = -0.121197082313654
par.d14-d15 = -9.93771645044405
par.e14 = 0.370740874712565
par.e15 = -11.0394039539486
par.e16 = 6.97483692299630
par.e17 = 1.14197975778675
par.e18 = 3.77503363631199
par.Ct_1S0np = -0.150737520557584
par.Ct_1S0pp = -0.150014963692493
par.C_1S0 = 2.46494982199070
par.Ct_3S1 = -0.172173998656408
par.C_3S1 = 0.639356539350634
par.C_3S1-3D1 = 0.441962001155048
par.C_3P0 = 1.13910943227736
par.C_1P1 = 0.298378269741405
par.C_3P1 = -0.912352218449758
par.C_3P2 = -0.700822816995197
par.Ct_1S0nn = -0.150622985781148
par.c_D = -0.260563775819780E-01
par.c_E = -0.304187008610332
par.c1 = -0.496166516748343
par.c2 = 3.21003843897887
par.c3 = -3.79124512728025
par.c4 = 2.84890512884391
par.d1+d2 = 4.81680194810034
par.d3 = -4.57961946826567
par.d5 = -0.112520523913633
par.d14-d15 = -9.89910360107542
par.e14 = 0.392908662205492
par.e15 = -11.1858113979052
par.e16 = 6.83840825222798
par.e17 = 1.08902966896454
par.e18 = 4.09421825401111
par.Ct_1S0np = -0.150713454907132
par.Ct_1S0pp = -0.149990215967808
par.C_1S0 = 2.46386165981677
par.Ct_3S1 = -0.172225681099779
par.C_3S1 = 0.638149658156183
par.C_3S1-3D1 = 0.442965796640703
par.C_3P0 = 1.13899963976274
par.C_1P1 = 0.299278088685009
par.C_3P1 = -0.913339341676713
par.C_3P2 = -0.700027125396892
par.Ct_1S0nn = -0.150597643919501
par.c_D = -0.232149478219206E-01
par.c_E = -0.304268423554721
par.c1 = -0.491233949968192
par.c2 = 3.21842287056165
par.c3 = -3.78522135101493
par.c4 = 2.84865435031776
par.d1+d2 = 4.81485164317728
par.d3 = -4.57741881302220
par.d5 = -0.112752014900184
par.d14-d15 = -9.89695312915599
par.e14 = 0.390615766834217
par.e15 = -11.2026117526474
par.e16 = 6.82135683117096
par.e17 = 1.08812871303375
par.e18 = 4.09573583127523
par.Ct_1S0np = -0.150711863599438
par.Ct_1S0pp = -0.149988583713959
par.C_1S0 = 2.46375722963595
par.Ct_3S1 = -0.172230563309773
par.C_3S1 = 0.638045001862131
par.C_3S1-3D1 = 0.443070290562439
par.C_3P0 = 1.13903903882705
par.C_1P1 = 0.299418977281990
par.C_3P1 = -0.913420721941639
par.C_3P2 = -0.699936022596813
par.Ct_1S0nn = -0.150596687668817
par.c_D = -0.348328755909005E-02
par.c_E = -0.301433287933233
par.c1 = -0.490848045015910
par.c2 = 3.21888365202855
par.c3 = -3.78457893173634
par.c4 = 2.84887854006638
par.d1+d2 = 4.81478854262933
par.d3 = -4.57728703658179
par.d5 = -0.112795185563040
par.d14-d15 = -9.89682587355688
par.e14 = 0.390245512627631
par.e15 = -11.2045403913330
par.e16 = 6.82098581004881
par.e17 = 1.08812847564098
par.e18 = 4.09471659893311
