theo_error.scale_from_amplitudes = yes
scaling_form = 1
eft_nu = 4.0
eft_C = 1.0237
eft_nu.piN = 5.0
eft_C.piN = 3.6305
residual_list.load = no
residual_list.load.prefix = N2LOsim-600-125.theo
eft_C = 6.86757363379001617
eft_C.piN = 3.64584527909755707
eft_C = 3.76554600894451141
eft_C.piN = 3.64293687045574188
eft_C = 2.19797380268573761
eft_C.piN = 3.67246933281421661
eft_C = 2.09306336939334869
eft_C.piN = 3.67075778543949127
eft_C = 1.74016706645488739
eft_C.piN = 3.66142742335796356
eft_C = 1.73266775906085968
eft_C.piN = 3.66157971322536469
