4.167701453051644453e-06 4.163642700691348854e-06 9.717577455626506388e-05 4.117637401953825815e-06 9.775489188427868360e-05 3.436096810460621691e-06 -6.119973055156762635e-05 -5.999976732063944747e-05 -6.500602274533187055e-05 -6.285306660698032361e-05 4.160039978989961233e-06 6.813101177424580571e-05 1.899186876080882116e-05 6.161808770572886921e-04 2.165858166504153453e-03 -2.780525022439686231e-04 2.877324435697386812e-05 9.114609578412374011e-05 -1.456809791016833568e-04 4.357879176370283418e-05 -7.713397994894483404e-05 -8.104050761018351105e-05 3.438882375735395364e-03 -8.436666970696213297e-03 3.954889933622524186e-04 -3.863467709976085070e-04 1.458374497811257885e-06 7.289023575751009091e-11 -1.300213865699059998e-05 -1.368986714689886336e-06 -2.808214754989676321e-09 -8.749797431634977402e-05 1.327743261026309924e-09 -4.179088882260383959e-08 -9.070027290758089278e-08 -2.132373098549613147e-06 -2.851536250107847707e-09 1.223700673908339007e-07 -5.587096903592521289e-08 2.294027876902678227e-07 1.138640746678169984e-10 -3.093330534031792729e-05 1.006426454141070420e-07 2.193046282260507180e-07 -9.802049152013296640e-07 5.417965326096516282e-06 -8.600865962842469006e-07 -1.215662837796499978e-05 -1.187070716233486013e-06 1.585280838441442061e-06 3.434615737313565378e-07 1.479070480182404580e-05
4.163642700691348854e-06 4.160874932073985322e-06 9.722846267969394011e-05 4.119198799401685758e-06 9.773850072096713578e-05 3.479484565459768758e-06 -6.118414275103770464e-05 -5.993841676635820802e-05 -6.495962538115903490e-05 -6.282624987756450633e-05 4.157234461923952167e-06 6.793705716506538922e-05 1.892272522632162935e-05 6.160362764101911040e-04 2.165344301697244480e-03 -2.779806745740794754e-04 2.926833283219452226e-05 9.138684695052965649e-05 -1.457722661838194655e-04 4.349728487914629460e-05 -7.731561016427617480e-05 -8.125148489935982632e-05 3.438507079371413890e-03 -8.434865225612295930e-03 3.955492631893593345e-04 -3.886681458086190845e-04 1.448251447066425511e-06 6.762127817295410464e-11 -1.270149456402376652e-05 -7.514865970625687407e-07 -2.972660065242458353e-09 -8.920993264328199953e-05 1.230296690022690930e-09 -4.596398410890010314e-08 -9.073779181696821209e-08 -2.060240330756639031e-06 -2.767624350957103125e-09 1.188930737841308030e-07 -5.590088271108642324e-08 2.296216456093737125e-07 1.138049685442942352e-10 -3.105612048591593774e-05 9.155930907866690324e-08 2.137428477550471390e-07 -9.493480107856094482e-07 1.647173898555080864e-06 -8.676601166490622090e-07 -1.195047919372563998e-05 -1.148530500175546508e-06 1.584678782189776622e-06 3.436739319098321539e-07 1.478647795846350966e-05
9.717577455626506388e-05 9.722846267969394011e-05 2.497847961734205383e-03 9.711438752828327264e-05 2.506857675667278993e-03 2.606275693653871232e-04 -1.346812084955615208e-03 -1.274815784249878469e-03 -1.590369190348590736e-03 -1.481187798964327335e-03 9.719544297623634714e-05 1.109538711568077221e-03 2.280341127791920511e-04 1.455138451076508702e-02 5.141268358234870467e-02 -6.808734983198098771e-03 2.463974241090034940e-03 3.158427155772389888e-03 -3.972699916451603516e-03 7.873247516718849450e-04 -2.617569798427889921e-03 -2.694521406116132545e-03 8.420794882594727360e-02 -2.014945685680505361e-01 1.009103015135502310e-02 -1.784824336603636763e-02 2.427856964298503127e-06 1.660835496713731820e-09 -2.085472658288979912e-04 -3.663361101787204060e-05 -4.951801506309575746e-08 -7.663255002854561099e-03 2.907152258905452499e-08 -1.149984138237746326e-06 -2.754930525485633805e-06 3.394927243512174024e-05 9.787473010189294949e-08 -4.022038936916067390e-06 -3.215850779424838117e-07 1.445946286362569463e-06 5.452119463340412216e-10 -1.220548627676586607e-03 -2.859044146631293734e-05 -2.347413050431037147e-06 8.601202478768497543e-06 -9.318428643605478718e-05 9.722799161826161345e-06 -3.576780032702071843e-05 1.022423974881706244e-05 3.719182757520697504e-05 9.277000234017635302e-06 3.479399098912529633e-04
4.117637401953825815e-06 4.119198799401685758e-06 9.711438752828327264e-05 4.840391137161218106e-06 9.267883442846609786e-05 -5.178030857189858872e-06 -6.312754304586029423e-05 -6.888220967883802205e-05 -6.421096411270087157e-05 -6.400663079320259412e-05 4.112276218152946536e-06 7.412620596740196238e-05 2.436294894684116514e-05 6.088999779916660438e-04 2.150960368326344189e-03 -2.847986568204845638e-04 8.294095808034397123e-06 8.226263963773136428e-05 -1.420924091692019053e-04 4.635270728409164538e-05 -7.136029541778233988e-05 -6.948891846302165725e-05 3.434655541932942098e-03 -8.389572023264155881e-03 3.922817474178548957e-04 -2.904090508387840736e-04 9.451523869567056508e-07 -2.828352003340165111e-12 -6.264420354489300905e-06 -1.272119860227715010e-05 1.248138137830875367e-08 -2.182742390401414044e-04 7.803815983667169096e-09 -2.135880770947588807e-07 7.735666639784738022e-07 4.285591791817619040e-05 -1.611321503167799243e-09 7.298177009172154249e-08 -9.371946617709229176e-08 3.885966662649790655e-07 1.830287196170282216e-10 -1.690398378024279976e-05 7.832809428176764654e-07 1.220358311689000810e-07 -5.754133517616157840e-07 -6.882238164770534749e-06 -5.554638614311676185e-07 -1.654124071452016485e-05 -8.174228052364950209e-07 1.596826910768659636e-06 3.322138107004543045e-07 1.469546468527500096e-05
9.775489188427868360e-05 9.773850072096713578e-05 2.506857675667278993e-03 9.267883442846609786e-05 2.558906335031614111e-03 3.202023966367893932e-04 -1.322625902265377011e-03 -1.212835358558758637e-03 -1.604208931283973094e-03 -1.473878465203139762e-03 9.773404654946459664e-05 1.042297264031534455e-03 1.790175412511829081e-04 1.461166799058477919e-02 5.156567941403025768e-02 -6.780321160453605008e-03 2.713968614078890798e-03 3.281910471165046510e-03 -4.031765574530954584e-03 7.541826627768517897e-04 -2.706585160065834352e-03 -2.823048114236236666e-03 8.446889767456727816e-02 -2.020873350969615290e-01 1.016431904919089940e-02 -1.904499545913472536e-02 7.797010479132201997e-06 2.919666380048897659e-09 -2.769098146313155170e-04 8.328527791973572725e-05 -1.070488538517208948e-07 -7.308395949157458008e-03 -5.108711822635285671e-08 1.171553879330889207e-06 -7.108153170162348407e-06 -1.982230340596068628e-04 7.554681401232755378e-08 -3.104499200690787710e-06 -1.150568493336933187e-07 5.616627747439040578e-07 1.886292475058926352e-10 -1.323568388989642807e-03 -3.372603026317400141e-05 -1.277188188677735369e-06 4.252682672471721747e-06 3.306663399627625258e-05 6.066443184661806330e-06 -2.012471044237425406e-05 5.436396561032125281e-06 3.712076133186268951e-05 9.430407179552927280e-06 3.487508402321710509e-04
3.436096810460621691e-06 3.479484565459768758e-06 2.606275693653871232e-04 -5.178030857189858872e-06 3.202023966367893932e-04 3.906730818775142272e-04 1.942407657259302917e-04 3.573525761808762479e-04 -1.148824952198815839e-04 4.301079277423128168e-05 3.648565581865248044e-06 -9.156709746255408018e-04 -4.447819699206643422e-04 7.889921441170185280e-04 2.356196668776453992e-03 4.100218337102485124e-05 2.969297725024981974e-03 1.548882396866335925e-03 -8.034200346939804381e-04 -3.764431815785889302e-04 -1.150116397663476439e-03 -1.497805920585498947e-03 4.953312208080009466e-03 -9.650210045070219469e-03 1.121558334799556064e-03 -1.439007407102387524e-02 -5.588877968334271060e-06 4.174663226050482909e-09 -1.260046139273839007e-04 2.312474473571113332e-05 -3.201243634269942668e-07 -9.388650549938913972e-03 2.600647480581310825e-08 -1.186044620453086634e-06 -1.386878438286638975e-05 -5.131489350988975660e-04 3.761677211643912057e-07 -1.585526629655678967e-05 3.767404657134812895e-06 -1.529982130488032031e-05 -7.706379312828644652e-09 -1.012890887634191857e-03 -6.991660689370990107e-05 -3.096711980022770128e-06 1.293352619087240185e-05 -1.099248513052425267e-04 1.146628882603537266e-05 4.023044944293941577e-04 2.066456922762901236e-05 -8.699417962505306636e-08 1.983984705927567016e-06 1.271582637878426278e-05
-6.119973055156762635e-05 -6.118414275103770464e-05 -1.346812084955615208e-03 -6.312754304586029423e-05 -1.322625902265377011e-03 1.942407657259302917e-04 1.158410610809696350e-03 1.163800517198873346e-03 9.105972544073617910e-04 1.019582680669610733e-03 -6.099158060379834194e-05 -1.763905741846810184e-03 -6.226220694227407523e-04 -8.895570142934079716e-03 -3.173008682588110418e-02 4.451337893493431674e-03 1.730620131063134726e-03 -3.084943806897571476e-04 1.699262680529838639e-03 -9.518828187545444464e-04 3.914997766215019305e-04 1.292962519044158279e-04 -5.005004787999716570e-02 1.235373316886507200e-01 -5.373583717265860774e-03 -4.509843580235477212e-03 -1.261099245011990469e-05 7.057235079705597244e-09 7.932309302068196320e-05 -2.526710234228877482e-05 1.761689878013043383e-07 -7.738911216156566832e-03 2.586414709019630643e-08 -9.257638699275260699e-07 -3.706421787352642834e-06 -7.575764944036502476e-05 3.677264888451295486e-07 -1.553890324194205205e-05 4.079157786929858180e-06 -1.660500017681640090e-05 -8.351316032341942661e-09 -2.031952845092746280e-04 -5.470799560806088863e-05 -2.842671757733450750e-06 1.264429880869875996e-05 -8.634344433028236221e-05 9.587808726945005458e-06 4.251370250065382547e-04 1.919545994480410767e-05 -2.475122872118995453e-05 -3.896928894152525124e-06 -2.188204643043244484e-04
-5.999976732063944747e-05 -5.993841676635820802e-05 -1.274815784249878469e-03 -6.888220967883802205e-05 -1.212835358558758637e-03 3.573525761808762479e-04 1.163800517198873346e-03 1.617620240624477760e-03 9.178248710459695377e-04 1.054160396573670553e-03 -5.970244610040811091e-05 -2.086820444140947625e-03 -7.709005451759026132e-04 -8.478976923761608053e-03 -3.066652176288848022e-02 4.639787557611767775e-03 2.698363022136889607e-03 1.473563094228937369e-04 1.481737433903881256e-03 -1.073074887247435494e-03 7.943792970130586842e-05 -4.109365742692161483e-04 -4.891170742282743150e-02 1.197232064818973957e-01 -5.100499703008248495e-03 -9.126760567864990528e-03 -1.706598607189806471e-05 2.216763246939478786e-09 1.107649642855539789e-04 7.806093595720757885e-05 -4.398207312648323503e-07 -4.243066484524195270e-04 -3.036334957308866237e-08 7.969528352201156592e-07 -1.277751881198934105e-05 -4.993960209328488116e-04 4.214022701336684468e-07 -1.782295909431763685e-05 5.091906974079091279e-06 -2.077073298949020269e-05 -1.034337210225204541e-08 -7.475970011651824438e-04 -8.244499606272742806e-05 -4.870552203479075851e-06 2.086794426881259152e-05 9.499074869729582120e-06 2.070237582983712316e-05 6.349799181311833107e-04 3.299587362628712822e-05 -2.489845139537584176e-05 -3.281341897665121689e-06 -2.120823036733611900e-04
-6.500602274533187055e-05 -6.495962538115903490e-05 -1.590369190348590736e-03 -6.421096411270087157e-05 -1.604208931283973094e-03 -1.148824952198815839e-04 9.105972544073617910e-04 9.178248710459695377e-04 1.082342419490131677e-03 9.915239239207274818e-04 -6.493302681941568973e-05 -9.175098819546551954e-04 -2.184810149796215446e-04 -9.600116818171782612e-03 -3.392108009069542268e-02 4.495566340372468377e-03 -1.034056405482930213e-03 -1.773591099857288597e-03 2.471693905881829686e-03 -6.032643338409791152e-04 1.490140720054556819e-03 1.507166637593836990e-03 -5.502344801009701608e-02 1.326983733554331912e-01 -6.473758535088875582e-03 8.929775456571415262e-03 -1.404577100379832369e-05 -4.477000069568592068e-09 4.250726301812049338e-04 1.912243536205182341e-05 1.729889617440971680e-09 4.611190751086647124e-03 -2.873319200195857006e-08 1.056671946222279726e-06 1.968915847570637521e-06 2.006361580627880048e-05 -2.318832706616995304e-08 9.295565109278684376e-07 3.972140464309268545e-07 -1.677411030512367491e-06 -7.711572432980788708e-10 5.725455471114921117e-04 6.854394894157139303e-06 -1.794925890000113780e-06 8.367035212945526720e-06 8.830944710365325518e-06 8.228099556607220685e-06 1.361466315481130076e-04 1.085035109714708247e-05 -2.479905188493452449e-05 -5.773134573378709058e-06 -2.304194832022496604e-04
-6.285306660698032361e-05 -6.282624987756450633e-05 -1.481187798964327335e-03 -6.400663079320259412e-05 -1.473878465203139762e-03 4.301079277423128168e-05 1.019582680669610733e-03 1.054160396573670553e-03 9.915239239207274818e-04 1.012853687035329426e-03 -6.271494500111216236e-05 -1.346001463235413018e-03 -4.261453961530015772e-04 -9.198851301949440354e-03 -3.274160065791967278e-02 4.533572154856384262e-03 3.207780376628451436e-04 -1.072308258624610558e-03 2.108141323454836274e-03 -7.735001198493228394e-04 9.732139344754213136e-04 8.139030390978798171e-04 -5.274343671816943135e-02 1.279629425346097416e-01 -5.965673413619230342e-03 2.368314753685698756e-03 -1.057753589353246653e-05 7.339893992673536004e-10 1.211120887766539716e-04 -3.613711098998309687e-06 -1.159875283828193607e-07 -1.857956092673571525e-03 3.853034570150787343e-09 -1.128523144330021684e-07 -1.741155556848000981e-06 -7.282481163300289135e-05 1.779405055963133085e-07 -7.549736773944015883e-06 2.366318016722699766e-06 -9.670836757378295127e-06 -4.811733196682361862e-09 1.674345637506337910e-04 -2.504796933979490695e-05 -1.697718581930891140e-06 7.836875727654208463e-06 -3.269722848802590577e-05 6.392991919440589739e-06 2.801648477833264608e-04 1.229852076174291851e-05 -2.481345734794268082e-05 -4.863745704771987840e-06 -2.238152123584642120e-04
4.160039978989961233e-06 4.157234461923952167e-06 9.719544297623634714e-05 4.112276218152946536e-06 9.773404654946459664e-05 3.648565581865248044e-06 -6.099158060379834194e-05 -5.970244610040811091e-05 -6.493302681941568973e-05 -6.271494500111216236e-05 4.266325883834635034e-06 6.706758957811354374e-05 2.024295711184201168e-05 6.155558038686386986e-04 2.163426479278526566e-03 -2.775465911618452673e-04 3.059731832501105673e-05 9.196626525762861316e-05 -1.459318364315232417e-04 4.326260042680752337e-05 -7.772890799786248423e-05 -8.183552454762887582e-05 3.435890377218120927e-03 -8.427545740758489098e-03 3.954976537906008385e-04 -3.947515270370711461e-04 1.454082094825002289e-06 7.151106467344596866e-11 -1.283519475721196818e-05 -7.775188332158856086e-07 -3.061819882140917922e-09 -9.451052692214232699e-05 1.302136241750370646e-09 -4.750456353818897578e-08 -9.635670623960562229e-08 -2.249656945032970147e-06 7.670945062659271886e-06 4.068709286836264954e-07 -3.703038514751300549e-06 -1.898233041380702179e-07 8.916369186381839832e-10 -3.729222498714972775e-05 -2.189101599423974095e-07 2.143254252789194411e-07 -9.514754789913492580e-07 1.607283198908075313e-06 -8.716426504787615170e-07 2.426666223403432918e-04 3.496214592617762806e-06 1.582393186763690133e-06 3.441017220008752138e-07 1.477190416864527039e-05
6.813101177424580571e-05 6.793705716506538922e-05 1.109538711568077221e-03 7.412620596740196238e-05 1.042297264031534455e-03 -9.156709746255408018e-04 -1.763905741846810184e-03 -2.086820444140947625e-03 -9.175098819546551954e-04 -1.346001463235413018e-03 6.706758957811354374e-05 4.591849856264854438e-03 1.715986960570934066e-03 9.189521397477549980e-03 3.384036422575017328e-02 -5.606389293465281407e-03 -8.229036700226288747e-03 -2.789386529585413318e-03 -4.444787248555793092e-04 1.938732263580399996e-03 1.861030752989135300e-03 2.947451542183099002e-03 5.124324109327185045e-02 -1.309821568503163336e-01 4.305783030417396559e-03 3.510505395538712770e-02 3.278964362456592994e-05 -1.163842460186874269e-08 5.444777840127819671e-05 1.661044084712571243e-04 5.957567213904750942e-07 3.214968447863154888e-02 -1.448247414161865036e-07 5.275596489216130000e-06 1.644646479834941421e-05 2.747699900999107611e-04 -2.428515291108039950e-05 5.371499001583040459e-05 -2.893261883325156265e-06 5.267329723437738545e-05 -2.472717318845989645e-05 2.397206464525320369e-03 2.168924798648163091e-04 1.146623002354424384e-05 -4.881396912572823004e-05 4.046223087608149735e-04 -4.280158505262869736e-05 -2.091392787011978668e-03 -8.777703388612442608e-05 3.051163864949357979e-05 6.973477076182658929e-07 2.404046042322900137e-04
1.899186876080882116e-05 1.892272522632162935e-05 2.280341127791920511e-04 2.436294894684116514e-05 1.790175412511829081e-04 -4.447819699206643422e-04 -6.226220694227407523e-04 -7.709005451759026132e-04 -2.184810149796215446e-04 -4.261453961530015772e-04 2.024295711184201168e-05 1.715986960570934066e-03 7.778443245622091145e-04 2.458378159675932411e-03 9.272947701699538886e-03 -1.709338893271969764e-03 -3.789658820193404949e-03 -1.523419577173806176e-03 2.169884170593401780e-04 7.525121807762481319e-04 1.069058590503795935e-03 1.542747000203102854e-03 1.338035827332152358e-02 -3.563080013442532223e-02 8.144150766538202010e-04 1.692014781059547959e-02 9.669492617637527105e-06 -6.207248095559424251e-09 1.465664145302836806e-04 2.981695510831722774e-05 3.209418295694645696e-07 1.466530263821634768e-02 -1.511244364240355366e-08 2.386935364154706256e-06 1.064434517981051098e-05 2.842651747511470550e-04 -4.197873323024652867e-06 1.883890149290040457e-05 -1.606995321690161439e-04 5.363330157774354116e-06 -4.025546559346335523e-06 4.259809501631950423e-04 7.613482508112152101e-05 3.987222847066404097e-06 -1.669708794132155569e-05 2.378619480575677454e-04 -1.285970728437832604e-05 2.978530011193385695e-03 3.790265113042342758e-05 9.297085559523701965e-06 -6.523689614984063101e-07 6.765559266107711749e-05
6.161808770572886921e-04 6.160362764101911040e-04 1.455138451076508702e-02 6.088999779916660438e-04 1.461166799058477919e-02 7.889921441170185280e-04 -8.895570142934079716e-03 -8.478976923761608053e-03 -9.600116818171782612e-03 -9.198851301949440354e-03 6.155558038686386986e-04 9.189521397477549980e-03 2.458378159675932411e-03 9.176407689665690148e-02 3.217838058626177333e-01 -4.068896951340110479e-02 6.747606444394523527e-03 1.466922239234488487e-02 -2.208813017549899130e-02 6.110000938282105637e-03 -1.224529101695668622e-02 -1.329348728078338926e-02 5.104687780156765831e-01 -1.253091108248899133e+00 5.911344412553039274e-02 -6.899066988914374920e-02 1.896315890032621802e-04 6.447814207655501545e-09 -1.605973349943254401e-03 -1.769999365277936606e-04 -8.987689384317213173e-07 -1.975155110669863517e-02 2.168135446170919955e-07 -8.146490909942311244e-06 -1.903392860085292192e-05 -4.266900416897720458e-04 -1.127341890265494333e-07 5.126547558469872786e-06 -5.883494953879809190e-06 2.434139518663567674e-05 1.187710138995161867e-08 -5.675093108614736974e-03 -5.020633518516228638e-05 2.403763441485814152e-05 -1.111207852139990259e-04 2.814145834925299545e-05 -9.681419645165515332e-05 -1.330019547236685647e-03 -1.278044683490356858e-04 2.334762402429309486e-04 5.226579460368408863e-05 2.195518442847451887e-03
2.165858166504153453e-03 2.165344301697244480e-03 5.141268358234870467e-02 2.150960368326344189e-03 5.156567941403025768e-02 2.356196668776453992e-03 -3.173008682588110418e-02 -3.066652176288848022e-02 -3.392108009069542268e-02 -3.274160065791967278e-02 2.163426479278526566e-03 3.384036422575017328e-02 9.272947701699538886e-03 3.217838058626177333e-01 1.146936237575745920e+00 -1.454970158637373945e-01 2.073136459753318478e-02 4.795180279989382649e-02 -7.060532408748623756e-02 1.905195174478969272e-02 -4.444705445986270320e-02 1.740470384774890633e-02 1.686977527657352427e+00 -4.435685045382235181e+00 1.340047454330348109e-01 -1.823096645155036777e-01 5.896985658850789668e-04 1.820724271671032732e-08 -5.480398487109252280e-03 -5.271846677924773347e-04 -2.030663912825624034e-06 -5.738937034219355332e-02 6.302096937716340195e-07 -2.387851941505231103e-05 -4.815211253152561780e-05 -7.687766368241382223e-04 -1.042143414002180987e-06 4.535363559341395730e-05 -2.832363321306034459e-05 1.167624731853221878e-04 5.720574790964419164e-08 -1.831369456238666343e-02 -5.591218272452423482e-05 7.328930740133308963e-05 -3.411673087526298758e-04 1.341146135311219677e-04 -2.933743596306168447e-04 -5.169716140692664531e-03 -4.089632079244210966e-04 7.464433589192386856e-04 1.960620055217276005e-04 9.098432074116287807e-03
-2.780525022439686231e-04 -2.779806745740794754e-04 -6.808734983198098771e-03 -2.847986568204845638e-04 -6.780321160453605008e-03 4.100218337102485124e-05 4.451337893493431674e-03 4.639787557611767775e-03 4.495566340372468377e-03 4.533572154856384262e-03 -2.775465911618452673e-04 -5.606389293465281407e-03 -1.709338893271969764e-03 -4.068896951340110479e-02 -1.454970158637373945e-01 2.067598957757249556e-02 -1.874392912800779305e-04 -5.761036442065631258e-03 9.935328518994014646e-03 -3.221472588984106242e-03 5.151934090549758170e-03 4.246375156405303788e-03 -2.382219151360992215e-01 5.705221606119589284e-01 -2.737930730034223575e-02 1.855382857930018559e-02 -1.412467117229706344e-05 1.344758713212728201e-09 5.695004598943136228e-04 -9.561874445125413639e-06 -6.511973707188261429e-07 -2.580954177321289483e-03 2.603868210449611574e-08 -7.927261412348106712e-07 -9.039563627279531999e-06 -4.915203737219742217e-04 6.625867031428537581e-07 -2.819918970515366064e-05 9.869658015094987528e-06 -4.043489027140631802e-05 -1.995418759573665301e-08 1.014193211726925744e-03 -9.142957128299554091e-05 -4.929295720178962080e-07 4.446143599721771975e-06 -4.847542184603286311e-05 2.784014935989157890e-07 1.070827783561668998e-03 2.069307819264058795e-05 -1.104075099919010744e-04 -2.275241708757318708e-05 -9.908175953514670835e-04
2.877324435697386812e-05 2.926833283219452226e-05 2.463974241090034940e-03 8.294095808034397123e-06 2.713968614078890798e-03 2.969297725024981974e-03 1.730620131063134726e-03 2.698363022136889607e-03 -1.034056405482930213e-03 3.207780376628451436e-04 3.059731832501105673e-05 -8.229036700226288747e-03 -3.789658820193404949e-03 6.747606444394523527e-03 2.073136459753318478e-02 -1.874392912800779305e-04 2.676593950707134920e-02 1.411745447453177475e-02 -7.394388539864429205e-03 -3.389895651980454408e-03 -1.056154778489939473e-02 -1.336062481911701183e-02 4.660086798740166458e-02 -8.641838375875585121e-02 1.044345823741080724e-02 -1.299695096596819865e-01 -8.438240172224149719e-05 3.606884531381792200e-08 -6.969211786180333186e-04 -3.178857094139230692e-04 -1.504496870893556265e-06 -9.881422163625211419e-02 3.195081969342273669e-07 -1.207879867202800686e-05 -5.065716349068539917e-05 -7.801438745017688116e-04 3.379955691295248718e-06 -1.422701603482317406e-04 3.080773335157668141e-05 -1.247665513219836490e-04 -6.355074996994047241e-08 -8.480221697967894878e-03 -5.978862904021036784e-04 -3.487382134583436597e-05 1.461762343876725240e-04 -1.087671396375377957e-03 1.324124491987852567e-04 3.306662257818331063e-03 2.116876846113300095e-04 -1.746913469642978264e-07 1.802832331584389619e-05 1.094823547232213568e-04
9.114609578412374011e-05 9.138684695052965649e-05 3.158427155772389888e-03 8.226263963773136428e-05 3.281910471165046510e-03 1.548882396866335925e-03 -3.084943806897571476e-04 1.473563094228937369e-04 -1.773591099857288597e-03 -1.072308258624610558e-03 9.196626525762861316e-05 -2.789386529585413318e-03 -1.523419577173806176e-03 1.466922239234488487e-02 4.795180279989382649e-02 -5.761036442065631258e-03 1.411745447453177475e-02 1.415774884006937816e-02 -1.320292472790114691e-02 1.918970189535846964e-04 -6.033227412717779604e-03 -2.263509502292568309e-02 1.136096174430184791e-01 -1.973654329577951283e-01 3.261369856601976924e-03 -5.590339882450323650e-02 -4.083958044504846423e-05 1.858573630002214738e-08 -5.215782248907767631e-04 -1.641981456750798301e-04 -6.086734288528756261e-07 -5.121977121578250025e-02 1.603950390417631022e-07 -6.116967916257495606e-06 -2.409651479575929898e-05 -2.729633489935239486e-04 1.594015906761681462e-06 -6.701063681754036141e-05 1.347485485895253671e-05 -5.444312267881349894e-05 -2.790819615101227351e-08 -4.730997828813429153e-03 -2.889888394166779907e-04 -1.825459718138171237e-05 7.587504663804017844e-05 -5.587036638300780589e-04 6.976453957067033453e-05 1.444486061344757433e-03 1.058539985238115183e-04 8.405782047220036464e-05 -1.277981946066961670e-05 5.242366051248741998e-05
-1.456809791016833568e-04 -1.457722661838194655e-04 -3.972699916451603516e-03 -1.420924091692019053e-04 -4.031765574530954584e-03 -8.034200346939804381e-04 1.699262680529838639e-03 1.481737433903881256e-03 2.471693905881829686e-03 2.108141323454836274e-03 -1.459318364315232417e-04 -4.444787248555793092e-04 2.169884170593401780e-04 -2.208813017549899130e-02 -7.060532408748623756e-02 9.935328518994014646e-03 -7.394388539864429205e-03 -1.320292472790114691e-02 5.140352149999319331e-02 -2.749076180183924328e-02 1.060311095512391638e-02 4.372435315849187987e-02 -1.940202846272749970e-01 2.960886113934838582e-01 -6.225593108314311785e-02 6.435074817035239814e-02 2.048386440460811007e-06 -9.239510078881297799e-09 4.874981516955427920e-04 9.156946347431243994e-05 2.416180881051299856e-07 2.583355956069177672e-02 -8.975070198697923591e-08 3.451218647118885811e-06 1.143727526458516404e-05 7.231095172239584241e-05 -6.357259477245334583e-07 2.662901427854204501e-05 -4.172501092735405451e-06 1.670718590343620767e-05 8.758800528048672323e-09 2.929019227997688157e-03 1.263000618709826282e-04 6.828335738633253010e-06 -2.703909045249864375e-05 2.586483811143262899e-04 -2.600966681090414908e-05 -3.894984454449152778e-04 -3.712308931086020423e-05 -7.770790103379855316e-04 2.150367700845897843e-05 1.141966695029224179e-03
4.357879176370283418e-05 4.349728487914629460e-05 7.873247516718849450e-04 4.635270728409164538e-05 7.541826627768517897e-04 -3.764431815785889302e-04 -9.518828187545444464e-04 -1.073074887247435494e-03 -6.032643338409791152e-04 -7.735001198493228394e-04 4.326260042680752337e-05 1.938732263580399996e-03 7.525121807762481319e-04 6.110000938282105637e-03 1.905195174478969272e-02 -3.221472588984106242e-03 -3.389895651980454408e-03 1.918970189535846964e-04 -2.749076180183924328e-02 1.930214974038381784e-02 -2.776072316512362415e-03 -1.281968254038430913e-02 5.613019043382447976e-02 -7.911659138378061840e-02 3.630676181321142171e-02 -8.393558324698624507e-03 2.346803760120268222e-05 -4.790350501777734656e-09 -1.879548106995287450e-05 3.520344739915328292e-05 1.896701125429655492e-07 1.295517489476841720e-02 -3.386457980399955149e-08 1.274701357806039727e-06 6.467263735641764841e-06 1.073631114038619877e-04 -5.136803968195368666e-07 2.165750543656056850e-05 -5.129495638109826536e-06 2.082360903661347986e-05 1.054852022641527165e-08 8.286075219662125246e-04 8.569904918366134212e-05 6.338121783429202039e-06 -2.726751087521082987e-05 1.576099939726654750e-04 -2.431446230543753470e-05 -5.912587231371368643e-04 -3.820740396624379268e-05 5.144052671604689916e-04 -1.346983680135011192e-05 -7.785360452798654974e-04
-7.713397994894483404e-05 -7.731561016427617480e-05 -2.617569798427889921e-03 -7.136029541778233988e-05 -2.706585160065834352e-03 -1.150116397663476439e-03 3.914997766215019305e-04 7.943792970130586842e-05 1.490140720054556819e-03 9.732139344754213136e-04 -7.772890799786248423e-05 1.861030752989135300e-03 1.069058590503795935e-03 -1.224529101695668622e-02 -4.444705445986270320e-02 5.151934090549758170e-03 -1.056154778489939473e-02 -6.033227412717779604e-03 1.060311095512391638e-02 -2.776072316512362415e-03 7.576372662793587343e-02 -3.149776260358977398e-04 -6.072097693670908819e-02 1.699850444803014393e-01 -1.648807304134803087e-01 2.156802759533635871e-01 3.682789054748362100e-05 -1.382060652929057181e-08 4.010954125094353230e-04 1.178254311734201602e-04 3.596478415980498601e-07 3.813708323782884213e-02 -1.115958442677234296e-07 4.282636842248497343e-06 1.671028066887738858e-05 1.383750491048324396e-04 -1.150052796134251634e-06 4.832348791997318052e-05 -9.436785451672704105e-06 3.808783065829990540e-05 1.958695789431335177e-08 3.515518577364919791e-03 2.090010838676829266e-04 1.481201215527463345e-05 -6.172440697187864906e-05 4.229486811010731411e-04 -5.697180644243317099e-05 -1.036590187829734833e-03 -8.348547833366749306e-05 -6.661008830721184496e-06 -1.982088997305628231e-04 -1.626967751498070150e-04
-8.104050761018351105e-05 -8.125148489935982632e-05 -2.694521406116132545e-03 -6.948891846302165725e-05 -2.823048114236236666e-03 -1.497805920585498947e-03 1.292962519044158279e-04 -4.109365742692161483e-04 1.507166637593836990e-03 8.139030390978798171e-04 -8.183552454762887582e-05 2.947451542183099002e-03 1.542747000203102854e-03 -1.329348728078338926e-02 1.740470384774890633e-02 4.246375156405303788e-03 -1.336062481911701183e-02 -2.263509502292568309e-02 4.372435315849187987e-02 -1.281968254038430913e-02 -3.149776260358977398e-04 8.047054490847143082e-01 -1.660861908086407324e+00 6.167326479518444593e-01 -6.223467668647836293e-01 4.400056197850062412e-01 7.641617208099126977e-06 -1.776920755651120941e-08 5.167871757964747053e-04 1.771029347203397571e-04 9.333999125314413143e-07 4.888800972260406996e-02 -1.870413613608534259e-07 7.035550574988850498e-06 2.768327883413024975e-05 4.986739603235767777e-04 -1.615868382626483709e-06 6.799276921493352529e-05 -1.442212464003229903e-05 5.838315082744645237e-05 2.973859219935611419e-08 4.712431252069218361e-03 2.943852649998540726e-04 1.182383583572833638e-05 -4.809734487772363920e-05 4.983878768341706844e-04 -4.371076848023860496e-05 -1.428559479740439467e-03 -7.738055271609033852e-05 -2.088704894152975115e-04 -3.134298349889095550e-04 5.067795133567904071e-03
3.438882375735395364e-03 3.438507079371413890e-03 8.420794882594727360e-02 3.434655541932942098e-03 8.446889767456727816e-02 4.953312208080009466e-03 -5.005004787999716570e-02 -4.891170742282743150e-02 -5.502344801009701608e-02 -5.274343671816943135e-02 3.435890377218120927e-03 5.124324109327185045e-02 1.338035827332152358e-02 5.104687780156765831e-01 1.686977527657352427e+00 -2.382219151360992215e-01 4.660086798740166458e-02 1.136096174430184791e-01 -1.940202846272749970e-01 5.613019043382447976e-02 -6.072097693670908819e-02 -1.660861908086407324e+00 6.089157051645387675e+00 -7.986312642387978222e+00 1.621855978196356185e+00 -1.239365988848039279e+00 5.783669678339465291e-04 4.592991016165866603e-08 -8.688990298467038145e-03 -7.845311688249049977e-04 -5.662919236429270292e-07 -1.382743524819041725e-01 8.170385379156323484e-07 -3.178911121337548058e-05 -5.565376757663510949e-05 6.729178929557313657e-04 -8.380038514352262340e-07 3.814040715744348650e-05 -4.354406684829765118e-05 1.804716458746899129e-04 8.680217546248180058e-08 -3.082352842729672859e-02 -2.078693600377392713e-04 4.363404679058727659e-05 -2.276544429624350826e-04 -6.614522470142402072e-04 -1.738524498222095659e-04 -6.870991130436543415e-03 -3.069194566887542032e-04 1.505709611559908874e-03 9.742776999893158155e-04 2.584607355782292133e-03
-8.436666970696213297e-03 -8.434865225612295930e-03 -2.014945685680505361e-01 -8.389572023264155881e-03 -2.020873350969615290e-01 -9.650210045070219469e-03 1.235373316886507200e-01 1.197232064818973957e-01 1.326983733554331912e-01 1.279629425346097416e-01 -8.427545740758489098e-03 -1.309821568503163336e-01 -3.563080013442532223e-02 -1.253091108248899133e+00 -4.435685045382235181e+00 5.705221606119589284e-01 -8.641838375875585121e-02 -1.973654329577951283e-01 2.960886113934838582e-01 -7.911659138378061840e-02 1.699850444803014393e-01 6.167326479518444593e-01 -7.986312642387978222e+00 1.780081488002115364e+01 -1.073791771392113237e+00 1.097556804661650620e+00 -2.118862216364883911e-03 -7.782323333247719340e-08 2.131012979088146853e-02 2.011169241565473505e-03 6.478687779562524047e-06 2.427254359257036698e-01 -2.345529420449309289e-06 8.929775907812245717e-05 1.744415459106041623e-04 1.989033573472080013e-03 3.812152085484255346e-06 -1.665152107024173199e-04 1.111601186844788161e-04 -4.586312672609202975e-04 -2.239939646570585075e-07 7.181677498688306127e-02 2.487445030734201229e-04 -2.501317195214659622e-04 1.176103741807705931e-03 -1.303527526929209321e-04 1.000493216595909479e-03 1.962346173890759660e-02 1.429017817320727681e-03 -2.845240797740860531e-03 -1.132226102266503274e-03 -3.293825448707135561e-02
3.954889933622524186e-04 3.955492631893593345e-04 1.009103015135502310e-02 3.922817474178548957e-04 1.016431904919089940e-02 1.121558334799556064e-03 -5.373583717265860774e-03 -5.100499703008248495e-03 -6.473758535088875582e-03 -5.965673413619230342e-03 3.954976537906008385e-04 4.305783030417396559e-03 8.144150766538202010e-04 5.911344412553039274e-02 1.340047454330348109e-01 -2.737930730034223575e-02 1.044345823741080724e-02 3.261369856601976924e-03 -6.225593108314311785e-02 3.630676181321142171e-02 -1.648807304134803087e-01 -6.223467668647836293e-01 1.621855978196356185e+00 -1.073791771392113237e+00 3.207806476449022171e+00 -2.794915860612280589e+00 3.666294747819450308e-05 1.209995537493628334e-08 -1.105937792852284239e-03 -1.415433032767476245e-04 -2.146955272616796161e-07 -3.458359123283748227e-02 1.401915323630508004e-07 -5.435364987572086713e-06 -1.417321058680274430e-05 1.936675928738659010e-05 5.182924599839250559e-07 -2.147000914509603647e-05 4.020768335090660179e-07 -1.124958269343421412e-06 -1.216514256041689227e-09 -5.027426590530729121e-03 -1.310938240040370817e-04 -3.985251514461096646e-06 1.199388060113742505e-05 -2.973658539674947643e-04 1.484437138153887979e-05 -1.583090283179414484e-04 1.539179843812086505e-05 4.975034860522784463e-04 -7.244302243255961588e-04 -3.925097315231862102e-03
-3.863467709976085070e-04 -3.886681458086190845e-04 -1.784824336603636763e-02 -2.904090508387840736e-04 -1.904499545913472536e-02 -1.439007407102387524e-02 -4.509843580235477212e-03 -9.126760567864990528e-03 8.929775456571415262e-03 2.368314753685698756e-03 -3.947515270370711461e-04 3.510505395538712770e-02 1.692014781059547959e-02 -6.899066988914374920e-02 -1.823096645155036777e-01 1.855382857930018559e-02 -1.299695096596819865e-01 -5.590339882450323650e-02 6.435074817035239814e-02 -8.393558324698624507e-03 2.156802759533635871e-01 4.400056197850062412e-01 -1.239365988848039279e+00 1.097556804661650620e+00 -2.794915860612280589e+00 3.112711931728906034e+00 3.695880330394933546e-04 -1.738542701816493286e-07 3.914522199913459191e-03 1.551726040282244137e-03 7.016828908517988317e-06 4.772202950232365959e-01 -1.556424239535767379e-06 5.893844065605374403e-05 2.417132623608178664e-04 3.547116734925358748e-03 -1.588493824314214406e-05 6.684041887771487991e-04 -1.419252455920844776e-04 5.744394819724947315e-04 2.930302763358687528e-07 4.224469925528017561e-02 2.834865744945570722e-03 1.639518306679841480e-04 -6.843229354400255822e-04 5.204496381181171992e-03 -6.225525913124101271e-04 -1.512083776562615257e-02 -9.881210654025030828e-04 -2.645294103073312980e-04 8.238262960401596677e-04 7.407764082547748860e-04
1.458374497811257885e-06 1.448251447066425511e-06 2.427856964298503127e-06 9.451523869567056508e-07 7.797010479132201997e-06 -5.588877968334271060e-06 -1.261099245011990469e-05 -1.706598607189806471e-05 -1.404577100379832369e-05 -1.057753589353246653e-05 1.454082094825002289e-06 3.278964362456592994e-05 9.669492617637527105e-06 1.896315890032621802e-04 5.896985658850789668e-04 -1.412467117229706344e-05 -8.438240172224149719e-05 -4.083958044504846423e-05 2.048386440460811007e-06 2.346803760120268222e-05 3.682789054748362100e-05 7.641617208099126977e-06 5.783669678339465291e-04 -2.118862216364883911e-03 3.666294747819450308e-05 3.695880330394933546e-04 9.052356178405883446e-05 4.182105699209781457e-10 -3.824052390066984882e-05 1.274029550591184782e-06 -6.185758720174552102e-09 1.802840556869728930e-05 1.930639527723841772e-08 -1.134499599966999470e-07 -4.052416779133892863e-07 -2.511492184174257580e-05 2.155142416426103408e-07 -1.648846381936167705e-07 3.559655795847197946e-07 -6.217098492876609201e-07 6.010727390383008757e-10 1.309312552438655778e-05 1.776070141979617985e-07 8.959066709129395883e-06 -5.414071825919538269e-06 2.690645612353074659e-05 -6.361747061960313379e-06 2.549144772928378677e-05 -6.373950969401130873e-06 3.739684864329366117e-07 1.729003944681956811e-08 4.326485239186755862e-06
7.289023575751009091e-11 6.762127817295410464e-11 1.660835496713731820e-09 -2.828352003340165111e-12 2.919666380048897659e-09 4.174663226050482909e-09 7.057235079705597244e-09 2.216763246939478786e-09 -4.477000069568592068e-09 7.339893992673536004e-10 7.151106467344596866e-11 -1.163842460186874269e-08 -6.207248095559424251e-09 6.447814207655501545e-09 1.820724271671032732e-08 1.344758713212728201e-09 3.606884531381792200e-08 1.858573630002214738e-08 -9.239510078881297799e-09 -4.790350501777734656e-09 -1.382060652929057181e-08 -1.776920755651120941e-08 4.592991016165866603e-08 -7.782323333247719340e-08 1.209995537493628334e-08 -1.738542701816493286e-07 4.182105699209781457e-10 5.171385925038825498e-13 -1.589941460668616585e-08 -9.788122583313227505e-10 1.801607705745559376e-11 -2.585302717600183146e-07 1.641649077286094820e-12 -5.923246562500843603e-11 -9.907356887864899705e-11 -2.199676579753751292e-09 7.471248457147844995e-12 -3.110751400021665791e-10 7.869921065352287683e-11 -3.198320965082451949e-10 -1.552202852387289109e-13 -5.127536538455686212e-09 -8.338612716640006965e-10 1.184748807144069229e-10 -6.009171095882378436e-10 3.144312647736013062e-10 -7.122756140872479184e-10 8.728713704663890464e-10 -6.966822561559734625e-10 -7.963865065239514398e-12 2.270363657034168030e-11 8.182992691633164388e-11
-1.300213865699059998e-05 -1.270149456402376652e-05 -2.085472658288979912e-04 -6.264420354489300905e-06 -2.769098146313155170e-04 -1.260046139273839007e-04 7.932309302068196320e-05 1.107649642855539789e-04 4.250726301812049338e-04 1.211120887766539716e-04 -1.283519475721196818e-05 5.444777840127819671e-05 1.465664145302836806e-04 -1.605973349943254401e-03 -5.480398487109252280e-03 5.695004598943136228e-04 -6.969211786180333186e-04 -5.215782248907767631e-04 4.874981516955427920e-04 -1.879548106995287450e-05 4.010954125094353230e-04 5.167871757964747053e-04 -8.688990298467038145e-03 2.131012979088146853e-02 -1.105937792852284239e-03 3.914522199913459191e-03 -3.824052390066984882e-05 -1.589941460668616585e-08 2.093173304369704175e-03 1.577642094384974314e-05 1.060213078583731099e-06 1.206973015615766566e-02 -8.134274896622877515e-08 3.092358825455349094e-06 8.375213029406483085e-06 3.547754059517671467e-04 1.321217905032642313e-08 9.018151324629800696e-06 -2.491906055050980651e-06 1.109042271332364140e-05 7.470567193721297676e-09 8.522643461907411511e-06 1.612650675341078041e-05 -9.788975283999278669e-06 4.089778029838180126e-05 -9.978433691763049173e-05 4.540913093021536456e-05 1.127357061949968865e-04 4.893263408601367440e-05 -3.529937468200309147e-06 -1.189600375386369204e-06 -3.687196567716031988e-05
-1.368986714689886336e-06 -7.514865970625687407e-07 -3.663361101787204060e-05 -1.272119860227715010e-05 8.328527791973572725e-05 2.312474473571113332e-05 -2.526710234228877482e-05 7.806093595720757885e-05 1.912243536205182341e-05 -3.613711098998309687e-06 -7.775188332158856086e-07 1.661044084712571243e-04 2.981695510831722774e-05 -1.769999365277936606e-04 -5.271846677924773347e-04 -9.561874445125413639e-06 -3.178857094139230692e-04 -1.641981456750798301e-04 9.156946347431243994e-05 3.520344739915328292e-05 1.178254311734201602e-04 1.771029347203397571e-04 -7.845311688249049977e-04 2.011169241565473505e-03 -1.415433032767476245e-04 1.551726040282244137e-03 1.274029550591184782e-06 -9.788122583313227505e-10 1.577642094384974314e-05 1.225587217378843428e-03 -6.687199390790480385e-08 6.797707747458612421e-03 4.580028097361331493e-06 1.407402456728741111e-05 -4.919827747358581931e-06 -4.165270306900703632e-04 8.259929570980747060e-06 1.661579307690251624e-05 6.136743019582388016e-06 9.985675483703109409e-06 5.187701561815409346e-08 1.128575850532600772e-04 2.032236950713096405e-05 7.439498270601528875e-07 -3.107675213299672307e-06 -2.184118078531855581e-03 -2.790367359384357578e-05 -9.180099964080151373e-05 -5.299142937664496516e-06 -1.295786861338454705e-07 -2.395249334446439280e-07 -3.352164595524195935e-06
