par.Ct_1S0np = -0.148129778614091
par.Ct_1S0pp = -0.147317464624060
par.C_1S0 = 2.52359924913984
par.Ct_3S1 = -0.169291901735249
par.C_3S1 = 0.682482152084248
par.C_3S1-3D1 = 0.571203113104512
par.C_3P0 = 1.16354430376948
par.C_1P1 = 0.486156118376396
par.C_3P1 = -0.936383088253439
par.C_3P2 = -0.659689887899591
par.Ct_1S0nn = -0.147922904964902
par.c_D = -0.254218716078000
par.c_E = -0.488736936933943
par.c1 = 0.681553518554224E-01
par.c2 = 4.67964385193218
par.c3 = -3.56711957816395
par.c4 = 3.72199024310257
par.d1+d2 = 5.21291332175834
par.d3 = -4.77137484508344
par.d5 = -0.214773209709275
par.d14-d15 = -10.1564183585373
par.e14 = -0.139077029252235
par.e15 = -9.87284703220520
par.e16 = 1.68447080048899
par.e17 = 1.38380821193076
par.e18 = -0.104472169416271
par.Ct_1S0np = -0.148138753056169
par.Ct_1S0pp = -0.147327044966670
par.C_1S0 = 2.52372351336555
par.Ct_3S1 = -0.169270415507851
par.C_3S1 = 0.682371385361900
par.C_3S1-3D1 = 0.571520404513281
par.C_3P0 = 1.16415308432097
par.C_1P1 = 0.486564562235546
par.C_3P1 = -0.936097893848565
par.C_3P2 = -0.659479488940466
par.Ct_1S0nn = -0.147942455228092
par.c_D = -0.255786838990323
par.c_E = -0.489530927360396
par.c1 = 0.671845715329776E-01
par.c2 = 4.67598487058914
par.c3 = -3.56639314062292
par.c4 = 3.72624552615069
par.d1+d2 = 5.21501855246901
par.d3 = -4.77248231256316
par.d5 = -0.215276963500044
par.d14-d15 = -10.1574821357647
par.e14 = -0.141002341001147
par.e15 = -9.87557343573874
par.e16 = 1.69720560883738
par.e17 = 1.38699747906522
par.e18 = -0.126168119932696
par.Ct_1S0np = -0.148137845674746
par.Ct_1S0pp = -0.147326106009578
par.C_1S0 = 2.52376249956917
par.Ct_3S1 = -0.169270764064181
par.C_3S1 = 0.682406152366618
par.C_3S1-3D1 = 0.571603316879118
par.C_3P0 = 1.16416474802137
par.C_1P1 = 0.486656793767553
par.C_3P1 = -0.936118812532568
par.C_3P2 = -0.659458993771518
par.Ct_1S0nn = -0.147947247413217
par.c_D = -0.116198020768990
par.c_E = -0.469037906379850
par.c1 = 0.673955718389744E-01
par.c2 = 4.67654882438789
par.c3 = -3.56631357366807
par.c4 = 3.72683237739302
par.d1+d2 = 5.21530656816622
par.d3 = -4.77262320723400
par.d5 = -0.215352050976737
par.d14-d15 = -10.1576773346665
par.e14 = -0.141216738882884
par.e15 = -9.87501938756476
par.e16 = 1.69518766220484
par.e17 = 1.38703474854197
par.e18 = -0.128872182413874
par.Ct_1S0np = -0.148136434549227
par.Ct_1S0pp = -0.147324693778036
par.C_1S0 = 2.52379275670229
par.Ct_3S1 = -0.169269463065157
par.C_3S1 = 0.682437909303781
par.C_3S1-3D1 = 0.571592879099511
par.C_3P0 = 1.16413102731474
par.C_1P1 = 0.486623004950485
par.C_3P1 = -0.936140418039621
par.C_3P2 = -0.659485472475834
par.Ct_1S0nn = -0.147939945521210
par.c_D = -0.256164779226717
par.c_E = -0.489951364860195
par.c1 = 0.675988777791160E-01
par.c2 = 4.67728723389688
par.c3 = -3.56642770917180
par.c4 = 3.72673988574459
par.d1+d2 = 5.21528922305729
par.d3 = -4.77265367159554
par.d5 = -0.215321545751375
par.d14-d15 = -10.1576701726888
par.e14 = -0.141193141356928
par.e15 = -9.87385807790760
par.e16 = 1.69231181902776
par.e17 = 1.38716050656752
par.e18 = -0.128529581610351
