theo_error.scale_from_amplitudes = yes
scaling_form = 1
eft_nu = 4.0
eft_C = 1.0237
eft_nu.piN = 5.0
eft_C.piN = 3.6305
residual_list.load = no
residual_list.load.prefix = N2LOsim-475-125.theo
eft_C = 3.13452012836933136
eft_C.piN = 3.62446881830692291
eft_C = 1.21655546128749847
eft_C.piN = 3.63362170755863190
eft_C = 1.04686684906482697
eft_C.piN = 3.67379076778888702
eft_C = 1.03545807301998138
eft_C.piN = 3.67900423705577850
