par.Ct_1S0np = -0.148351955706998
par.Ct_1S0pp = -0.147544565824798
par.C_1S0 = 2.54051614015323
par.Ct_3S1 = -0.174342719406039
par.C_3S1 = 0.723314779799860
par.C_3S1-3D1 = 0.626924806348134
par.C_3P0 = 1.16708772874164
par.C_1P1 = 0.583519610065374
par.C_3P1 = -0.966521388160239
par.C_3P2 = -0.648982187917688
par.Ct_1S0nn = -0.148083732812970
par.c_D = -0.151241061462819
par.c_E = -0.460915332907050
par.c1 = 0.108316298682840
par.c2 = 4.73679464816971
par.c3 = -3.50673977582177
par.c4 = 4.09243375934022
par.d1+d2 = 5.39121022687822
par.d3 = -4.84936594958505
par.d5 = -0.267620615225075
par.d14-d15 = -10.2802779985142
par.e14 = -0.322473011690058
par.e15 = -9.73882265326324
par.e16 = 1.45968354548609
par.e17 = 1.48336896156853
par.e18 = -1.87417937532003
par.Ct_1S0np = -0.149407641918366
par.Ct_1S0pp = -0.148634784940631
par.C_1S0 = 2.50491175200598
par.Ct_3S1 = -0.174219534267954
par.C_3S1 = 0.686774089037791
par.C_3S1-3D1 = 0.563744569301731
par.C_3P0 = 1.15966622523065
par.C_1P1 = 0.482107316419200
par.C_3P1 = -0.944597185640602
par.C_3P2 = -0.664169642884852
par.Ct_1S0nn = -0.149194124392297
par.c_D = -0.922161762036351E-01
par.c_E = -0.398532173932448
par.c1 = -0.144878875068720
par.c2 = 4.05586447443063
par.c3 = -3.58752929027603
par.c4 = 3.63842890728939
par.d1+d2 = 5.17545267684454
par.d3 = -4.74192753795211
par.d5 = -0.213369972025744
par.d14-d15 = -10.1373171910929
par.e14 = -0.617812596596373E-01
par.e15 = -10.4883693283670
par.e16 = 3.91870445114482
par.e17 = 1.30492574564654
par.e18 = 0.329761297582620
par.Ct_1S0np = -0.149324637002196
par.Ct_1S0pp = -0.148548768698545
par.C_1S0 = 2.50817416703104
par.Ct_3S1 = -0.174272865386794
par.C_3S1 = 0.690218021241329
par.C_3S1-3D1 = 0.569908584165660
par.C_3P0 = 1.16091703272313
par.C_1P1 = 0.489667012220356
par.C_3P1 = -0.946306841700196
par.C_3P2 = -0.662934390984574
par.Ct_1S0nn = -0.149105802893436
par.c_D = -0.958831450620667E-01
par.c_E = -0.403911618163595
par.c1 = -0.125048621486010
par.c2 = 4.11004790557187
par.c3 = -3.58156658871628
par.c4 = 3.68036082517403
par.d1+d2 = 5.19575992059550
par.d3 = -4.75211335954703
par.d5 = -0.218426552605917
par.d14-d15 = -10.1505313653722
par.e14 = -0.840378242238356E-01
par.e15 = -10.4232355412272
par.e16 = 3.71931801695639
par.e17 = 1.32191533555219
par.e18 = 0.125418379645730
par.Ct_1S0np = -0.149317639307830
par.Ct_1S0pp = -0.148541774363329
par.C_1S0 = 2.50821521155569
par.Ct_3S1 = -0.174265745816406
par.C_3S1 = 0.690225301143656
par.C_3S1-3D1 = 0.569834764537279
par.C_3P0 = 1.16067730008048
par.C_1P1 = 0.489480761489595
par.C_3P1 = -0.946453770859617
par.C_3P2 = -0.663022077420246
par.Ct_1S0nn = -0.149090821359758
par.c_D = -0.317498971684493
par.c_E = -0.439857124033975
par.c1 = -0.124100562116492
par.c2 = 4.11321383396259
par.c3 = -3.58187382408916
par.c4 = 3.67941027968202
par.d1+d2 = 5.19536527428521
par.d3 = -4.75208892446586
par.d5 = -0.218212089142510
par.d14-d15 = -10.1502960956265
par.e14 = -0.836853339297176E-01
par.e15 = -10.4196781061744
par.e16 = 3.70777731267603
par.e17 = 1.32158562619177
par.e18 = 0.130145783937678
