par.Ct_1S0np = -0.146422077106651
par.Ct_1S0pp = -0.145450455817858
par.C_1S0 = 2.51211670191203
par.Ct_3S1 = -0.157057582389212
par.C_3S1 = 0.618542697984463
par.C_3S1-3D1 = 0.533028782068824
par.C_3P0 = 1.26060830117753
par.C_1P1 = 0.433479974734329
par.C_3P1 = -0.832549565285547
par.C_3P2 = -0.648824006326999
par.Ct_1S0nn = -0.146408280845076
par.c_D = -0.194646438777864
par.c_E = -0.901235324083123
par.c1 = 0.210441346211094
par.c2 = 5.06400108412955
par.c3 = -3.52432948796130
par.c4 = 3.52308826792978
par.d1+d2 = 5.09569683387837
par.d3 = -4.71664845968303
par.d5 = -0.180909564611922
par.d14-d15 = -10.0586225853511
par.e14 = -0.836250378713167E-01
par.e15 = -9.84905680715658
par.e16 = 0.477827856830669
par.e17 = 1.34804475889999
par.e18 = 0.836384178031268
par.Ct_1S0np = -0.147358881123188
par.Ct_1S0pp = -0.146412517814597
par.C_1S0 = 2.48469924801235
par.Ct_3S1 = -0.157911582471086
par.C_3S1 = 0.594350908709487
par.C_3S1-3D1 = 0.512633486197336
par.C_3P0 = 1.28363553111015
par.C_1P1 = 0.419845244815400
par.C_3P1 = -0.804196502933064
par.C_3P2 = -0.645420613471194
par.Ct_1S0nn = -0.147369427248674
par.c_D = -0.188980564097337
par.c_E = -0.892665878194904
par.c1 = 0.430871374436621E-01
par.c2 = 4.53846646179225
par.c3 = -3.50753314042057
par.c4 = 3.35612754436637
par.d1+d2 = 5.00362698343765
par.d3 = -4.65590711878782
par.d5 = -0.167563901671455
par.d14-d15 = -9.99321842185068
par.e14 = 0.190313611929510E-01
par.e15 = -10.6084039970279
par.e16 = 2.47840547121468
par.e17 = 1.22149821535687
par.e18 = 1.68783400920338
par.Ct_1S0np = -0.147377291757226
par.Ct_1S0pp = -0.146430409912472
par.C_1S0 = 2.48466608058470
par.Ct_3S1 = -0.157942602684569
par.C_3S1 = 0.594379153249729
par.C_3S1-3D1 = 0.513450170689024
par.C_3P0 = 1.28403426640848
par.C_1P1 = 0.420840998306740
par.C_3P1 = -0.803656903076819
par.C_3P2 = -0.644871468738494
par.Ct_1S0nn = -0.147414172506179
par.c_D = 0.274496981263900
par.c_E = -0.886612009399874
par.c1 = 0.413634959915619E-01
par.c2 = 4.53100911738167
par.c3 = -3.50528993442955
par.c4 = 3.36277422554662
par.d1+d2 = 5.00656744201202
par.d3 = -4.65726608421593
par.d5 = -0.168368342697949
par.d14-d15 = -9.99403279473813
par.e14 = 0.155204648579516E-01
par.e15 = -10.6184011987135
par.e16 = 2.50642365523611
par.e17 = 1.22912932888136
par.e18 = 1.65205696422116
par.Ct_1S0np = -0.147375961665245
par.Ct_1S0pp = -0.146429066880884
par.C_1S0 = 2.48470993489293
par.Ct_3S1 = -0.157941209080800
par.C_3S1 = 0.594423482066910
par.C_3S1-3D1 = 0.513461875514938
par.C_3P0 = 1.28398949975529
par.C_1P1 = 0.420837995250517
par.C_3P1 = -0.803665324317899
par.C_3P2 = -0.644890898438971
par.Ct_1S0nn = -0.147409007544811
par.c_D = 0.208295299701706
par.c_E = -0.886859018101325
par.c1 = 0.415794488526330E-01
par.c2 = 4.53179627901722
par.c3 = -3.50538837435684
par.c4 = 3.36288633015214
par.d1+d2 = 5.00665501996861
par.d3 = -4.65733724902635
par.d5 = -0.168372422043718
par.d14-d15 = -9.99410197943026
par.e14 = 0.156969646258814E-01
par.e15 = -10.6175947858257
par.e16 = 2.50351616139562
par.e17 = 1.22877814468173
par.e18 = 1.65182697760845
