par.Ct_1S0np = -0.146686807062164
par.Ct_1S0pp = -0.145822706720795
par.C_1S0 = 2.54540357897640
par.Ct_3S1 = -0.163884304815526
par.C_3S1 = 0.681176875479728
par.C_3S1-3D1 = 0.570870332880967
par.C_3P0 = 1.17012445792331
par.C_1P1 = 0.473560664521145
par.C_3P1 = -0.930996571909696
par.C_3P2 = -0.661286499855537
par.Ct_1S0nn = -0.146526404869611
par.c_D = -0.215677401366564
par.c_E = -0.572046917769137
par.c1 = 0.283079046125440
par.c2 = 5.34228802633251
par.c3 = -3.57762781169364
par.c4 = 3.77586536323162
par.d1+d2 = 5.24292651364518
par.d3 = -4.80234184173362
par.d5 = -0.210978750786818
par.d14-d15 = -10.1750310828769
par.e14 = -0.198274392638508
par.e15 = -9.11060811075233
par.e16 = -0.746061028996083
par.e17 = 1.47555340307483
par.e18 = -0.412785321208011
par.Ct_1S0np = -0.147652880887606
par.Ct_1S0pp = -0.146809994093066
par.C_1S0 = 2.51657772766497
par.Ct_3S1 = -0.164724147929444
par.C_3S1 = 0.654671851558547
par.C_3S1-3D1 = 0.546214526354418
par.C_3P0 = 1.18135239837141
par.C_1P1 = 0.448417544258954
par.C_3P1 = -0.906311437419851
par.C_3P2 = -0.659637186132287
par.Ct_1S0nn = -0.147522057957017
par.c_D = -0.157170565906120
par.c_E = -0.547595543311559
par.c1 = 0.101765761038547
par.c2 = 4.78468063318781
par.c3 = -3.57054583060160
par.c4 = 3.57563509462996
par.d1+d2 = 5.13655470704897
par.d3 = -4.73707439247769
par.d5 = -0.192343968717443
par.d14-d15 = -10.0991778439125
par.e14 = -0.792237273214171E-01
par.e15 = -9.88478914080165
par.e16 = 1.35966909190577
par.e17 = 1.34788478539764
par.e18 = 0.593364991763047
par.Ct_1S0np = -0.147658705437877
par.Ct_1S0pp = -0.146815016397625
par.C_1S0 = 2.51706612896845
par.Ct_3S1 = -0.164765048477241
par.C_3S1 = 0.655338413114891
par.C_3S1-3D1 = 0.547899102919437
par.C_3P0 = 1.18213944664465
par.C_1P1 = 0.450592839588140
par.C_3P1 = -0.906161301022958
par.C_3P2 = -0.658920857685556
par.Ct_1S0nn = -0.147535129771320
par.c_D = 0.204151496452406E-01
par.c_E = -0.526541414787316
par.c1 = 0.102998487345888
par.c2 = 4.78540582233566
par.c3 = -3.56750498545710
par.c4 = 3.58875555259145
par.d1+d2 = 5.14271310594633
par.d3 = -4.74005144867846
par.d5 = -0.193960681620409
par.d14-d15 = -10.1023770261928
par.e14 = -0.855716198557009E-01
par.e15 = -9.88557490087094
par.e16 = 1.35784449433216
par.e17 = 1.35592790884606
par.e18 = 0.527453998861457
par.Ct_1S0np = -0.147658705437877
par.Ct_1S0pp = -0.146815016397625
par.C_1S0 = 2.51706612896845
par.Ct_3S1 = -0.164765048477241
par.C_3S1 = 0.655338413114891
par.C_3S1-3D1 = 0.547899102919437
par.C_3P0 = 1.18213944664465
par.C_1P1 = 0.450592839588140
par.C_3P1 = -0.906161301022958
par.C_3P2 = -0.658920857685556
par.Ct_1S0nn = -0.147535129771320
par.c_D = 0.204151496452406E-01
par.c_E = -0.526541414787316
par.c1 = 0.102998487345888
par.c2 = 4.78540582233566
par.c3 = -3.56750498545710
par.c4 = 3.58875555259145
par.d1+d2 = 5.14271310594633
par.d3 = -4.74005144867846
par.d5 = -0.193960681620409
par.d14-d15 = -10.1023770261928
par.e14 = -0.855716198557009E-01
par.e15 = -9.88557490087094
par.e16 = 1.35784449433216
par.e17 = 1.35592790884606
par.e18 = 0.527453998861457
par.Ct_1S0np = -0.147655706331691
par.Ct_1S0pp = -0.146812015611716
par.C_1S0 = 2.51714476558954
par.Ct_3S1 = -0.164761300652910
par.C_3S1 = 0.655413346105928
par.C_3S1-3D1 = 0.547879447852346
par.C_3P0 = 1.18205296199706
par.C_1P1 = 0.450521863513404
par.C_3P1 = -0.906201747175974
par.C_3P2 = -0.658981977402445
par.Ct_1S0nn = -0.147525758066873
par.c_D = -0.111004764683157
par.c_E = -0.542801163822173
par.c1 = 0.103423317060169
par.c2 = 4.78702025019833
par.c3 = -3.56779630073788
par.c4 = 3.58862671419580
par.d1+d2 = 5.14273080229798
par.d3 = -4.74015711366504
par.d5 = -0.193901856374144
par.d14-d15 = -10.1024112671426
par.e14 = -0.853529966755406E-01
par.e15 = -9.88318482168999
par.e16 = 1.35159552770675
par.e17 = 1.35586349924874
par.e18 = 0.528134748568210
