par.Ct_1S0np = -0.148749292556431
par.Ct_1S0pp = -0.147958298068363
par.C_1S0 = 2.50105425177121
par.Ct_3S1 = -0.169402897810382
par.C_3S1 = 0.659950751270086
par.C_3S1-3D1 = 0.543636932393351
par.C_3P0 = 1.16831462959125
par.C_1P1 = 0.446214871973325
par.C_3P1 = -0.923600681454642
par.C_3P2 = -0.662384473252353
par.Ct_1S0nn = -0.148575707454143
par.c_D = -0.187318777021627
par.c_E = -0.459795577229800
par.c1 = -0.675400090091850E-01
par.c2 = 4.28325900370193
par.c3 = -3.58108006995150
par.c4 = 3.51936060946370
par.d1+d2 = 5.11053956641821
par.d3 = -4.71441412807937
par.d5 = -0.192890249224279
par.d14-d15 = -10.0853245567028
par.e14 = -0.219098230065644E-01
par.e15 = -10.3978939696911
par.e16 = 3.16442074070773
par.e17 = 1.28454229233167
par.e18 = 0.892096638169424
par.Ct_1S0np = -0.148756502156603
par.Ct_1S0pp = -0.147965472960318
par.C_1S0 = 2.50219053381471
par.Ct_3S1 = -0.169097078802955
par.C_3S1 = 0.659538391056357
par.C_3S1-3D1 = 0.541974764059668
par.C_3P0 = 1.16872417089985
par.C_1P1 = 0.444787723968799
par.C_3P1 = -0.923350976290130
par.C_3P2 = -0.662636807260102
par.Ct_1S0nn = -0.148591393840047
par.c_D = -0.188193440602496
par.c_E = -0.459837756835830
par.c1 = -0.678956106138900E-01
par.c2 = 4.28499576326138
par.c3 = -3.58358566038873
par.c4 = 3.52580986024544
par.d1+d2 = 5.11467406985657
par.d3 = -4.71717339406257
par.d5 = -0.193511075864322
par.d14-d15 = -10.0881673155755
par.e14 = -0.243650324160335E-01
par.e15 = -10.3791150758296
par.e16 = 3.14949533386598
par.e17 = 1.29131978202544
par.e18 = 0.857860548501431
par.Ct_1S0np = -0.148755546883078
par.Ct_1S0pp = -0.147964441139531
par.C_1S0 = 2.50227654864925
par.Ct_3S1 = -0.169100492816035
par.C_3S1 = 0.659626161507624
par.C_3S1-3D1 = 0.542127892088550
par.C_3P0 = 1.16874387412471
par.C_1P1 = 0.444941826061014
par.C_3P1 = -0.923373267422842
par.C_3P2 = -0.662621197542921
par.Ct_1S0nn = -0.148590140933334
par.c_D = -0.188759424839954
par.c_E = -0.460407151681190
par.c1 = -0.676423027716129E-01
par.c2 = 4.28576740308389
par.c3 = -3.58357772633454
par.c4 = 3.52675547348418
par.d1+d2 = 5.11517553550153
par.d3 = -4.71744019178641
par.d5 = -0.193629786980066
par.d14-d15 = -10.0885516651707
par.e14 = -0.246644080374803E-01
par.e15 = -10.3778717789394
par.e16 = 3.14649770666583
par.e17 = 1.29110778656155
par.e18 = 0.853719282138469
