par.Ct_1S0np = -0.146403812445193
par.Ct_1S0pp = -0.145493108976929
par.C_1S0 = 2.53254861635218
par.Ct_3S1 = -0.160001764485953
par.C_3S1 = 0.651345734996027
par.C_3S1-3D1 = 0.547929278904985
par.C_3P0 = 1.20180981250634
par.C_1P1 = 0.443964256395791
par.C_3P1 = -0.890428572888650
par.C_3P2 = -0.658720451983565
par.Ct_1S0nn = -0.146318072677001
par.c_D = -0.118615177775946
par.c_E = -0.682817261662055
par.c1 = 0.273891229434275
par.c2 = 5.30383604761953
par.c3 = -3.56815018468646
par.c4 = 3.62819188011545
par.d1+d2 = 5.16221127659909
par.d3 = -4.75950078089071
par.d5 = -0.191733481500404
par.d14-d15 = -10.1148974538568
par.e14 = -0.132717139059953
par.e15 = -9.32436512137629
par.e16 = -0.525309173566902
par.e17 = 1.41566831497309
par.e18 = 0.306264858527626
par.Ct_1S0np = -0.147409954254577
par.Ct_1S0pp = -0.146521737045244
par.C_1S0 = 2.50356234585937
par.Ct_3S1 = -0.160983509063087
par.C_3S1 = 0.625420746804888
par.C_3S1-3D1 = 0.527387437607590
par.C_3P0 = 1.21982860077053
par.C_1P1 = 0.427964885915754
par.C_3P1 = -0.863076847981260
par.C_3P2 = -0.654577223450121
par.Ct_1S0nn = -0.147346324885797
par.c_D = -0.156751607019293
par.c_E = -0.674331452463641
par.c1 = 0.933658498425937E-01
par.c2 = 4.73562862778417
par.c3 = -3.54893716524780
par.c4 = 3.45795365538048
par.d1+d2 = 5.06857500701479
par.d3 = -4.69915965609970
par.d5 = -0.177263164376718
par.d14-d15 = -10.0457721923789
par.e14 = -0.289468659793272E-01
par.e15 = -10.1351639698831
par.e16 = 1.63329835700072
par.e17 = 1.29489283708719
par.e18 = 1.17037567543436
par.Ct_1S0np = -0.147423037649566
par.Ct_1S0pp = -0.146534194378013
par.C_1S0 = 2.50376608547083
par.Ct_3S1 = -0.161017872679648
par.C_3S1 = 0.625745295524114
par.C_3S1-3D1 = 0.528554819548239
par.C_3P0 = 1.22035908777748
par.C_1P1 = 0.429439070469032
par.C_3P1 = -0.862701578856505
par.C_3P2 = -0.653968141137619
par.Ct_1S0nn = -0.147375191472748
par.c_D = 0.151379428715557
par.c_E = -0.648803112661286
par.c1 = 0.928777230186475E-01
par.c2 = 4.73172098458666
par.c3 = -3.54643311937629
par.c4 = 3.46732755538230
par.d1+d2 = 5.07291036443479
par.d3 = -4.70124997806921
par.d5 = -0.178402737309778
par.d14-d15 = -10.0476029240622
par.e14 = -0.331517766001061E-01
par.e15 = -10.1418422027864
par.e16 = 1.64855606696306
par.e17 = 1.30220561238506
par.e18 = 1.12221102921789
par.Ct_1S0np = -0.147420812320060
par.Ct_1S0pp = -0.146531962600789
par.C_1S0 = 2.50383223102106
par.Ct_3S1 = -0.161015209429261
par.C_3S1 = 0.625810691146173
par.C_3S1-3D1 = 0.528554598240846
par.C_3P0 = 1.22029879830594
par.C_1P1 = 0.429405219228351
par.C_3P1 = -0.862724887193475
par.C_3P2 = -0.654009052277773
par.Ct_1S0nn = -0.147367093027316
par.c_D = 0.431220747437576E-01
par.c_E = -0.657656725435796
par.c1 = 0.932124102865003E-01
par.c2 = 4.73296971151483
par.c3 = -3.54663247422155
par.c4 = 3.46735831790998
par.d1+d2 = 5.07298507928545
par.d3 = -4.70135162263803
par.d5 = -0.178379645236849
par.d14-d15 = -10.0476727323805
par.e14 = -0.329725293323657E-01
par.e15 = -10.1401415196269
par.e16 = 1.64377951695270
par.e17 = 1.30203049608601
par.e18 = 1.12222810147400
