4.152170243593332581e-06 4.148274742945612141e-06 9.671625806190345756e-05 4.109702176390741453e-06 9.720353206540384503e-05 3.191957867169561432e-06 -6.115439441607247915e-05 -6.005099363324683127e-05 -6.464419608499477154e-05 -6.267025361678372380e-05 4.144594184919005510e-06 6.808447808013802591e-05 1.915947660944022533e-05 6.139240310267843987e-04 2.158083723288019631e-03 -2.770999863731403901e-04 2.677410648550757066e-05 8.981393462824296525e-05 -1.447069235992867113e-04 4.372767289446342605e-05 -7.639027740415580412e-05 -8.009170570271107381e-05 3.425443512306544647e-03 -8.406140223320644408e-03 3.943970271250169662e-04 -3.768986209467564382e-04 1.447461453860944771e-06 6.455749067826614950e-11 -1.235269701548329433e-05 -1.567123972528143600e-06 -2.715380309661611703e-09 -7.988980763294029563e-05 1.446742830848929779e-09 -4.527645965985962863e-08 -8.541729172314331429e-08 -1.932386894466102766e-06 -2.892689277550033677e-09 1.237153805779547684e-07 -5.631618714733746651e-08 2.309512098256896543e-07 1.157400341537471939e-10 -3.027991344371823326e-05 1.238528133502839909e-07 2.173990711704309099e-07 -9.727712254754289440e-07 5.266753243779567646e-06 -8.513192413504198882e-07 -1.213702135228588501e-05 -1.176656443214462142e-06 1.581336204985914843e-06 3.417036419442542459e-07 1.470859701589188160e-05
4.148274742945612141e-06 4.145653131979201735e-06 9.676860500598620627e-05 4.111195291963470846e-06 9.719206485402968562e-05 3.237449185835104318e-06 -6.113274804785432878e-05 -5.998682784102076860e-05 -6.460573399285619541e-05 -6.264265642316175868e-05 4.141939958294252043e-06 6.788185500153307028e-05 1.908406577107374310e-05 6.137870065593143678e-04 2.157591475040722406e-03 -2.770268375382998224e-04 2.729958056495450673e-05 9.007030532974263264e-05 -1.448061878791202296e-04 4.364229433758023518e-05 -7.658358192537425657e-05 -8.031845685210720976e-05 3.425113170830642630e-03 -8.404426488568759665e-03 3.944672954836000609e-04 -3.793660163496523309e-04 1.439165722316344871e-06 5.997607340725756402e-11 -1.209782777776023991e-05 -9.325235530101293090e-07 -2.880893552668988264e-09 -8.186616198432351572e-05 1.337820125414957922e-09 -4.909555295150968465e-08 -8.529349995940558410e-08 -1.855369013014284565e-06 -2.810738306915814356e-09 1.203229990964510936e-07 -5.630593364453243303e-08 2.310011767428348930e-07 1.156066636979888769e-10 -3.039749120990859499e-05 1.146036717765643682e-07 2.122725539625085825e-07 -9.437286039919670166e-07 1.507327959414190263e-06 -8.607554611571637724e-07 -1.193934634621177810e-05 -1.140383216872039707e-06 1.580731137772751270e-06 3.419370180048034038e-07 1.470449728967567924e-05
9.671625806190345756e-05 9.676860500598620627e-05 2.450192807803109468e-03 9.680347552905530233e-05 2.454457418119958094e-03 2.221535692937269047e-04 -1.362544672184853823e-03 -1.290748570207530480e-03 -1.567832861639331188e-03 -1.474925211180954428e-03 9.671822944218723232e-05 1.192074074860145425e-03 2.729021509706841390e-04 1.447653466020944538e-02 5.110237717667877322e-02 -6.729793030231147853e-03 2.097632979335318018e-03 2.943500584295105724e-03 -3.848792768247938974e-03 8.324233023176785904e-04 -2.454986072486419358e-03 -2.531872864627215426e-03 8.321913544848474897e-02 -2.000557205982768649e-01 9.912464373790938477e-03 -1.605236412735528209e-02 5.330213951865624170e-06 1.140917839093821281e-09 -1.909153321690908146e-04 -3.647398691798684926e-05 -5.374229376946227528e-08 -6.192962967614805761e-03 2.837972438276346005e-08 -1.106537389605466257e-06 -2.438443209940241468e-06 2.514078045280621586e-05 6.272234891911949020e-08 -2.539956930361098690e-06 -6.022260742948575284e-07 2.573746719177230829e-06 1.158764589594019976e-09 -1.124480644862223266e-03 -2.226974206674699192e-05 -1.630397405957093971e-06 5.469400509628589649e-06 -7.751102383816039229e-05 7.064186235171537932e-06 -6.960399991270949365e-05 6.565500895737559483e-06 3.708133065483296776e-05 9.018792401341966486e-06 3.457170768270062880e-04
4.109702176390741453e-06 4.111195291963470846e-06 9.680347552905530233e-05 4.757161818521687744e-06 9.266774255490113849e-05 -4.352718309017565858e-06 -6.287354077613692969e-05 -6.797520385537681896e-05 -6.407589549337579433e-05 -6.371444511729146179e-05 4.104665017686016541e-06 7.310239300683422177e-05 2.369940563525524814e-05 6.080074155746178306e-04 2.146628024601734963e-03 -2.831897862619787987e-04 9.522696989965798284e-06 8.244269081119255931e-05 -1.418292748095310071e-04 4.609239147330685386e-05 -7.164166216469623066e-05 -7.032597029727274702e-05 3.424753059029659631e-03 -8.371313106614602581e-03 3.920394966653330520e-04 -2.963167215416570707e-04 9.724017268821603694e-07 -1.501405480363464107e-12 -6.834543939180632948e-06 -1.221219833593189224e-05 1.041536946981031767e-08 -2.202404043093523470e-04 7.816689815353230031e-09 -2.161188732377899353e-07 6.805531246268871710e-07 3.748366301037637762e-05 -1.207388691618597721e-09 5.498832816392581094e-08 -8.580110173199291366e-08 3.556945059365673613e-07 1.676574580219804495e-10 -1.820335715034469736e-05 6.861241186363670799e-07 1.271403127537077099e-07 -5.983152560706609939e-07 -6.730931495036356994e-06 -5.756707744650088270e-07 -1.567822896849505108e-05 -8.249445181159243516e-07 1.592243384493062341e-06 3.324705743342382774e-07 1.463506304995175922e-05
9.720353206540384503e-05 9.719206485402968562e-05 2.454457418119958094e-03 9.266774255490113849e-05 2.498314650033378864e-03 2.716301286024543418e-04 -1.344438906722797422e-03 -1.238231478995069530e-03 -1.577788945803216235e-03 -1.469434432484619012e-03 9.716487379398267899e-05 1.147933384420052935e-03 2.361596778925552679e-04 1.452083954032045224e-02 5.121234322163558533e-02 -6.706624520409813772e-03 2.272689071143639203e-03 3.029059861221757716e-03 -3.889288701234946272e-03 8.092146855379281226e-04 -2.516265734689519893e-03 -2.622850632134168282e-03 8.339056471859369879e-02 -2.004737420206606502e-01 9.961911993189100784e-03 -1.688894350009888246e-02 1.033263095488911547e-05 2.163267271638666046e-09 -2.449121069448513197e-04 7.594936119029261430e-05 -1.012142243108926842e-07 -5.500958595534217663e-03 -4.740595642749135472e-08 1.086841125652574843e-06 -6.449995429549858546e-06 -1.890124270645299925e-04 3.399997836773759346e-08 -1.349169042685798395e-06 -4.857738196006205524e-07 2.058819406409579365e-06 9.866531780748527230e-10 -1.201739707737184458e-03 -2.567941970283226476e-05 -6.101291887967184397e-07 1.333630952390463419e-06 4.090917937417120774e-05 3.605198572001386723e-06 -6.159553268070033956e-05 1.916717056902118717e-06 3.702829860820760360e-05 9.125699163469866293e-06 3.463145407186731970e-04
3.191957867169561432e-06 3.237449185835104318e-06 2.221535692937269047e-04 -4.352718309017565858e-06 2.716301286024543418e-04 3.241693733531926741e-04 1.490156652127615656e-04 3.048130739033614819e-04 -9.693644161920157037e-05 2.924002504689717137e-05 3.372829318239308799e-06 -7.381347145604713307e-04 -3.599580808789080749e-04 7.157671095263635304e-04 2.163403702557205495e-03 1.232489995688958173e-05 2.407548158170988266e-03 1.261564222319447098e-03 -6.646033686244180380e-04 -2.996287955652661970e-04 -9.376038707639797621e-04 -1.226950065532500522e-03 4.368062280661446153e-03 -8.784454325111124354e-03 9.470048835317006978e-04 -1.169106118541080215e-02 -5.217592447271613025e-06 3.069370856157449743e-09 -9.090065138647571055e-05 2.086225236035380663e-05 -2.904515820872293901e-07 -6.711412566876135376e-03 2.276496300723139537e-08 -1.009403467309469843e-06 -1.232798715947290111e-05 -4.638640185085603825e-04 3.050553367674765710e-07 -1.282972699800899724e-05 3.059238374483156005e-06 -1.242322073112854132e-05 -6.222461539547062647e-09 -8.224390592744465749e-04 -5.652524397298422214e-05 -2.728011305583292937e-06 1.136146361627022186e-05 -9.418396442149878662e-05 1.034476793017072962e-05 3.353370772496169728e-04 1.800654428982887884e-05 1.029377399338035296e-07 1.648585990905489424e-06 1.206828647766389437e-05
-6.115439441607247915e-05 -6.113274804785432878e-05 -1.362544672184853823e-03 -6.287354077613692969e-05 -1.344438906722797422e-03 1.490156652127615656e-04 1.109541333704389988e-03 1.119896047693863181e-03 9.187097742534844347e-04 9.993295714228024942e-04 -6.096669281461662877e-05 -1.604003511205063202e-03 -5.543334223122935948e-04 -8.922203590218710789e-03 -3.173028268858345963e-02 4.373698742418652245e-03 1.293271298530677960e-03 -5.165654356425705999e-04 1.787350000765403199e-03 -8.885047464896347847e-04 5.447029544518211704e-04 3.462126980271259397e-04 -5.011756461734843265e-02 1.235541209481960945e-01 -5.471414305157429672e-03 -2.428125752363027509e-03 -1.408820707813956955e-05 5.715577724080101048e-09 1.082914046043108677e-04 -2.320221507397662931e-05 1.753665234873850621e-07 -5.379909808464975948e-03 2.421786451148030442e-08 -8.294669651209264245e-07 -3.340326347674326725e-06 -8.449693113924974200e-05 3.072358050784971040e-07 -1.296271437287179134e-05 3.470181297391559253e-06 -1.412730271509647116e-05 -7.094514414225113394e-09 -5.441470020633716424e-05 -4.351654767268032007e-05 -2.872464955448621745e-06 1.281234922698394881e-05 -8.006689735918110515e-05 1.004178785959315202e-05 3.767406831219547564e-04 1.864751653999690499e-05 -2.444906364075104428e-05 -4.132365850110912213e-06 -2.179048848070530575e-04
-6.005099363324683127e-05 -5.998682784102076860e-05 -1.290748570207530480e-03 -6.797520385537681896e-05 -1.238231478995069530e-03 3.048130739033614819e-04 1.119896047693863181e-03 1.517624906349777534e-03 9.208101923208520485e-04 1.032497860413341762e-03 -5.977777836301844164e-05 -1.921567688716980041e-03 -7.009533024638580322e-04 -8.540799522030080582e-03 -3.074959839356324748e-02 4.539913295683904899e-03 2.247499569840713269e-03 -6.155404900919591270e-05 1.568608482942209642e-03 -1.008705909348583778e-03 2.290198879790060916e-04 -1.795471931276219207e-04 -4.897523763290186766e-02 1.199931131864823419e-01 -5.193746034549471743e-03 -6.987934377820517393e-03 -1.833014780947460627e-05 1.529181780391029323e-09 1.110100405444377033e-04 6.379816046298267859e-05 -4.158857729237874360e-07 2.228487957288451116e-04 -2.322606014099307265e-08 5.906361841846212878e-07 -1.167786105265078239e-05 -4.615620019859114861e-04 3.696101176812948441e-07 -1.559621666330382887e-05 4.484215806175155549e-06 -1.828848087406822107e-05 -9.087515136114140740e-09 -5.534748367679730337e-04 -6.981377778420436923e-05 -4.791853011485150543e-06 2.061426199288529545e-05 -3.036770947408102216e-06 2.027234060909899538e-05 5.720799464482690094e-04 3.155041015210835660e-05 -2.459711236041335747e-05 -3.523975386182189083e-06 -2.118042675185486073e-04
-6.464419608499477154e-05 -6.460573399285619541e-05 -1.567832861639331188e-03 -6.407589549337579433e-05 -1.577788945803216235e-03 -9.693644161920157037e-05 9.187097742534844347e-04 9.208101923208520485e-04 1.062542448629632229e-03 9.867258854317653791e-04 -6.456945590114487724e-05 -9.493047744881841872e-04 -2.395518170918741797e-04 -9.554763144397918073e-03 -3.373592119850906540e-02 4.450131104452291833e-03 -8.723219740333382644e-04 -1.675676276136263887e-03 2.412661270700997181e-03 -6.221753600390775296e-04 1.416796500924227343e-03 1.435689958742487719e-03 -5.449366319350526511e-02 1.318681262628161044e-01 -6.387883105575930393e-03 8.134568609948360923e-03 -1.462806545665376017e-05 -3.667161211061322143e-09 3.667499854155299721e-04 2.124142156895067582e-05 -2.353141005614779484e-09 3.688350263969678976e-03 -2.844128604648924272e-08 1.030392201472053467e-06 1.706952208484197898e-06 1.727482690422170531e-05 -6.347700541223211360e-09 2.227842608726598051e-07 5.441569990566590825e-07 -2.268419603925464197e-06 -1.092560766050020376e-09 5.404076129465619060e-04 4.362228382596346102e-06 -1.893353583243291391e-06 8.832424056135630664e-06 6.071448339510271412e-06 8.374042014355985013e-06 1.448932371349105272e-04 1.127688869294619640e-05 -2.471181679817708286e-05 -5.652962342215612980e-06 -2.289537035355278510e-04
-6.267025361678372380e-05 -6.264265642316175868e-05 -1.474925211180954428e-03 -6.371444511729146179e-05 -1.469434432484619012e-03 2.924002504689717137e-05 9.993295714228024942e-04 1.032497860413341762e-03 9.867258854317653791e-04 9.990495302863511892e-04 -6.253991100743767852e-05 -1.281588340867839768e-03 -4.020391476680905147e-04 -9.193648710489566930e-03 -3.264968977092162078e-02 4.460821161237759486e-03 1.900436344055882664e-04 -1.120542621421032666e-03 2.117556368611693291e-03 -7.520132660898356559e-04 1.006526236562782593e-03 8.856935554253896059e-04 -5.245674203291931376e-02 1.275299670461914059e-01 -5.961433820708347125e-03 2.971606050069498794e-03 -1.210528096235006192e-05 3.973247603911736461e-10 1.236830423442566562e-04 -3.568766302113580745e-06 -1.053486580953931444e-07 -1.065635406491820345e-03 4.141614289016390862e-09 -1.034571953279208552e-07 -1.580469225917341775e-06 -7.159108296277765199e-05 1.564777558691038644e-07 -6.629254431428872024e-06 2.124565841596064734e-06 -8.682616447734762692e-06 -4.322567157630948169e-09 2.275341197958844690e-04 -2.060496510263414976e-05 -1.876687784797099204e-06 8.651401618713433429e-06 -3.413666454291356989e-05 7.149402266878933971e-06 2.613197113995427727e-04 1.276974360880688073e-05 -2.460424556187707323e-05 -4.913585473116318784e-06 -2.226696816599505369e-04
4.144594184919005510e-06 4.141939958294252043e-06 9.671822944218723232e-05 4.104665017686016541e-06 9.716487379398267899e-05 3.372829318239308799e-06 -6.096669281461662877e-05 -5.977777836301844164e-05 -6.456945590114487724e-05 -6.253991100743767852e-05 4.250985266418122737e-06 6.710923752446276930e-05 2.044973407578878937e-05 6.132814034588249686e-04 2.155618187102143011e-03 -2.766129684869843763e-04 2.833567564217015025e-05 9.050137967768853318e-05 -1.448960492034378903e-04 4.344856846719237416e-05 -7.688677883112363933e-05 -8.076232590770968415e-05 3.422259034429297499e-03 -8.396828883673454133e-03 3.943312944701280126e-04 -3.840457566230568104e-04 1.444678110584210392e-06 6.308806795898542047e-11 -1.220405479933895443e-05 -9.584067959766209261e-07 -2.958988630434707640e-09 -8.569363855668122654e-05 1.406876671744848434e-09 -5.051296953197461260e-08 -9.022843485593468622e-08 -2.026783574793835614e-06 7.681490447515549810e-06 4.105235166328280509e-07 -3.708705744814614708e-06 -1.871726733262579102e-07 8.883746290646200806e-10 -3.649276419730036579e-05 -1.872029170279395692e-07 2.129214009345256006e-07 -9.461448979749027911e-07 1.474602694676568904e-06 -8.647164964432066790e-07 2.424809302995572743e-04 3.498441173575510182e-06 1.578575496868008935e-06 3.421951722743102335e-07 1.468993967166327611e-05
6.808447808013802591e-05 6.788185500153307028e-05 1.192074074860145425e-03 7.310239300683422177e-05 1.147933384420052935e-03 -7.381347145604713307e-04 -1.604003511205063202e-03 -1.921567688716980041e-03 -9.493047744881841872e-04 -1.281588340867839768e-03 6.710923752446276930e-05 4.011067084591968951e-03 1.461269509731810863e-03 9.315255509800033501e-03 3.399408323567975482e-02 -5.388148497248253579e-03 -6.536819525998332700e-03 -1.960689487875919620e-03 -8.128624081525470495e-04 1.696821654272620506e-03 1.254326350754812833e-03 2.125188121012377279e-03 5.200202284863410240e-02 -1.317640021705487607e-01 4.718635623367805829e-03 2.704334003488496202e-02 3.420647290126328500e-05 -8.141950743807434171e-09 -2.395053161595497848e-05 1.646177639263243927e-04 5.532482586068095212e-07 2.369332341729238345e-02 -1.430422079884398579e-07 5.059342500419167385e-06 1.476799513104718240e-05 2.948773948458614943e-04 -2.423476620733567530e-05 4.455031210481523029e-05 -1.044068316760603966e-06 4.402857637089341498e-05 -2.473971237795639333e-05 1.813976062385265486e-03 1.754213897704704969e-04 1.075344149698069305e-05 -4.584313176934726598e-05 3.723759078737137458e-04 -4.086087627746260429e-05 -1.896610893241329390e-03 -8.160977751733263289e-05 2.951867587858235709e-05 1.628057903980577007e-06 2.390423983826672066e-04
1.915947660944022533e-05 1.908406577107374310e-05 2.729021509706841390e-04 2.369940563525524814e-05 2.361596778925552679e-04 -3.599580808789080749e-04 -5.543334223122935948e-04 -7.009533024638580322e-04 -2.395518170918741797e-04 -4.020391476680905147e-04 2.044973407578878937e-05 1.461269509731810863e-03 6.615243341584164634e-04 2.534900169687163713e-03 9.434321420372825812e-03 -1.640968009723126845e-03 -3.017259505222187436e-03 -1.136466467238295402e-03 3.725832427469409364e-05 6.444645164908412811e-04 7.835742396475058220e-04 1.169071131786392388e-03 1.395550561731958607e-02 -3.638526615801775110e-02 1.030103886676213883e-03 1.322301114602397222e-02 9.985747735034127806e-06 -4.522341829179149803e-09 9.502489940330116104e-05 3.090129295302488353e-05 2.931406663294288185e-07 1.077017453298706982e-02 -1.293248558435745267e-08 2.233610970532799261e-06 9.383407980593925485e-06 2.662443612101127177e-04 -4.143491311204531926e-06 1.466047339083120095e-05 -1.599485098060760512e-04 1.397655539498560576e-06 -4.047040690587127209e-06 1.693687132696016211e-04 5.770820363431899204e-05 3.642423353008939124e-06 -1.523550795740255413e-05 2.213503640567847050e-04 -1.198319002111094438e-05 3.061781429428012211e-03 4.062018493943961094e-05 8.939772087263011789e-06 -2.085445236664082890e-07 6.769635547927131431e-05
6.139240310267843987e-04 6.137870065593143678e-04 1.447653466020944538e-02 6.080074155746178306e-04 1.452083954032045224e-02 7.157671095263635304e-04 -8.922203590218710789e-03 -8.540799522030080582e-03 -9.554763144397918073e-03 -9.193648710489566930e-03 6.132814034588249686e-04 9.315255509800033501e-03 2.534900169687163713e-03 9.136352864643987326e-02 3.205578142874290215e-01 -4.066678595397018453e-02 6.111049077269926043e-03 1.432605082297248519e-02 -2.189108060463766312e-02 6.181877380006895427e-03 -1.204017229848332315e-02 -1.297136746467968463e-02 5.086161439741806456e-01 -1.248426933155352359e+00 5.891998704476635040e-02 -6.600913779751647892e-02 1.871950996086562834e-04 5.291803775287055072e-09 -1.550366279483007337e-03 -2.056642466965523071e-04 -8.592687601573348274e-07 -1.723634065685708885e-02 2.359199154602537950e-07 -8.669897467917676357e-06 -1.771379899093342741e-05 -3.896688841276749584e-04 -1.611280335239203438e-07 7.133968014480928391e-06 -6.376698514084988514e-06 2.630750493162656414e-05 1.305044436992612542e-08 -5.405879081682539791e-03 -3.638483483533201787e-05 2.399351462406013809e-05 -1.109251726615095195e-04 1.348490097467843082e-05 -9.671978240703247990e-05 -1.380195777123733062e-03 -1.284904168436893789e-04 2.331919154323683070e-04 5.184305247186028997e-05 2.183014250858067440e-03
2.158083723288019631e-03 2.157591475040722406e-03 5.110237717667877322e-02 2.146628024601734963e-03 5.121234322163558533e-02 2.163403702557205495e-03 -3.173028268858345963e-02 -3.074959839356324748e-02 -3.373592119850906540e-02 -3.264968977092162078e-02 2.155618187102143011e-03 3.399408323567975482e-02 9.434321420372825812e-03 3.205578142874290215e-01 1.142713117847034221e+00 -1.449468111277517346e-01 1.905717995336204604e-02 4.689898338533897426e-02 -6.987949160117100378e-02 1.919536314173903718e-02 -4.377212252892487970e-02 1.835719952665094967e-02 1.678643829283627875e+00 -4.418702351136174933e+00 1.333905781338783347e-01 -1.745273651144729765e-01 5.947716026406938729e-04 1.560630750708103464e-08 -5.296800261227125814e-03 -6.057707502613594907e-04 -1.982339453453859658e-06 -5.195731359663503801e-02 6.798985781123317857e-07 -2.528523413244658744e-05 -4.487637587284690763e-05 -6.894254004173084888e-04 -1.124740211690439289e-06 4.866660369015325080e-05 -2.893240456930054266e-05 1.190821313711922815e-04 5.899460742370812508e-08 -1.773160162477053006e-02 -3.034178904621451537e-05 7.508777364897349215e-05 -3.491992646352329050e-04 1.240292830127211698e-04 -3.005446774024021577e-04 -5.263522504640081104e-03 -4.183610640279948351e-04 7.439350847950044988e-04 1.945402267776939179e-04 9.057181805794459889e-03
-2.770999863731403901e-04 -2.770268375382998224e-04 -6.729793030231147853e-03 -2.831897862619787987e-04 -6.706624520409813772e-03 1.232489995688958173e-05 4.373698742418652245e-03 4.539913295683904899e-03 4.450131104452291833e-03 4.460821161237759486e-03 -2.766129684869843763e-04 -5.388148497248253579e-03 -1.640968009723126845e-03 -4.066678595397018453e-02 -1.449468111277517346e-01 2.021859342107162893e-02 -4.395219649468286131e-04 -5.765162563521344929e-03 9.850303274675498849e-03 -3.166806021643643783e-03 5.125007354418194445e-03 4.435279417143302844e-03 -2.359085375100550275e-01 5.676463793863720797e-01 -2.714895342371513587e-02 1.957429920263194234e-02 -2.572153714853944373e-05 4.739851492349427595e-10 5.560042111854566257e-04 -1.732389520129270252e-05 -5.842325477031873362e-07 -4.681406096789762772e-04 3.371415264443284604e-08 -9.593519090092191206e-07 -8.347331112623810007e-06 -4.609481655975016185e-04 6.009445618174560468e-07 -2.553469795471343008e-05 9.024218960429206937e-06 -3.696323086950904866e-05 -1.826608450163715757e-08 1.236547628158667610e-03 -7.585907609309891031e-05 -2.283950938434753400e-06 1.244206780547580028e-05 -8.019355678847797674e-05 7.196700240250587159e-06 1.014641032245817498e-03 2.744198719524192811e-05 -1.093328664822434482e-04 -2.272281768697548585e-05 -9.855562293487616157e-04
2.677410648550757066e-05 2.729958056495450673e-05 2.097632979335318018e-03 9.522696989965798284e-06 2.272689071143639203e-03 2.407548158170988266e-03 1.293271298530677960e-03 2.247499569840713269e-03 -8.723219740333382644e-04 1.900436344055882664e-04 2.833567564217015025e-05 -6.536819525998332700e-03 -3.017259505222187436e-03 6.111049077269926043e-03 1.905717995336204604e-02 -4.395219649468286131e-04 2.143002150130931399e-02 1.138248898543098991e-02 -6.073513176421643789e-03 -2.657957534532451142e-03 -8.533379275994956714e-03 -1.079955047791302664e-02 4.110753253923336847e-02 -7.871342083933180467e-02 8.782231213793120078e-03 -1.043271557703570329e-01 -7.977005973846779759e-05 2.549699601177752858e-08 -4.257938319224018921e-04 -3.217163709293940194e-04 -1.402674936300117602e-06 -7.323416101219271113e-02 3.177179670811201858e-07 -1.155293234338675363e-05 -4.527808219367840679e-05 -8.399646954507729345e-04 2.738122146456922354e-06 -1.149981900905382664e-04 2.464403363229904657e-05 -9.975432245439428878e-05 -5.065060900252678447e-08 -6.753480243510800139e-03 -4.758479460519188784e-04 -3.109377034576553210e-05 1.300173463150396461e-04 -9.730976061592589875e-04 1.202260391595992258e-04 2.732263103996359233e-03 1.863561880401649982e-04 1.676849244591874536e-06 1.485069644449279803e-05 1.045151255419017556e-04
8.981393462824296525e-05 9.007030532974263264e-05 2.943500584295105724e-03 8.244269081119255931e-05 3.029059861221757716e-03 1.261564222319447098e-03 -5.165654356425705999e-04 -6.155404900919591270e-05 -1.675676276136263887e-03 -1.120542621421032666e-03 9.050137967768853318e-05 -1.960689487875919620e-03 -1.136466467238295402e-03 1.432605082297248519e-02 4.689898338533897426e-02 -5.765162563521344929e-03 1.138248898543098991e-02 1.273670896651887992e-02 -1.251106774925220613e-02 5.693215050418224017e-04 -4.961140331854067831e-03 -2.140904211216654307e-02 1.101829356676090610e-01 -1.924747438622808060e-01 2.273910524096565272e-03 -4.262778359021911212e-02 -3.519384666593529149e-05 1.326973369057501992e-08 -3.752895054788718174e-04 -1.640044539333221753e-04 -5.738338481499528694e-07 -3.835821826944847690e-02 1.572876677957990825e-07 -5.793187961607190193e-06 -2.146314317691632139e-05 -3.130240934960189410e-04 1.273726511989011241e-06 -5.341375927381719797e-05 1.046965663511873478e-05 -4.225935750056527358e-05 -2.159618907131263125e-08 -3.885067450298812421e-03 -2.291638810663720427e-04 -1.577005456720595103e-05 6.515997099291830335e-05 -4.896260749827718948e-04 6.143782708282716795e-05 1.158192864539253283e-03 9.066461897566899003e-05 8.499182586255693008e-05 -1.450341003146907794e-05 4.755662033410933327e-05
-1.447069235992867113e-04 -1.448061878791202296e-04 -3.848792768247938974e-03 -1.418292748095310071e-04 -3.889288701234946272e-03 -6.646033686244180380e-04 1.787350000765403199e-03 1.568608482942209642e-03 2.412661270700997181e-03 2.117556368611693291e-03 -1.448960492034378903e-04 -8.128624081525470495e-04 3.725832427469409364e-05 -2.189108060463766312e-02 -6.987949160117100378e-02 9.850303274675498849e-03 -6.073513176421643789e-03 -1.251106774925220613e-02 5.118822607851755691e-02 -2.775957983110876465e-02 1.009091771320035080e-02 4.327672022011728320e-02 -1.920287307304677782e-01 2.928025604031547213e-01 -6.185073155702121295e-02 5.792578886080905487e-02 -2.689852982355367782e-06 -6.748012278977730049e-09 4.099502100396219969e-04 9.233355749490643866e-05 2.346763911601394853e-07 1.983113153143703511e-02 -8.836811680230382217e-08 3.306852960342571555e-06 1.019992214734031109e-05 9.473411051457732547e-05 -4.892254479074881192e-07 2.042236445234857833e-05 -2.845269122484019301e-06 1.133726666584788290e-05 5.943414264882616586e-09 2.542373358062584039e-03 9.932544865122458553e-05 5.293888682544787519e-06 -2.036926646444252247e-05 2.205429158282332948e-04 -2.069032418365127779e-05 -2.581972042578430560e-04 -2.846600448370768430e-05 -7.793906303237771449e-04 2.237941877278090794e-05 1.150325656645094421e-03
4.372767289446342605e-05 4.364229433758023518e-05 8.324233023176785904e-04 4.609239147330685386e-05 8.092146855379281226e-04 -2.996287955652661970e-04 -8.885047464896347847e-04 -1.008705909348583778e-03 -6.221753600390775296e-04 -7.520132660898356559e-04 4.344856846719237416e-05 1.696821654272620506e-03 6.444645164908412811e-04 6.181877380006895427e-03 1.919536314173903718e-02 -3.166806021643643783e-03 -2.657957534532451142e-03 5.693215050418224017e-04 -2.775957983110876465e-02 1.926185658544241064e-02 -3.063988875758252503e-03 -1.324181641822115216e-02 5.684543201931860357e-02 -7.983941879799080765e-02 3.663041343038709458e-02 -1.194844563371679977e-02 2.318682422886410646e-05 -3.320084927009011081e-09 -5.349406241588024397e-05 3.438857400359078298e-05 1.743892364598034675e-07 9.379675727841986846e-03 -3.279901951031681432e-08 1.175698815615618744e-06 5.745833166871691278e-06 1.164937257640531417e-04 -4.226742515137750082e-07 1.778595349795353614e-05 -4.246497309341769536e-06 1.723663624490988537e-05 8.712249806837722184e-09 5.890297716396776387e-04 6.849325063303321752e-05 5.877536415552906380e-06 -2.531390408532676445e-05 1.418449438251096937e-04 -2.288160734352419362e-05 -5.102055820282269498e-04 -3.494710915171482995e-05 5.155029649433054200e-04 -1.306515747888299287e-05 -7.812546757366453480e-04
-7.639027740415580412e-05 -7.658358192537425657e-05 -2.454986072486419358e-03 -7.164166216469623066e-05 -2.516265734689519893e-03 -9.376038707639797621e-04 5.447029544518211704e-04 2.290198879790060916e-04 1.416796500924227343e-03 1.006526236562782593e-03 -7.688677883112363933e-05 1.254326350754812833e-03 7.835742396475058220e-04 -1.204017229848332315e-02 -4.377212252892487970e-02 5.125007354418194445e-03 -8.533379275994956714e-03 -4.961140331854067831e-03 1.009091771320035080e-02 -3.063988875758252503e-03 7.512832938082242284e-02 -1.200469693530215043e-03 -5.819028236621345829e-02 1.666610638349506623e-01 -1.650389379427469050e-01 2.065882990905878458e-01 3.110625433758512154e-05 -9.907846216200306544e-09 2.906920587776465423e-04 1.159375505337705741e-04 3.425771567632389898e-07 2.866721867637204990e-02 -1.078525508388074254e-07 4.004331003484390881e-06 1.484532410612421989e-05 1.741178287683214942e-04 -9.147049171786695836e-07 3.833538306639837649e-05 -7.256437502762076791e-06 2.925146340416604813e-05 1.500280038290006046e-08 2.908386158632694438e-03 1.656873959084597444e-04 1.271801374798776327e-05 -5.265846578867970401e-05 3.664645190092696370e-04 -4.985690763756421963e-05 -8.261838109658015388e-04 -7.118309410878151725e-05 -7.062151155346114463e-06 -1.974527070468266648e-04 -1.568494745819118841e-04
-8.009170570271107381e-05 -8.031845685210720976e-05 -2.531872864627215426e-03 -7.032597029727274702e-05 -2.622850632134168282e-03 -1.226950065532500522e-03 3.462126980271259397e-04 -1.795471931276219207e-04 1.435689958742487719e-03 8.856935554253896059e-04 -8.076232590770968415e-05 2.125188121012377279e-03 1.169071131786392388e-03 -1.297136746467968463e-02 1.835719952665094967e-02 4.435279417143302844e-03 -1.079955047791302664e-02 -2.140904211216654307e-02 4.327672022011728320e-02 -1.324181641822115216e-02 -1.200469693530215043e-03 8.061166021002843518e-01 -1.663747233438477080e+00 6.148327551743797414e-01 -6.214944951431840003e-01 4.271057436702420107e-01 7.594333228394973276e-06 -1.264484312965118375e-08 3.861250738357420117e-04 1.852295561003247768e-04 8.720746004102723296e-07 3.654810283284277289e-02 -1.909364232705245712e-07 6.921524092884099397e-06 2.494492009549431527e-05 5.160567814956540855e-04 -1.308127310088797413e-06 5.491756832842955443e-05 -1.142334347893569858e-05 4.621416012803015419e-05 2.344865608699955796e-08 3.853925294554774034e-03 2.345177169211251178e-04 1.037634274029492978e-05 -4.195323720707628385e-05 4.538804111130018614e-04 -3.920795099254144865e-05 -1.151673809114647871e-03 -6.676436133173737123e-05 -2.115447209626557658e-04 -3.144608563663697114e-04 5.079829874325186151e-03
3.425443512306544647e-03 3.425113170830642630e-03 8.321913544848474897e-02 3.424753059029659631e-03 8.339056471859369879e-02 4.368062280661446153e-03 -5.011756461734843265e-02 -4.897523763290186766e-02 -5.449366319350526511e-02 -5.245674203291931376e-02 3.422259034429297499e-03 5.200202284863410240e-02 1.395550561731958607e-02 5.086161439741806456e-01 1.678643829283627875e+00 -2.359085375100550275e-01 4.110753253923336847e-02 1.101829356676090610e-01 -1.920287307304677782e-01 5.684543201931860357e-02 -5.819028236621345829e-02 -1.663747233438477080e+00 6.076408582433361794e+00 -7.953555910288623743e+00 1.618518341101496727e+00 -1.211185157495048514e+00 6.390241012632692265e-04 3.737713090782423671e-08 -8.194032053578792843e-03 -8.336421026696267051e-04 -7.217591614377566853e-07 -1.184954945370088886e-01 8.321931015778733143e-07 -3.200594982547666891e-05 -5.049735463111542922e-05 5.605741116416195500e-04 -1.240976462234009808e-06 5.486701270622368885e-05 -4.611365033871336644e-05 1.905670885816172951e-04 9.305974951781961980e-08 -2.962955650821068668e-02 -1.382974366548681954e-04 5.684208133182257243e-05 -2.859746048339898415e-04 -4.264918202321581068e-04 -2.228546116095036611e-04 -7.247533356331660806e-03 -3.695494715829234769e-04 1.503464796280430628e-03 9.751397602768933914e-04 2.500006459809037563e-03
-8.406140223320644408e-03 -8.404426488568759665e-03 -2.000557205982768649e-01 -8.371313106614602581e-03 -2.004737420206606502e-01 -8.784454325111124354e-03 1.235541209481960945e-01 1.199931131864823419e-01 1.318681262628161044e-01 1.275299670461914059e-01 -8.396828883673454133e-03 -1.317640021705487607e-01 -3.638526615801775110e-02 -1.248426933155352359e+00 -4.418702351136174933e+00 5.676463793863720797e-01 -7.871342083933180467e-02 -1.924747438622808060e-01 2.928025604031547213e-01 -7.983941879799080765e-02 1.666610638349506623e-01 6.148327551743797414e-01 -7.953555910288623743e+00 1.773263536399566220e+01 -1.070814856208284871e+00 1.061061853161037405e+00 -2.165309866067709980e-03 -6.595757581498634997e-08 2.050494544035845468e-02 2.278486771419251534e-03 6.413774675361092729e-06 2.171392266640825852e-01 -2.506633253827126920e-06 9.377407241989527630e-05 1.619645555378634969e-04 1.798347345349671222e-03 4.241299974086356345e-06 -1.839410513510878983e-04 1.140503968597227178e-04 -4.697256690867426549e-04 -2.320799145896177850e-07 6.949818393774558067e-02 1.403446204851936988e-04 -2.622448073596179811e-04 1.229896966894330730e-03 -2.136595945395241072e-04 1.047062351693236679e-03 2.007744607303986809e-02 1.488783627899310054e-03 -2.834953698855644660e-03 -1.127601337885138265e-03 -3.277502057505325694e-02
3.943970271250169662e-04 3.944672954836000609e-04 9.912464373790938477e-03 3.920394966653330520e-04 9.961911993189100784e-03 9.470048835317006978e-04 -5.471414305157429672e-03 -5.193746034549471743e-03 -6.387883105575930393e-03 -5.961433820708347125e-03 3.943312944701280126e-04 4.718635623367805829e-03 1.030103886676213883e-03 5.891998704476635040e-02 1.333905781338783347e-01 -2.714895342371513587e-02 8.782231213793120078e-03 2.273910524096565272e-03 -6.185073155702121295e-02 3.663041343038709458e-02 -1.650389379427469050e-01 -6.214944951431840003e-01 1.618518341101496727e+00 -1.070814856208284871e+00 3.210648986065026023e+00 -2.790622537613117515e+00 4.709998711926557708e-05 9.124399649789057714e-09 -9.972238395553419035e-04 -1.451146372714431964e-04 -2.282593075946237808e-07 -2.746810146647806622e-02 1.396088229865402059e-07 -5.308437757193747275e-06 -1.271158360479498765e-05 -1.578718512543523470e-05 3.502553558741999402e-07 -1.437897932988180426e-05 -1.022951618407674235e-06 4.615969383696221211e-06 1.869104924625144086e-09 -4.589467643799480592e-03 -1.009748277908939225e-04 -1.307271167578395049e-06 2.685318472519398515e-07 -2.399963548973525784e-04 5.218609390544742843e-06 -3.122777653023992711e-04 1.456803309871144807e-06 4.990548412130081830e-04 -7.244941130515693056e-04 -3.894495518661620151e-03
-3.768986209467564382e-04 -3.793660163496523309e-04 -1.605236412735528209e-02 -2.963167215416570707e-04 -1.688894350009888246e-02 -1.169106118541080215e-02 -2.428125752363027509e-03 -6.987934377820517393e-03 8.134568609948360923e-03 2.971606050069498794e-03 -3.840457566230568104e-04 2.704334003488496202e-02 1.322301114602397222e-02 -6.600913779751647892e-02 -1.745273651144729765e-01 1.957429920263194234e-02 -1.043271557703570329e-01 -4.262778359021911212e-02 5.792578886080905487e-02 -1.194844563371679977e-02 2.065882990905878458e-01 4.271057436702420107e-01 -1.211185157495048514e+00 1.061061853161037405e+00 -2.790622537613117515e+00 2.993726295911190327e+00 3.407279582097695386e-04 -1.232694935784578102e-07 2.596278558295780307e-03 1.570639282369526175e-03 6.561333098477007206e-06 3.548713474458679018e-01 -1.547033341941021099e-06 5.641487179200810293e-05 2.160490611545827044e-04 3.848460882658948264e-03 -1.282131154409158027e-05 5.382613047039228483e-04 -1.126373885914456552e-04 4.556176717369436421e-04 2.316662529741945814e-07 3.402284561276562591e-02 2.253913751752797782e-03 1.446712403123783116e-04 -6.016994756840169430e-04 4.636955537944787570e-03 -5.596714512709109138e-04 -1.237595371733743975e-02 -8.618458286585927797e-04 -2.734003767132756773e-04 8.399114327080220172e-04 7.272861182896920088e-04
1.447461453860944771e-06 1.439165722316344871e-06 5.330213951865624170e-06 9.724017268821603694e-07 1.033263095488911547e-05 -5.217592447271613025e-06 -1.408820707813956955e-05 -1.833014780947460627e-05 -1.462806545665376017e-05 -1.210528096235006192e-05 1.444678110584210392e-06 3.420647290126328500e-05 9.985747735034127806e-06 1.871950996086562834e-04 5.947716026406938729e-04 -2.572153714853944373e-05 -7.977005973846779759e-05 -3.519384666593529149e-05 -2.689852982355367782e-06 2.318682422886410646e-05 3.110625433758512154e-05 7.594333228394973276e-06 6.390241012632692265e-04 -2.165309866067709980e-03 4.709998711926557708e-05 3.407279582097695386e-04 8.912572146256743377e-05 3.425617548640492112e-10 -3.449395763779774491e-05 5.135183759171254431e-07 -4.767766407473965669e-09 5.521678675548575979e-05 1.376969216067893201e-08 -1.319344922099832595e-07 -3.931078240097299722e-07 -2.355824642183886053e-05 1.380498335992759409e-07 -1.552313122965177424e-07 2.682929181376330859e-07 -5.695809999148149785e-07 -4.615703750612885052e-12 1.426318516425428612e-05 3.109512647769090957e-07 8.771131094616730728e-06 -4.925529527972025959e-06 2.327726681518248764e-05 -5.903552784208919340e-06 2.593158507404423195e-05 -5.846743983454673156e-06 3.932836713539403013e-07 2.435557530969760259e-08 4.316289752666198785e-06
6.455749067826614950e-11 5.997607340725756402e-11 1.140917839093821281e-09 -1.501405480363464107e-12 2.163267271638666046e-09 3.069370856157449743e-09 5.715577724080101048e-09 1.529181780391029323e-09 -3.667161211061322143e-09 3.973247603911736461e-10 6.308806795898542047e-11 -8.141950743807434171e-09 -4.522341829179149803e-09 5.291803775287055072e-09 1.560630750708103464e-08 4.739851492349427595e-10 2.549699601177752858e-08 1.326973369057501992e-08 -6.748012278977730049e-09 -3.320084927009011081e-09 -9.907846216200306544e-09 -1.264484312965118375e-08 3.737713090782423671e-08 -6.595757581498634997e-08 9.124399649789057714e-09 -1.232694935784578102e-07 3.425617548640492112e-10 4.427423897765774018e-13 -1.236074783501107090e-08 -9.667112988287873867e-10 1.775109335135233323e-11 -1.847305786531794180e-07 1.570044460934936712e-12 -5.497151790943902179e-11 -8.884392586652102300e-11 -2.357352736257110854e-09 5.911508328700288632e-12 -2.441624166652547979e-10 6.267246252534642788e-11 -2.546503021768465886e-10 -1.221837606951003261e-13 -2.442553232799695481e-09 -5.911926585278148230e-10 1.049463963440108302e-10 -5.422132741511618777e-10 2.895889521095274965e-10 -6.367917059336163986e-10 1.595291434596565054e-10 -6.355972101962554629e-10 -3.362921747243976546e-12 1.656952834044739339e-11 7.629090168873841676e-11
-1.235269701548329433e-05 -1.209782777776023991e-05 -1.909153321690908146e-04 -6.834543939180632948e-06 -2.449121069448513197e-04 -9.090065138647571055e-05 1.082914046043108677e-04 1.110100405444377033e-04 3.667499854155299721e-04 1.236830423442566562e-04 -1.220405479933895443e-05 -2.395053161595497848e-05 9.502489940330116104e-05 -1.550366279483007337e-03 -5.296800261227125814e-03 5.560042111854566257e-04 -4.257938319224018921e-04 -3.752895054788718174e-04 4.099502100396219969e-04 -5.349406241588024397e-05 2.906920587776465423e-04 3.861250738357420117e-04 -8.194032053578792843e-03 2.050494544035845468e-02 -9.972238395553419035e-04 2.596278558295780307e-03 -3.449395763779774491e-05 -1.236074783501107090e-08 1.766395524512310352e-03 3.085239983136159108e-05 9.677288776608016365e-07 8.884732207364747988e-03 -8.378443059650712660e-08 3.079749344130791398e-06 7.259124339107415608e-06 3.095270524503987127e-04 -9.325657510559445518e-09 7.235997114865762708e-06 -2.065486097508953118e-06 9.097707522353068869e-06 5.884023636551644703e-09 -2.971059100461480675e-05 1.081822209966497575e-05 -8.760619418928284959e-06 3.661152310574954571e-05 -7.968404120396812586e-05 4.038555737198379965e-05 1.134543792390585882e-04 4.374766422799081293e-05 -3.530379952037658049e-06 -1.007474664084691951e-06 -3.591111526379423902e-05
-1.567123972528143600e-06 -9.325235530101293090e-07 -3.647398691798684926e-05 -1.221219833593189224e-05 7.594936119029261430e-05 2.086225236035380663e-05 -2.320221507397662931e-05 6.379816046298267859e-05 2.124142156895067582e-05 -3.568766302113580745e-06 -9.584067959766209261e-07 1.646177639263243927e-04 3.090129295302488353e-05 -2.056642466965523071e-04 -6.057707502613594907e-04 -1.732389520129270252e-05 -3.217163709293940194e-04 -1.640044539333221753e-04 9.233355749490643866e-05 3.438857400359078298e-05 1.159375505337705741e-04 1.852295561003247768e-04 -8.336421026696267051e-04 2.278486771419251534e-03 -1.451146372714431964e-04 1.570639282369526175e-03 5.135183759171254431e-07 -9.667112988287873867e-10 3.085239983136159108e-05 1.181808100435558862e-03 -4.742183492950275449e-08 6.442967229806527071e-03 3.608113622253989490e-06 1.291914581860347167e-05 -4.833762967457564885e-06 -3.930117479917202340e-04 6.499190303861224606e-06 1.571536278769036248e-05 4.470526973536438804e-06 9.541982178366134878e-06 4.306479459656322952e-08 1.195145612953570167e-04 1.992213586520148817e-05 5.614923669809919362e-07 -2.267292859051726519e-06 -2.237590542345635654e-03 -2.757796421512290316e-05 -8.785785924648884318e-05 -4.342565610075655412e-06 -1.585577243061094626e-07 -2.479103771127394952e-07 -3.927624384749191995e-06
