theo_error.scale_from_amplitudes = yes
scaling_form = 1
eft_nu = 4.0
eft_C = 1.0237
eft_nu.piN = 5.0
eft_C.piN = 3.6305
residual_list.load = no
residual_list.load.prefix = N2LOsim-500-290.theo
eft_C = 1.02582745254039764
eft_C.piN = 3.63016419112682343
eft_C = 1.02552451193332672
eft_C.piN = 3.63014690577983856
eft_C = 1.02548949420452118
eft_C.piN = 3.63015092909336090
eft_C = 1.02547056972980499
eft_C.piN = 3.63015212118625641
