4.159268476082244918e-06 4.155153598196652320e-06 9.688196894275092719e-05 4.109456773999597981e-06 9.743260290838707237e-05 3.283587005453026650e-06 -6.131560252783592490e-05 -6.022020526656086552e-05 -6.487131841117373923e-05 -6.275570769868768842e-05 4.149533641864513371e-06 7.340197534768249938e-05 1.690255828361915836e-05 6.150689311505919349e-04 2.161823228932594886e-03 -2.774495027368045308e-04 2.722034966436946712e-05 9.026179525167804920e-05 -1.451412588116821804e-04 4.374793588052589455e-05 -7.668939336255534860e-05 -8.101837252482766544e-05 3.432636100433691072e-03 -8.421152952347479848e-03 3.953188644187322033e-04 -3.792612196876875156e-04 1.450678341107658345e-06 6.537810877882547375e-11 -1.593234465709359842e-05 -1.468968800166660872e-06 -2.733242708728777915e-09 -9.022081365735580647e-05 1.396641006950551108e-09 -4.392439470552868516e-08 -8.668320813515512760e-08 -2.054726185644345171e-06 -5.392118924672222916e-09 2.377307016480257066e-07 -8.257949404505030075e-08 3.403423363686217431e-07 1.659156761579970730e-10 -4.269153443112279133e-05 -2.429437229905889702e-09 2.176108930796615540e-07 -9.738751153232486812e-07 5.255426980613354921e-06 -8.556215268117721945e-07 -1.726052305410611813e-05 -1.266379249674429090e-06 1.584032493945695154e-06 3.444446758410183753e-07 1.470861506932303762e-05
4.155153598196652320e-06 4.152331406212410278e-06 9.692838999539145415e-05 4.111083830762120767e-06 9.741018784401835257e-05 3.321669017240342262e-06 -6.130878743260847379e-05 -6.015885292075829482e-05 -6.481810390839991189e-05 -6.272773165644014335e-05 4.146662046189421348e-06 7.322695727877917440e-05 1.684609166724797811e-05 6.149117530282147571e-04 2.161260149754352065e-03 -2.773674749263456895e-04 2.766711584607385097e-05 9.047433938097907747e-05 -1.452161252551530514e-04 4.367219773243929319e-05 -7.684925200845426122e-05 -8.120744121301688365e-05 3.432122844953093728e-03 -8.419131129693927310e-03 3.953510106001823562e-04 -3.813410848955445806e-04 1.440588417611401973e-06 6.001779295831870718e-11 -1.558486467296356544e-05 -8.501358865038737151e-07 -2.910190787408599748e-09 -9.162911225411458633e-05 1.295844555665430064e-09 -4.794000499871249941e-08 -8.664953652533577238e-08 -1.973054337299071305e-06 -5.320153916158078339e-09 2.346694974123769562e-07 -8.268794721072324062e-08 3.408784306097028270e-07 1.660235727972793577e-10 -4.273821643217665431e-05 -8.277178638668558806e-09 2.120986804747035509e-07 -9.433250493947869728e-07 1.525258279843173221e-06 -8.629636311510344801e-07 -1.704666290007402505e-05 -1.228007546596339558e-06 1.583410188678818619e-06 3.446225251409795540e-07 1.470414557297852390e-05
9.688196894275092719e-05 9.692838999539145415e-05 2.462803697499885060e-03 9.709787134483877969e-05 2.469565887170681057e-03 2.294249994640494366e-04 -1.372263501053431036e-03 -1.307721286634025296e-03 -1.571802146894023602e-03 -1.479531889905626911e-03 9.683594030949052632e-05 1.334609725437188891e-03 2.360872099215429625e-04 1.450383709714984752e-02 5.121837970851369354e-02 -6.763023437455509268e-03 2.153909930321624717e-03 2.985214572831212509e-03 -3.879220913491188572e-03 8.277585994740291721e-04 -2.489698890532773649e-03 -2.573483890368256227e-03 8.357430364611416473e-02 -2.005877369755634521e-01 9.963036238556375809e-03 -1.633781558468449038e-02 4.383112320823824480e-06 1.063622677520256908e-09 -2.906336656817222496e-04 -3.748137975149763853e-05 -5.229343165740296201e-08 -6.575719953500668881e-03 3.004297065074880806e-08 -1.174261731877627050e-06 -2.485292458395624643e-06 4.334502300329498743e-05 -3.958979844095694250e-09 2.760839308130031173e-07 -1.339978768220368264e-06 5.612951570569145746e-06 2.543012841272635700e-09 -1.272164907521085514e-03 -1.970976369359317046e-05 -1.849085889423971925e-06 6.425635205253403943e-06 -8.670926822821856627e-05 7.728873878034403223e-06 -1.802857159883438894e-04 5.464756539473747822e-06 3.718243006789999101e-05 9.131608752621929218e-06 3.457635993103197036e-04
4.109456773999597981e-06 4.111083830762120767e-06 9.709787134483877969e-05 5.022530945292199794e-06 9.195696661670488964e-05 -5.925944966264027944e-06 -6.293072358975542412e-05 -6.999754387197984246e-05 -6.402839761317593616e-05 -6.398847183906929224e-05 4.101166395802754275e-06 7.925174720095009716e-05 2.124378998372284646e-05 6.077741656297594181e-04 2.147620007413827622e-03 -2.848731601976972790e-04 8.574136515717610757e-06 8.252902467155599905e-05 -1.422286109184238618e-04 4.628601607046988262e-05 -7.185017907450827186e-05 -7.014882132666205665e-05 3.433691310040896602e-03 -8.378824739653047138e-03 3.931141903659867180e-04 -2.924481691874017755e-04 9.062599010874932376e-07 -4.693009758874813795e-12 -1.178926500861909220e-05 -1.343424679705420363e-05 1.431628612539280119e-08 -2.319756886622110657e-04 8.079028672050445533e-09 -2.217788773772125117e-07 8.562258474949296173e-07 5.242028981254878597e-05 -4.143871025064256628e-09 1.904374132978208234e-07 -1.260564868955944744e-07 5.239642503749326750e-07 2.524868502067637747e-10 -2.996752227650952222e-05 6.871915684069948559e-07 1.136582960829269470e-07 -5.405152961946737491e-07 -7.179090569061654256e-06 -5.257668331364006556e-07 -2.376339818963775258e-05 -9.054306590889543250e-07 1.596124073157429364e-06 3.345355272484602308e-07 1.461431089790461173e-05
9.743260290838707237e-05 9.741018784401835257e-05 2.469565887170681057e-03 9.195696661670488964e-05 2.520965829422836847e-03 2.881543063106116334e-04 -1.351550954403918066e-03 -1.246448286677144740e-03 -1.585056233468102758e-03 -1.472232260382113841e-03 9.735052282360319865e-05 1.275518166602881238e-03 1.976371868396202915e-04 1.456260588630459672e-02 5.136372500566748628e-02 -6.731860339086996430e-03 2.376197843281490675e-03 3.093387767672133287e-03 -3.930334953105391223e-03 7.983892027708649206e-04 -2.567018510931307149e-03 -2.690114641159120547e-03 8.379089479967280485e-02 -2.011354884560384026e-01 1.002524191830915339e-02 -1.739953576002161578e-02 9.661051118683190996e-06 2.190976402392739767e-09 -3.431501258329934588e-04 8.125630811621924784e-05 -1.156094948127582670e-07 -6.105257838214730483e-03 -4.959754870691323003e-08 1.130166218386528934e-06 -6.954289951064483908e-06 -2.214125177794576968e-04 -2.793869384560161475e-08 1.262027701635775681e-06 -1.150040827170861768e-06 4.786839649801793551e-06 2.191759527397993847e-09 -1.350515437880872235e-03 -2.398506435178487860e-05 -8.005095713656023876e-07 2.161736923055491023e-06 3.658511723785305486e-05 4.171469225144977588e-06 -1.567711503234677515e-04 9.391307633342670813e-07 3.711592507595305463e-05 9.268226081824246598e-06 3.465628328681997204e-04
3.283587005453026650e-06 3.321669017240342262e-06 2.294249994640494366e-04 -5.925944966264027944e-06 2.881543063106116334e-04 3.387255399752338043e-04 1.406934267165231762e-04 2.923631525203329172e-04 -1.059319356849870914e-04 3.050287262353101100e-05 3.482819241276018551e-06 -7.334352738644740136e-04 -3.129251844052276634e-04 7.324254460620646537e-04 2.219258972486276831e-03 7.268398723014402388e-06 2.487298999172260321e-03 1.305155076154412104e-03 -6.885715645503991773e-04 -3.093587662052679895e-04 -9.726057470926848924e-04 -1.270305575304232423e-03 4.530511922304193174e-03 -9.034638791963849752e-03 9.787605272636602100e-04 -1.207802514813994393e-02 -5.191174377882722752e-06 3.306306910961408884e-09 8.865359567943268001e-06 2.355698692267932861e-05 -3.131802345417714889e-07 -7.284898899078330603e-03 2.258715727244524188e-08 -1.037181531476587557e-06 -1.280176624888773324e-05 -5.296750136092396710e-04 3.016262950104995973e-07 -1.314705928270092504e-05 3.067165157973048332e-06 -1.249935909641249740e-05 -6.528176881143169655e-09 -5.585167968276493313e-04 -4.873888216564040241e-05 -2.744000947143546304e-06 1.143993143266036047e-05 -9.795194177577068841e-05 1.022868209405500256e-05 3.882097709241489909e-04 1.880674122077851380e-05 1.122139212259815672e-07 1.715873695241127551e-06 1.227905724391929323e-05
-6.131560252783592490e-05 -6.130878743260847379e-05 -1.372263501053431036e-03 -6.293072358975542412e-05 -1.351550954403918066e-03 1.406934267165231762e-04 1.115897281064773695e-03 1.090391540141692891e-03 9.129204514610248216e-04 1.001415805043803396e-03 -6.109904873687731902e-05 -1.655160152496864016e-03 -4.683302276813861519e-04 -8.964438515213498521e-03 -3.186447947339707959e-02 4.380650323547346722e-03 1.241537262503147063e-03 -5.472812655161114238e-04 1.807408675622750168e-03 -8.837173142514701246e-04 5.656611295769787759e-04 3.818435238201805734e-04 -5.034776668636324615e-02 1.240812154044418358e-01 -5.508081889910410728e-03 -2.170454379666340514e-03 -1.282715132122858932e-05 6.542424966313211599e-09 2.342650448980659991e-04 -2.167746811946315809e-05 2.196564762048700039e-07 -5.394672290181302260e-03 2.147664408285584971e-08 -7.538301006071447593e-07 -2.800395846717579077e-06 -6.168788939335908455e-05 3.311405979769055255e-07 -1.444765080838189416e-05 3.749056900954362358e-06 -1.532789536565343620e-05 -7.819361966597350013e-09 3.752079297292795811e-04 -3.322009175085474067e-05 -2.534131166848810647e-06 1.138916570778771052e-05 -7.408536410417491730e-05 8.476011199754624514e-06 4.636305687372230385e-04 1.841858576656575148e-05 -2.451085169547223953e-05 -4.202214221696879415e-06 -2.184268287463307287e-04
-6.022020526656086552e-05 -6.015885292075829482e-05 -1.307721286634025296e-03 -6.999754387197984246e-05 -1.246448286677144740e-03 2.923631525203329172e-04 1.090391540141692891e-03 1.534001111543494174e-03 9.236091450357604600e-04 1.031278571275944791e-03 -5.990494915404378048e-05 -1.920991136176904753e-03 -5.728160838035103270e-04 -8.582592059311746485e-03 -3.087903405258051598e-02 4.543164068297930389e-03 2.062277355324272990e-03 -1.613801227055549486e-04 1.621158458212057637e-03 -9.847375777297957128e-04 3.019381329699959843e-04 -8.420638560480923213e-05 -4.930492421746275611e-02 1.205501575230021188e-01 -5.268023418262688523e-03 -6.090751944181996627e-03 -1.777469567538137227e-05 1.219861809062035462e-09 3.696461921975975227e-04 7.777011562822805737e-05 -4.345652299944417312e-07 2.200020249510370278e-03 -3.222468324062048801e-08 8.891469111882891863e-07 -1.200371242413655708e-05 -5.437464999668302056e-04 3.684813161042396174e-07 -1.615852166461867475e-05 4.636260086849336274e-06 -1.900004831517457542e-05 -9.655255176202428744e-09 1.075847675013235413e-05 -5.397045602473617490e-05 -4.539350536068228754e-06 1.954188973819767704e-05 1.994875507765146564e-05 1.953906942257204802e-05 6.940745694586926938e-04 3.247891280394874295e-05 -2.459092076897047895e-05 -3.668134691207942599e-06 -2.121333756478724374e-04
-6.487131841117373923e-05 -6.481810390839991189e-05 -1.571802146894023602e-03 -6.402839761317593616e-05 -1.585056233468102758e-03 -1.059319356849870914e-04 9.129204514610248216e-04 9.236091450357604600e-04 1.076912543194723107e-03 9.859045600939088730e-04 -6.475955124647039417e-05 -1.020517940336525091e-03 -2.011229582229700770e-04 -9.589740382461235668e-03 -3.383479515061169757e-02 4.444851561020256824e-03 -9.337847806520289170e-04 -1.708371330047859247e-03 2.431308406609023007e-03 -6.153733871473260298e-04 1.439673533558661483e-03 1.480275848643276826e-03 -5.465148686613296308e-02 1.322478692129078204e-01 -6.413794204778612909e-03 8.428687384999175580e-03 -1.575391013471402312e-05 -4.299768219530630281e-09 4.769792161289711533e-04 2.176048068502732654e-05 9.389636561514005873e-09 4.346610167602438755e-03 -3.139447247381374795e-08 1.143754086904061618e-06 2.019927389677340128e-06 2.601669926549494386e-05 2.551603938237106488e-08 -1.175057639761871778e-06 8.832656452093169543e-07 -3.677524915289643558e-06 -1.707936924087862613e-09 7.093900725423342912e-04 6.077900054706759480e-06 -2.126010476778178853e-06 9.827073240892201638e-06 7.410899986509032294e-06 9.608023426108416211e-06 2.242780411905506005e-04 1.384364333429039060e-05 -2.473609310132458437e-05 -5.731793977892243731e-06 -2.291879710302414030e-04
-6.275570769868768842e-05 -6.272773165644014335e-05 -1.479531889905626911e-03 -6.398847183906929224e-05 -1.472232260382113841e-03 3.050287262353101100e-05 1.001415805043803396e-03 1.031278571275944791e-03 9.859045600939088730e-04 1.003604040986419074e-03 -6.258612658067763462e-05 -1.371306929399233225e-03 -3.498048380859199993e-04 -9.206440674748416625e-03 -3.271060401888616076e-02 4.482930052387926884e-03 2.066707290815349976e-04 -1.119688912569936695e-03 2.123142042006759354e-03 -7.560053392538268772e-04 1.006801941283553365e-03 8.846742796184952490e-04 -5.262013924554494182e-02 1.277999240024122463e-01 -5.978177663661470714e-03 2.902209985832036876e-03 -1.137003829168691542e-05 6.122689007594852442e-10 2.512216418327184149e-04 -2.173715149169635967e-06 -1.128643413559300374e-07 -1.068051889932236393e-03 2.296940054921132121e-09 -5.236858355152901959e-08 -1.519076317369120178e-06 -7.551184911326177455e-05 1.963731945379534801e-07 -8.600649827774893571e-06 2.575630612501623538e-06 -1.056643548703535245e-05 -5.307150398593876446e-09 5.102641905248967141e-04 -1.647788476442691268e-05 -1.729351539156099048e-06 8.018022061419592612e-06 -3.035097454165738682e-05 6.583414135997671476e-06 3.585921594961648902e-04 1.377470800102725511e-05 -2.468236251182784623e-05 -4.946595971413971358e-06 -2.227009806670228942e-04
4.149533641864513371e-06 4.146662046189421348e-06 9.683594030949052632e-05 4.101166395802754275e-06 9.735052282360319865e-05 3.482819241276018551e-06 -6.109904873687731902e-05 -5.990494915404378048e-05 -6.475955124647039417e-05 -6.258612658067763462e-05 4.260234754057604129e-06 7.231474912825264808e-05 1.831466235491173333e-05 6.141232055774655885e-04 2.158252594757159148e-03 -2.767883989004410873e-04 2.886439087453126232e-05 9.094478492547101707e-05 -1.452714256506158134e-04 4.343232595484509235e-05 -7.717585417341628925e-05 -8.170029317211284134e-05 3.427647901628283564e-03 -8.407506512845441815e-03 3.950579019544614044e-04 -3.866610893006695642e-04 1.447279588374446334e-06 6.379748492261009761e-11 -1.565454075906528924e-05 -8.730355481753113998e-07 -3.014997031958828040e-09 -9.615394367804315089e-05 1.370832693811246770e-09 -4.949268206984868247e-08 -9.277830200043894406e-08 -2.214634997688522319e-06 7.874337627578611120e-06 5.185482841682546413e-07 -3.833911569459226302e-06 -8.992436523611644827e-08 1.098444350144405391e-09 -4.803616425667360301e-05 -2.926915159943102705e-07 2.129507096742414441e-07 -9.465307416807753954e-07 1.491049548254695557e-06 -8.680659512466456644e-07 2.571422217100009702e-04 3.690555563010070089e-06 1.580372936134711080e-06 3.448105055737758907e-07 1.468239028640878143e-05
7.340197534768249938e-05 7.322695727877917440e-05 1.334609725437188891e-03 7.925174720095009716e-05 1.275518166602881238e-03 -7.334352738644740136e-04 -1.655160152496864016e-03 -1.920991136176904753e-03 -1.020517940336525091e-03 -1.371306929399233225e-03 7.231474912825264808e-05 4.128038497652827474e-03 1.264027931447831224e-03 1.012359698055355188e-02 3.687303355852455944e-02 -5.788987313217070982e-03 -6.462943694881122768e-03 -1.810491606698144424e-03 -1.025198792194121234e-03 1.749531021561715437e-03 1.130884645696709828e-03 2.009099406797287130e-03 5.674693266084858412e-02 -1.430654483834816748e-01 5.284680382804067891e-03 2.634006448200867934e-02 3.152983446768599320e-05 -9.001220587488070861e-09 -4.376610311742911721e-04 1.569437930335427697e-04 5.843458684905189051e-07 2.375059534323081811e-02 -1.383904631893249356e-07 4.952521302112241181e-06 1.456072384527847329e-05 2.889091812467245056e-04 -2.465770127250765882e-05 4.679903774151377539e-05 1.410611664355519267e-06 4.588168481175523904e-05 -2.489256324811000925e-05 6.062653017463938594e-04 1.425417580821921975e-04 1.000717061050964659e-05 -4.279225704284314596e-05 3.669488406898159093e-04 -3.731988592266005411e-05 -2.215728671327360164e-03 -8.309584415526107676e-05 3.165137709901965957e-05 2.123587078755662882e-06 2.581956371668814483e-04
1.690255828361915836e-05 1.684609166724797811e-05 2.360872099215429625e-04 2.124378998372284646e-05 1.976371868396202915e-04 -3.129251844052276634e-04 -4.683302276813861519e-04 -5.728160838035103270e-04 -2.011229582229700770e-04 -3.498048380859199993e-04 1.831466235491173333e-05 1.264027931447831224e-03 5.114899193568352978e-04 2.249011622962797212e-03 8.320862906830515243e-03 -1.409851570026632393e-03 -2.634276840504818588e-03 -9.983337444326007525e-04 3.735166285166540388e-05 5.633344637913882940e-04 6.947509215773253581e-04 1.013660072508686550e-03 1.216459368746194633e-02 -3.201653531121466389e-02 8.945628234906691061e-04 1.155007947648447816e-02 9.890650178390468131e-06 -4.041147639572508594e-09 -4.252450500743383511e-05 1.368467053084985194e-05 2.660502597661634989e-07 9.663508281974994910e-03 7.410837478931064236e-09 1.618512494048890371e-06 7.653102136423084234e-06 2.194506360163124732e-04 -3.725759129394123420e-06 1.178584585817798788e-05 -1.640957675056097193e-04 -1.993183071352437632e-06 -3.645461652787935767e-06 -3.183383365136383935e-04 3.585080530467693057e-05 3.325806958786024582e-06 -1.391250086745305089e-05 1.938664193892837757e-04 -1.087983458951673203e-05 3.374446865457562082e-03 4.680797763063573478e-05 7.809278991219916486e-06 -1.853411064114026112e-07 5.971011675937173204e-05
6.150689311505919349e-04 6.149117530282147571e-04 1.450383709714984752e-02 6.077741656297594181e-04 1.456260588630459672e-02 7.324254460620646537e-04 -8.964438515213498521e-03 -8.582592059311746485e-03 -9.589740382461235668e-03 -9.206440674748416625e-03 6.141232055774655885e-04 1.012359698055355188e-02 2.249011622962797212e-03 9.153990740392892178e-02 3.211400608316887784e-01 -4.072597956373313899e-02 6.197963000538771194e-03 1.440554006440837587e-02 -2.196421861375807277e-02 6.182974914402966475e-03 -1.209661632981054100e-02 -1.312233643692879356e-02 5.097703604272869615e-01 -1.250781364337470114e+00 5.907134728697185921e-02 -6.646444993433595072e-02 1.879169958584382693e-04 5.519733781228349778e-09 -1.865282281758076730e-03 -1.887740687512682203e-04 -8.625324466678002070e-07 -1.861956915346418134e-02 2.258470451593228228e-07 -8.393607664977372095e-06 -1.784045128881226057e-05 -4.036941525456861669e-04 -5.400220495265281297e-07 2.399037403282222730e-05 -1.030046761194821805e-05 4.262225745657926890e-05 2.036237707605725723e-08 -6.919576641714999914e-03 -4.502008142582833233e-05 2.408687403537454239e-05 -1.113197780289214360e-04 2.026285450053987605e-05 -9.750421660451976855e-05 -2.090211536484151179e-03 -1.412716188384363560e-04 2.336143745584827165e-04 5.227529349760492587e-05 2.183126232306185650e-03
2.161823228932594886e-03 2.161260149754352065e-03 5.121837970851369354e-02 2.147620007413827622e-03 5.136372500566748628e-02 2.219258972486276831e-03 -3.186447947339707959e-02 -3.087903405258051598e-02 -3.383479515061169757e-02 -3.271060401888616076e-02 2.158252594757159148e-03 3.687303355852455944e-02 8.320862906830515243e-03 3.211400608316887784e-01 1.144692121339940138e+00 -1.452520443320171606e-01 1.934458314586070052e-02 4.720198201674061234e-02 -7.017715736319694864e-02 1.920967965023160848e-02 -4.395942617277085601e-02 1.771003384044690654e-02 1.683372322454338876e+00 -4.426992305909694281e+00 1.345579372149885433e-01 -1.765315397709820711e-01 5.919668317125940634e-04 1.519757660568867215e-08 -6.975177688346592339e-03 -5.685867533702028583e-04 -1.955983939059450560e-06 -5.664033544480401305e-02 6.649115230738704401e-07 -2.492036891184988562e-05 -4.570901064005687513e-05 -6.844993088030983065e-04 -2.465085562757675049e-06 1.090557371332706745e-04 -4.307558052753655462e-05 1.778937920908951384e-04 8.604827842942209976e-08 -2.357418966166113100e-02 -7.240358795940825634e-05 7.431216580510769699e-05 -3.458281387414833185e-04 1.083703009468456714e-04 -2.990880806864962553e-04 -7.876233238602325243e-03 -4.604874641338139400e-04 7.456841719835806273e-04 1.957029193747511790e-04 9.051827332425365150e-03
-2.774495027368045308e-04 -2.773674749263456895e-04 -6.763023437455509268e-03 -2.848731601976972790e-04 -6.731860339086996430e-03 7.268398723014402388e-06 4.380650323547346722e-03 4.543164068297930389e-03 4.444851561020256824e-03 4.482930052387926884e-03 -2.767883989004410873e-04 -5.788987313217070982e-03 -1.409851570026632393e-03 -4.072597956373313899e-02 -1.452520443320171606e-01 2.034209933719098237e-02 -4.621511321279960990e-04 -5.819294181818887232e-03 9.908442021070879360e-03 -3.172332989626623634e-03 5.174256641229358147e-03 4.473539278228317456e-03 -2.368743839780187155e-01 5.690701224718063278e-01 -2.726667815364294811e-02 1.973868143782237655e-02 -2.109896904793038690e-05 1.503703817063221531e-09 1.233334469968599403e-03 -4.159218278610141069e-06 -6.179194220098141320e-07 -1.389450832356767251e-05 1.910662180895090372e-08 -5.154045058512711886e-07 -7.919266716788949038e-06 -5.046656190715823618e-04 7.795914752853914579e-07 -3.420179021712104741e-05 1.112024088727911985e-05 -4.568450391094667985e-05 -2.282785416909874338e-08 2.414451879380965366e-03 -6.079348328972106706e-05 -1.300778022729676959e-06 8.202075375831939595e-06 -4.645143449901008770e-05 3.633204762043221886e-06 1.445111286840197219e-03 3.062789580028593575e-05 -1.096990779251115619e-04 -2.294933688069110834e-05 -9.857236818442297131e-04
2.722034966436946712e-05 2.766711584607385097e-05 2.153909930321624717e-03 8.574136515717610757e-06 2.376197843281490675e-03 2.487298999172260321e-03 1.241537262503147063e-03 2.062277355324272990e-03 -9.337847806520289170e-04 2.066707290815349976e-04 2.886439087453126232e-05 -6.462943694881122768e-03 -2.634276840504818588e-03 6.197963000538771194e-03 1.934458314586070052e-02 -4.621511321279960990e-04 2.215817010927141270e-02 1.177406229044365878e-02 -6.279477133235084746e-03 -2.751675659863000480e-03 -8.847513549095943619e-03 -1.118572556021611014e-02 4.225891364813158524e-02 -8.014224294048812036e-02 9.030223811170193932e-03 -1.078329181216717558e-01 -7.865555183590895727e-05 2.796814628530689138e-08 3.047094217467519552e-04 -3.084267874734858785e-04 -1.492053220131938726e-06 -7.708107002711650502e-02 3.034837460859226497e-07 -1.133593692891182703e-05 -4.445648233086719781e-05 -7.200912029740479028e-04 2.669870784557033804e-06 -1.160254753926899638e-04 2.398982961588321037e-05 -9.742051922661707723e-05 -5.135584013808834234e-08 -4.318317131921193923e-03 -3.979118613289076988e-04 -3.109649884591082243e-05 1.301664174864340683e-04 -9.990799872860954816e-04 1.185010588998027556e-04 3.026972318053973952e-03 1.896057230129474433e-04 1.603149624834764064e-06 1.543426629864362657e-05 1.049298840097124619e-04
9.026179525167804920e-05 9.047433938097907747e-05 2.985214572831212509e-03 8.252902467155599905e-05 3.093387767672133287e-03 1.305155076154412104e-03 -5.472812655161114238e-04 -1.613801227055549486e-04 -1.708371330047859247e-03 -1.119688912569936695e-03 9.094478492547101707e-05 -1.810491606698144424e-03 -9.983337444326007525e-04 1.440554006440837587e-02 4.720198201674061234e-02 -5.819294181818887232e-03 1.177406229044365878e-02 1.294450141266503471e-02 -1.262416814950695874e-02 5.229617796108317930e-04 -5.150579569222443234e-03 -2.163183842026283193e-02 1.111856656785874947e-01 -1.939101688535910528e-01 2.492448382516308097e-03 -4.458894610816224735e-02 -3.587306177068524677e-05 1.428562684160354504e-08 -1.789182413875999283e-04 -1.607490149129740830e-04 -6.116028257589078259e-07 -4.051305332360829320e-02 1.539241174885908618e-07 -5.804666222486912824e-06 -2.115377852312461457e-05 -2.378196555619984114e-04 1.188978280931958539e-06 -5.158110414337229739e-05 9.550058412156056255e-06 -3.863718025156734397e-05 -2.071262811972930696e-08 -2.929752328085978835e-03 -1.923599901478756022e-04 -1.604396679315420930e-05 6.641186419715112152e-05 -5.127430567837639635e-04 6.151830512927058091e-05 1.194829914494398510e-03 9.150709775998588718e-05 8.502728600506489782e-05 -1.394678432013506184e-05 4.890432873771964075e-05
-1.451412588116821804e-04 -1.452161252551530514e-04 -3.879220913491188572e-03 -1.422286109184238618e-04 -3.930334953105391223e-03 -6.885715645503991773e-04 1.807408675622750168e-03 1.621158458212057637e-03 2.431308406609023007e-03 2.123142042006759354e-03 -1.452714256506158134e-04 -1.025198792194121234e-03 3.735166285166540388e-05 -2.196421861375807277e-02 -7.017715736319694864e-02 9.908442021070879360e-03 -6.279477133235084746e-03 -1.262416814950695874e-02 5.114075336182991732e-02 -2.765621814160561243e-02 1.018881947044497638e-02 4.339898662568053567e-02 -1.928526816582626369e-01 2.941685648369205541e-01 -6.179176464333027002e-02 5.878129610813451200e-02 -1.536731181728535122e-06 -7.068422022550310513e-09 4.686707291036967663e-04 9.200248081917733781e-05 2.471678722921985924e-07 2.108772035072956075e-02 -8.879953909455666657e-08 3.377905157179438270e-06 1.015233970356240775e-05 5.132777827386331582e-05 -3.848070451196350828e-07 1.657702019128895251e-05 -1.695637430961097742e-06 6.652975525705545967e-06 4.079356055171769604e-09 2.425438138081319195e-03 8.515683034961223877e-05 5.610949899652799601e-06 -2.176991137761392166e-05 2.378155638794295307e-04 -2.136351578936048038e-05 -1.383796799574619693e-04 -2.728713246336362673e-05 -7.771780117097736723e-04 2.172039927577672290e-05 1.144243944953383420e-03
4.374793588052589455e-05 4.367219773243929319e-05 8.277585994740291721e-04 4.628601607046988262e-05 7.983892027708649206e-04 -3.093587662052679895e-04 -8.837173142514701246e-04 -9.847375777297957128e-04 -6.153733871473260298e-04 -7.560053392538268772e-04 4.343232595484509235e-05 1.749531021561715437e-03 5.633344637913882940e-04 6.182974914402966475e-03 1.920967965023160848e-02 -3.172332989626623634e-03 -2.751675659863000480e-03 5.229617796108317930e-04 -2.765621814160561243e-02 1.921526044173882397e-02 -3.017146954056451960e-03 -1.320984159341561520e-02 5.683106513097453683e-02 -7.989667821896714872e-02 3.648913396150169075e-02 -1.137880511379825432e-02 2.285776976153293177e-05 -3.697323453479683386e-09 -2.045300929016159470e-04 3.286023726068201497e-05 1.880786638795310021e-07 9.812678505243390553e-03 -3.068132190450726443e-08 1.139784434395057169e-06 5.596962121884429528e-06 1.005404314531387153e-04 -4.422877965842367112e-07 1.926489406032414091e-05 -4.468321014016256525e-06 1.821418801898339041e-05 9.425391767493015414e-09 1.053592537582682693e-04 5.625997305727706537e-05 5.835876086681396680e-06 -2.515374809115111693e-05 1.442847732244254087e-04 -2.251033431352569801e-05 -6.111839942554007270e-04 -3.625547084570874678e-05 5.137915223831528893e-04 -1.294327383965987921e-05 -7.781523211428520567e-04
-7.668939336255534860e-05 -7.684925200845426122e-05 -2.489698890532773649e-03 -7.185017907450827186e-05 -2.567018510931307149e-03 -9.726057470926848924e-04 5.656611295769787759e-04 3.019381329699959843e-04 1.439673533558661483e-03 1.006801941283553365e-03 -7.717585417341628925e-05 1.130884645696709828e-03 6.947509215773253581e-04 -1.209661632981054100e-02 -4.395942617277085601e-02 5.174256641229358147e-03 -8.847513549095943619e-03 -5.150579569222443234e-03 1.018881947044497638e-02 -3.017146954056451960e-03 7.495905503899435995e-02 -9.138299400817326279e-04 -5.921563025804327945e-02 1.676680301934134754e-01 -1.652012286810465302e-01 2.078482596898778012e-01 3.223558492532676710e-05 -1.058258901069845382e-08 2.030044120229869463e-04 1.157344720040181325e-04 3.686471458974029017e-07 3.036812482476674083e-02 -1.074648332142983889e-07 4.079836751951552052e-06 1.468121392910948595e-05 1.116824247666218926e-04 -8.462260230437374999e-07 3.669075034314941942e-05 -6.485876214005071535e-06 2.619937815883506099e-05 1.413472708198254831e-08 2.252960479963684280e-03 1.391335857022668490e-04 1.306380378484182320e-05 -5.420138097771178541e-05 3.888513415079351116e-04 -5.043341928980724336e-05 -8.355994498531400024e-04 -7.210090375670624924e-05 -7.113643338552458860e-06 -1.970720436710386410e-04 -1.550467925655135367e-04
-8.101837252482766544e-05 -8.120744121301688365e-05 -2.573483890368256227e-03 -7.014882132666205665e-05 -2.690114641159120547e-03 -1.270305575304232423e-03 3.818435238201805734e-04 -8.420638560480923213e-05 1.480275848643276826e-03 8.846742796184952490e-04 -8.170029317211284134e-05 2.009099406797287130e-03 1.013660072508686550e-03 -1.312233643692879356e-02 1.771003384044690654e-02 4.473539278228317456e-03 -1.118572556021611014e-02 -2.163183842026283193e-02 4.339898662568053567e-02 -1.320984159341561520e-02 -9.138299400817326279e-04 8.049323445955267609e-01 -1.661963135670105229e+00 6.162229495822553194e-01 -6.185760426524722355e-01 4.264848273726719041e-01 6.245475583982181087e-06 -1.400877379033129983e-08 1.311513135818936655e-05 1.750736290352143611e-04 9.217854870321007338e-07 3.862509970285059324e-02 -1.813695613813348527e-07 6.739487094303254312e-06 2.462427965463705344e-05 4.715767169518408040e-04 -1.240088158123867369e-06 5.384491458185777877e-05 -1.076775579898981349e-05 4.366211927187971578e-05 2.320873309660608343e-08 2.851589023807951130e-03 1.989733997085989768e-04 1.024769798881158383e-05 -4.144966878453902213e-05 4.614476034180127429e-04 -3.786846384929004323e-05 -1.226526850040286342e-03 -6.663766620948065431e-05 -2.132459411087700516e-04 -3.161030878247451221e-04 5.064679523061618206e-03
3.432636100433691072e-03 3.432122844953093728e-03 8.357430364611416473e-02 3.433691310040896602e-03 8.379089479967280485e-02 4.530511922304193174e-03 -5.034776668636324615e-02 -4.930492421746275611e-02 -5.465148686613296308e-02 -5.262013924554494182e-02 3.427647901628283564e-03 5.674693266084858412e-02 1.216459368746194633e-02 5.097703604272869615e-01 1.683372322454338876e+00 -2.368743839780187155e-01 4.225891364813158524e-02 1.111856656785874947e-01 -1.928526816582626369e-01 5.683106513097453683e-02 -5.921563025804327945e-02 -1.661963135670105229e+00 6.081560836149811244e+00 -7.971165610987516636e+00 1.613720870614448799e+00 -1.212130251861063490e+00 6.170324205753256481e-04 3.481525266081936992e-08 -1.220297403397967856e-02 -8.434173629175196639e-04 -6.368197275074349623e-07 -1.290908847270637316e-01 8.699384187542328101e-07 -3.345560022356586796e-05 -5.265330963551233110e-05 8.667317774852682571e-04 -3.438050890285338828e-06 1.527820252312119377e-04 -7.019052252707858942e-05 2.903569751637309843e-04 1.397189259256635993e-07 -3.848850184371262195e-02 -1.761200077425700817e-04 5.167806792557624450e-05 -2.635795354861366659e-04 -6.186714161573163978e-04 -2.071283471966565157e-04 -1.150495379541674468e-02 -4.228384861264211062e-04 1.510864152844301669e-03 9.805612466014948861e-04 2.529065058821309414e-03
-8.421152952347479848e-03 -8.419131129693927310e-03 -2.005877369755634521e-01 -8.378824739653047138e-03 -2.011354884560384026e-01 -9.034638791963849752e-03 1.240812154044418358e-01 1.205501575230021188e-01 1.322478692129078204e-01 1.277999240024122463e-01 -8.407506512845441815e-03 -1.430654483834816748e-01 -3.201653531121466389e-02 -1.250781364337470114e+00 -4.426992305909694281e+00 5.690701224718063278e-01 -8.014224294048812036e-02 -1.939101688535910528e-01 2.941685648369205541e-01 -7.989667821896714872e-02 1.676680301934134754e-01 6.162229495822553194e-01 -7.971165610987516636e+00 1.776641709892912502e+01 -1.073259969847546014e+00 1.068519242160077320e+00 -2.145303943053348400e-03 -6.325206461795010412e-08 2.776707845415636589e-02 2.169244560202638044e-03 6.283367489109852516e-06 2.367734361695274514e-01 -2.480177751640715056e-06 9.339191979638565035e-05 1.656492852892627531e-04 1.632086123993692958e-03 9.496073772078652682e-06 -4.203503088334678583e-04 1.699559458017527343e-04 -7.020485018076767217e-04 -3.394273068505589709e-07 9.216673808189186634e-02 2.931693463688691040e-04 -2.572114965209180504e-04 1.208048949463900491e-03 -6.879288930968581635e-05 1.034434359279443527e-03 3.032783553833897847e-02 1.646126343290471063e-03 -2.844377531984298990e-03 -1.132918058443434890e-03 -3.275987363285725457e-02
3.953188644187322033e-04 3.953510106001823562e-04 9.963036238556375809e-03 3.931141903659867180e-04 1.002524191830915339e-02 9.787605272636602100e-04 -5.508081889910410728e-03 -5.268023418262688523e-03 -6.413794204778612909e-03 -5.978177663661470714e-03 3.950579019544614044e-04 5.284680382804067891e-03 8.945628234906691061e-04 5.907134728697185921e-02 1.345579372149885433e-01 -2.726667815364294811e-02 9.030223811170193932e-03 2.492448382516308097e-03 -6.179176464333027002e-02 3.648913396150169075e-02 -1.652012286810465302e-01 -6.185760426524722355e-01 1.613720870614448799e+00 -1.073259969847546014e+00 3.197363525891143254e+00 -2.780805643614401301e+00 4.485579410913018194e-05 9.146735472977143459e-09 -1.378101357293113564e-03 -1.466331333268426390e-04 -2.371423467686086065e-07 -2.933769455199696299e-02 1.441485442406480850e-07 -5.524188292584188321e-06 -1.287406981298888162e-05 4.723187065002018743e-05 8.362317282868094184e-08 -3.238718933888843314e-06 -3.944605488184642065e-06 1.664645746235856498e-05 7.217131909070040443e-09 -5.158888838336323467e-03 -9.045986647654622966e-05 -1.888026176112983658e-06 2.816935413361130493e-06 -2.706770137451700248e-04 6.588876119173302107e-06 -7.539285829185546350e-04 -4.285779162228176399e-06 4.987221194016552839e-04 -7.177233534756600640e-04 -3.841306221129623354e-03
-3.792612196876875156e-04 -3.813410848955445806e-04 -1.633781558468449038e-02 -2.924481691874017755e-04 -1.739953576002161578e-02 -1.207802514813994393e-02 -2.170454379666340514e-03 -6.090751944181996627e-03 8.428687384999175580e-03 2.902209985832036876e-03 -3.866610893006695642e-04 2.634006448200867934e-02 1.155007947648447816e-02 -6.646444993433595072e-02 -1.765315397709820711e-01 1.973868143782237655e-02 -1.078329181216717558e-01 -4.458894610816224735e-02 5.878129610813451200e-02 -1.137880511379825432e-02 2.078482596898778012e-01 4.264848273726719041e-01 -1.212130251861063490e+00 1.068519242160077320e+00 -2.780805643614401301e+00 3.001197866951776483e+00 3.372412325142940112e-04 -1.346062627035142839e-07 -4.993615747333583765e-04 1.511374471063299703e-03 6.977710125917983294e-06 3.737676475756604444e-01 -1.485302222405759069e-06 5.558140233821495845e-05 2.123807239904011279e-04 3.253083587206162097e-03 -1.233460553772181829e-05 5.357707087343062434e-04 -1.077284870028755767e-04 4.370636466346085563e-04 2.314173027418847096e-07 2.318358256078652951e-02 1.888325870086072144e-03 1.450924606833027975e-04 -6.041810481457973205e-04 4.778038791168897834e-03 -5.527303758081523674e-04 -1.344518872849472142e-02 -8.731926341458652249e-04 -2.720531458401770851e-04 8.319593329010017491e-04 6.869752979761613657e-04
1.450678341107658345e-06 1.440588417611401973e-06 4.383112320823824480e-06 9.062599010874932376e-07 9.661051118683190996e-06 -5.191174377882722752e-06 -1.282715132122858932e-05 -1.777469567538137227e-05 -1.575391013471402312e-05 -1.137003829168691542e-05 1.447279588374446334e-06 3.152983446768599320e-05 9.890650178390468131e-06 1.879169958584382693e-04 5.919668317125940634e-04 -2.109896904793038690e-05 -7.865555183590895727e-05 -3.587306177068524677e-05 -1.536731181728535122e-06 2.285776976153293177e-05 3.223558492532676710e-05 6.245475583982181087e-06 6.170324205753256481e-04 -2.145303943053348400e-03 4.485579410913018194e-05 3.372412325142940112e-04 9.233383726350835987e-05 3.883281057785685292e-10 -2.912879157581483737e-05 6.546127348111495359e-07 -5.600417386173200826e-09 1.632103114081894955e-05 3.016126409793142745e-08 -1.051203347279166874e-07 -3.745926042808757456e-07 -2.612224103556439695e-05 3.231763250823537536e-07 -1.713996122326276810e-07 4.572136653504746615e-07 -6.056899506743141909e-07 8.031767713567081355e-10 5.698570499909004191e-06 -1.147410007391292165e-07 9.079213948510689316e-06 -5.063932816308639695e-06 2.798250971411094654e-05 -6.021410647344671089e-06 2.828355086486859945e-05 -5.982010794146651523e-06 3.839533172502908332e-07 2.277329093164367184e-08 4.300715104518067282e-06
6.537810877882547375e-11 6.001779295831870718e-11 1.063622677520256908e-09 -4.693009758874813795e-12 2.190976402392739767e-09 3.306306910961408884e-09 6.542424966313211599e-09 1.219861809062035462e-09 -4.299768219530630281e-09 6.122689007594852442e-10 6.379748492261009761e-11 -9.001220587488070861e-09 -4.041147639572508594e-09 5.519733781228349778e-09 1.519757660568867215e-08 1.503703817063221531e-09 2.796814628530689138e-08 1.428562684160354504e-08 -7.068422022550310513e-09 -3.697323453479683386e-09 -1.058258901069845382e-08 -1.400877379033129983e-08 3.481525266081936992e-08 -6.325206461795010412e-08 9.146735472977143459e-09 -1.346062627035142839e-07 3.883281057785685292e-10 4.753812986844014295e-13 -1.317058091809907380e-08 -9.679000915179553424e-10 1.762074485282990592e-11 -2.124769925993717646e-07 1.520143851224330930e-12 -5.604867021388053439e-11 -8.588333537811621112e-11 -2.132440643317297508e-09 6.145976909453556676e-12 -2.631116946444629733e-10 6.537459969694213822e-11 -2.663565324282421433e-10 -1.309937617077114058e-13 -5.661552386562144165e-11 -5.508882782575022018e-10 1.148455335997819892e-10 -5.887292098379651296e-10 3.481903060082067406e-10 -6.906461176269141264e-10 3.442792839614825927e-10 -6.866159546520191016e-10 -6.208104426481826922e-12 1.775017976366808249e-11 7.195868881943240678e-11
-1.593234465709359842e-05 -1.558486467296356544e-05 -2.906336656817222496e-04 -1.178926500861909220e-05 -3.431501258329934588e-04 8.865359567943268001e-06 2.342650448980659991e-04 3.696461921975975227e-04 4.769792161289711533e-04 2.512216418327184149e-04 -1.565454075906528924e-05 -4.376610311742911721e-04 -4.252450500743383511e-05 -1.865282281758076730e-03 -6.975177688346592339e-03 1.233334469968599403e-03 3.047094217467519552e-04 -1.789182413875999283e-04 4.686707291036967663e-04 -2.045300929016159470e-04 2.030044120229869463e-04 1.311513135818936655e-05 -1.220297403397967856e-02 2.776707845415636589e-02 -1.378101357293113564e-03 -4.993615747333583765e-04 -2.912879157581483737e-05 -1.317058091809907380e-08 1.900703324674003075e-03 -1.025411529710209342e-05 6.926573331119971018e-07 7.352368911018224151e-03 -3.604221895128327035e-08 1.694201794300133168e-06 2.899348486186481337e-06 1.679578690916023326e-04 2.435124921635216974e-07 5.344396714246692169e-07 -2.823162705281671543e-07 2.210572326032960853e-06 3.114074597264994719e-09 -2.038791940196681607e-04 -1.164302981193805594e-05 -8.657229877843484464e-06 3.559937076499671666e-05 -1.447529151808031286e-04 4.020128845131939972e-05 3.212873847318896458e-04 4.755189625513197877e-05 -5.812686161786144344e-06 -1.000788413745065656e-06 -4.712898074250197413e-05
-1.468968800166660872e-06 -8.501358865038737151e-07 -3.748137975149763853e-05 -1.343424679705420363e-05 8.125630811621924784e-05 2.355698692267932861e-05 -2.167746811946315809e-05 7.777011562822805737e-05 2.176048068502732654e-05 -2.173715149169635967e-06 -8.730355481753113998e-07 1.569437930335427697e-04 1.368467053084985194e-05 -1.887740687512682203e-04 -5.685867533702028583e-04 -4.159218278610141069e-06 -3.084267874734858785e-04 -1.607490149129740830e-04 9.200248081917733781e-05 3.286023726068201497e-05 1.157344720040181325e-04 1.750736290352143611e-04 -8.434173629175196639e-04 2.169244560202638044e-03 -1.466331333268426390e-04 1.511374471063299703e-03 6.546127348111495359e-07 -9.679000915179553424e-10 -1.025411529710209342e-05 1.240738490765463768e-03 -5.629453625322208760e-08 6.301964180797408471e-03 7.430309473583574984e-06 1.471241215026968362e-05 -4.544329428830955704e-06 -4.477746060859665294e-04 1.366912652384753173e-05 1.632123717373860401e-05 1.156966009799038474e-05 9.763240026394792847e-06 7.802620318387032077e-08 5.174511509559279231e-05 1.690349738091432490e-05 6.420465167545372900e-07 -2.828383778482162619e-06 -2.196405535332565401e-03 -2.776963916064492392e-05 -8.793197266306973861e-05 -4.895606096288846138e-06 -1.659940943548674650e-07 -2.423640268165121802e-07 -3.633068049164597590e-06
