par.Ct_1S0np = -0.153819771288772
par.Ct_1S0pp = -0.152927583300051
par.C_1S0 = 2.74381131140795
par.Ct_3S1 = 0.532550077346250
par.C_3S1 = -1.84493235128389
par.C_3S1-3D1 = 1.13096822481986
par.C_3P0 = 1.27627356772799
par.C_1P1 = 0.525126178572613
par.C_3P1 = -0.938255609460134
par.C_3P2 = -0.685914060814718
par.Ct_1S0np = -0.153819840129659
par.Ct_1S0pp = -0.152928488648680
par.C_1S0 = 2.74400734097764
par.Ct_3S1 = 0.532537212096873
par.C_3S1 = -1.84435755186742
par.C_3S1-3D1 = 1.13147757908295
par.C_3P0 = 1.27665669631748
par.C_1P1 = 0.524624965319699
par.C_3P1 = -0.938089173798888
par.C_3P2 = -0.686005458757655
