theo_error.scale_from_amplitudes = yes
scaling_form = 1
eft_nu = 4.0
eft_C = 1.0237
eft_C = 1.1064
eft_nu.piN = 5.0
eft_C.piN = 3.6305
eft_C.piN = 3.6789
residual_list.load = no
residual_list.load.prefix = N2LOsim-500-257.theo
eft_C = 1.84213556349277496
eft_C.piN = 3.67706112563610077
eft_C = 1.84213556349277496
eft_C.piN = 3.67706112563610077
eft_C = 1.11057244241237640
eft_C.piN = 3.63038323819637299
eft_C = 1.11033089458942413
eft_C.piN = 3.63027475774288177
eft_C = 1.11028604209423065
eft_C.piN = 3.63026730716228485
