par.Ct_1S0np = -0.146422077106651
par.Ct_1S0pp = -0.145450455817858
par.C_1S0 = 2.51211670191203
par.Ct_3S1 = -0.157057582389212
par.C_3S1 = 0.618542697984463
par.C_3S1-3D1 = 0.533028782068824
par.C_3P0 = 1.26060830117753
par.C_1P1 = 0.433479974734329
par.C_3P1 = -0.832549565285547
par.C_3P2 = -0.648824006326999
par.Ct_1S0nn = -0.146408280845076
par.c_D = -0.194646438777864
par.c_E = -0.901235324083123
par.c1 = 0.210441346211094
par.c2 = 5.06400108412955
par.c3 = -3.52432948796130
par.c4 = 3.52308826792978
par.d1+d2 = 5.09569683387837
par.d3 = -4.71664845968303
par.d5 = -0.180909564611922
par.d14-d15 = -10.0586225853511
par.e14 = -0.836250378713167E-01
par.e15 = -9.84905680715658
par.e16 = 0.477827856830669
par.e17 = 1.34804475889999
par.e18 = 0.836384178031268
par.Ct_1S0np = -0.149599048280457
par.Ct_1S0pp = -0.148800285876057
par.C_1S0 = 2.41744007645896
par.Ct_3S1 = -0.157705509982636
par.C_3S1 = 0.534856091334991
par.C_3S1-3D1 = 0.392547421864189
par.C_3P0 = 1.41715149796003
par.C_1P1 = 0.306653214127740
par.C_3P1 = -0.707988951206433
par.C_3P2 = -0.679892342249028
par.Ct_1S0nn = -0.149755070285561
par.c_D = -0.372657077758388
par.c_E = -0.917146584413034
par.c1 = -0.454703849188212
par.c2 = 3.21615911986599
par.c3 = -3.68221945524677
par.c4 = 2.46822700291888
par.d1+d2 = 4.58580191867258
par.d3 = -4.44811714781061
par.d5 = -0.626343728524270E-01
par.d14-d15 = -9.71204823847391
par.e14 = 0.541613615275491
par.e15 = -12.0092246417677
par.e16 = 7.22449247404833
par.e17 = 0.910842484074761
par.e18 = 5.96385538009027
par.Ct_1S0np = -0.149211274247410
par.Ct_1S0pp = -0.148405243184025
par.C_1S0 = 2.41790092191725
par.Ct_3S1 = -0.156004170538616
par.C_3S1 = 0.530318077470353
par.C_3S1-3D1 = 0.392042937979914
par.C_3P0 = 1.39817957708980
par.C_1P1 = 0.306667130934117
par.C_3P1 = -0.732523304099211
par.C_3P2 = -0.673653184913182
par.Ct_1S0nn = -0.149379555976454
par.c_D = -0.179580667095702
par.c_E = -0.926953707066301
par.c1 = -0.384753606419029
par.c2 = 3.38772870556713
par.c3 = -3.64317502584635
par.c4 = 2.53161614972338
par.d1+d2 = 4.60750334276214
par.d3 = -4.45617622007223
par.d5 = -0.692990036761761E-01
par.d14-d15 = -9.71809197516255
par.e14 = 0.494649110122744
par.e15 = -11.9486762784053
par.e16 = 6.66474256600134
par.e17 = 0.929446860485644
par.e18 = 5.66579598231676
par.Ct_1S0np = -0.149161961433461
par.Ct_1S0pp = -0.148350012025146
par.C_1S0 = 2.42609131881278
par.Ct_3S1 = -0.152123225075031
par.C_3S1 = 0.522446568637879
par.C_3S1-3D1 = 0.374329574246834
par.C_3P0 = 1.39807227927491
par.C_1P1 = 0.281145581982279
par.C_3P1 = -0.733534963204020
par.C_3P2 = -0.676254713718357
par.Ct_1S0nn = -0.149345918296753
par.c_D = -0.173926840093369
par.c_E = -0.945435954618764
par.c1 = -0.371708316086067
par.c2 = 3.44837278062926
par.c3 = -3.66283849531114
par.c4 = 2.56491727495728
par.d1+d2 = 4.63050009691795
par.d3 = -4.47188917806447
par.d5 = -0.725315294469570E-01
par.d14-d15 = -9.73793597198620
par.e14 = 0.480031663596162
par.e15 = -11.7699150821229
par.e16 = 6.38818398328758
par.e17 = 0.956250293531031
par.e18 = 5.49426228779696
par.Ct_1S0np = -0.149154016834283
par.Ct_1S0pp = -0.148341628267143
par.C_1S0 = 2.42599096631370
par.Ct_3S1 = -0.152173385669016
par.C_3S1 = 0.522456276574205
par.C_3S1-3D1 = 0.374880313780023
par.C_3P0 = 1.39747950209226
par.C_1P1 = 0.281706544139449
par.C_3P1 = -0.734252174922509
par.C_3P2 = -0.676008919546528
par.Ct_1S0nn = -0.149373659886413
par.c_D = 0.472488620373193
par.c_E = -0.989841092031393
par.c1 = -0.370138875204641
par.c2 = 3.45152085760357
par.c3 = -3.66134342752874
par.c4 = 2.56662594562950
par.d1+d2 = 4.63105917569612
par.d3 = -4.47214381792667
par.d5 = -0.726858048986043E-01
par.d14-d15 = -9.73832787935694
par.e14 = 0.479137398123607
par.e15 = -11.7726253910217
par.e16 = 6.37996335877794
par.e17 = 0.953296256766351
par.e18 = 5.48871007578455
