3.920172236462444250e-06 3.917709211097730076e-06 8.994406679160615913e-05 3.898741639021100013e-06 8.999740074515296274e-05 2.105696417561259742e-06 -5.815578908746324622e-05 -5.709299211072259018e-05 -5.989282718844560389e-05 -5.868296377075747367e-05 3.904610279254588009e-06 7.841592461122954042e-05 5.624357743181727972e-06 5.818442361447809024e-04 2.041509184156684205e-03 -2.565900128259928801e-04 1.695025524604960290e-05 7.781533690123917848e-05 -1.323703908054474734e-04 4.284607290653756715e-05 -6.881878597461376615e-05 -6.089779618314219837e-05 3.182962123772008385e-03 -7.930019411989170167e-03 3.891639495186327612e-04 -3.394153907105399055e-04 1.455196415391062909e-06 1.781355280929206249e-11 -1.019318010288681142e-05 -2.357211379328679219e-06 -1.906425135278713484e-09 -5.638949876399294804e-05 1.814426146248992268e-09 -5.608062636206341036e-08 -6.582253502686321370e-08 -1.521146917498777018e-06 -1.367561982968032307e-08 5.765715978778263041e-07 -1.602262003362618420e-07 6.473218140989525774e-07 3.558154278040325792e-10 -7.040550483423916477e-05 2.200265721334619503e-07 2.133314336442651466e-07 -9.656598276011197881e-07 4.585352073599027911e-06 -8.221295959141349275e-07 -3.118587644633223106e-05 -1.475067134640498434e-06 1.508784210778587987e-06 2.923227161490151897e-07 1.414853072382287631e-05
3.917709211097730076e-06 3.916569373653218766e-06 9.001445030645809249e-05 3.901638547881296501e-06 9.001208595326836565e-05 2.139100391155376150e-06 -5.814652977720776155e-05 -5.706484426757720989e-05 -5.989128538738874234e-05 -5.868041113663202332e-05 3.903416910192751992e-06 7.830124715337772787e-05 5.566741576772227699e-06 5.818292475243118812e-04 2.041520428742546901e-03 -2.566410543896564594e-04 1.737522532476237715e-05 7.805276956970572165e-05 -1.324926097068890665e-04 4.278664880359452874e-05 -6.900394372050337169e-05 -6.107563458189753489e-05 3.183580817614334833e-03 -7.930351134574699021e-03 3.893282720449115376e-04 -3.414845468462607368e-04 1.452069409419260694e-06 1.577950303927640318e-11 -9.985834132567467927e-06 -1.666658473187654527e-06 -1.986054312771518429e-09 -5.801880897592767483e-05 1.682108443269607327e-09 -5.938374076220730333e-08 -6.544449142667218215e-08 -1.416627158412135488e-06 -1.362915661936424133e-08 5.746342499263222314e-07 -1.604494885938421266e-07 6.483103997948968298e-07 3.561892893901603991e-10 -7.038992444060545217e-05 2.181458413013301766e-07 2.095560944072874257e-07 -9.420273292728253660e-07 7.433172116516760303e-07 -8.380485679431653170e-07 -3.103583251154593740e-05 -1.446054348290014980e-06 1.508675247599895359e-06 2.925797697687249093e-07 1.414804374813287044e-05
8.994406679160615913e-05 9.001445030645809249e-05 2.170812279853964483e-03 9.080470557805467551e-05 2.160708828244940413e-03 1.103499771050691204e-04 -1.319150252105793326e-03 -1.273001013749454433e-03 -1.402441364674112886e-03 -1.363325771269651310e-03 8.970154616248908225e-05 1.675036580909330594e-03 6.158215575956410852e-05 1.346975654613148665e-02 4.739695646393352058e-02 -6.063499290906876685e-03 1.023336459069561786e-03 2.166982548376188665e-03 -3.263017857258438716e-03 9.071318250855366083e-04 -1.882809438399255962e-03 -1.669002475837096881e-03 7.493055756577224336e-02 -1.846086494802221811e-01 9.292410949316003491e-03 -1.095675367306620136e-02 1.458070465288905716e-05 -5.415394127878712012e-11 -1.619289642606826793e-04 -4.732683956066024452e-05 -3.031700197667217338e-09 -2.570428681642015871e-03 3.483691575230538047e-08 -1.280693870975980450e-06 -1.484962371246734929e-06 2.607492643023753552e-05 -2.920495405824063518e-07 1.235748506740889498e-05 -3.893398305311053323e-06 1.579007048802849282e-05 8.560665445110885884e-09 -1.753053866880329966e-03 -1.634178325392701837e-07 5.592967162047056660e-07 -4.148884278133332441e-06 -5.558178313676741201e-05 -1.532699847167430178e-06 -6.212222125575609039e-04 -1.259372738549727942e-05 3.490744983711936640e-05 7.177685886836266051e-06 3.275758991079968561e-04
3.898741639021100013e-06 3.901638547881296501e-06 9.080470557805467551e-05 4.716105344611991840e-06 8.584343708038368417e-05 -3.454931674900268193e-06 -5.860285120827651829e-05 -6.194649145028224987e-05 -5.974606509103346132e-05 -5.933662446106585350e-05 3.885460233303580377e-06 8.152201491667692595e-05 7.775357611308993165e-06 5.798222844037559907e-04 2.039970278614474265e-03 -2.608277865231314429e-04 1.390283295349442044e-05 7.738575788743925403e-05 -1.328242442377035217e-04 4.336058327704284690e-05 -6.907732503390724916e-05 -5.842233913739625691e-05 3.196970254961374429e-03 -7.932696520930523909e-03 3.901844846801004333e-04 -3.261849702295714680e-04 1.086615210727611480e-06 -1.074625497322807151e-11 -9.370519769020208020e-06 -1.296419723377303014e-05 8.385411489896479295e-09 -1.646310224942266315e-04 9.082048687617621235e-09 -2.609454974761480185e-07 5.710711980356050786e-07 4.060418284191687238e-05 -1.021220152248461078e-08 4.276560069062663550e-07 -1.706454837837660535e-07 6.946572338344429367e-07 3.685176146182930705e-10 -6.369858591736747924e-05 4.838196348422969707e-07 1.389865058241015189e-07 -6.587369840931766411e-07 -7.883299280980435883e-06 -6.283494399683705906e-07 -3.554259791043442652e-05 -1.215194621200667080e-06 1.516135970642943550e-06 2.920716442120102047e-07 1.413199041152058181e-05
8.999740074515296274e-05 9.001208595326836565e-05 2.160708828244940413e-03 8.584343708038368417e-05 2.188075282499367911e-03 1.399099118556295968e-04 -1.312606334786228703e-03 -1.242229008478933127e-03 -1.400730420406122662e-03 -1.357306783792803844e-03 8.971833589849727351e-05 1.662073375202345344e-03 4.744498595292129110e-05 1.345727145646872722e-02 4.732335999237383822e-02 -6.030469416032804668e-03 1.045569100858739211e-03 2.169614642605755764e-03 -3.256922638622952466e-03 9.017125668536854531e-04 -1.881253990587792614e-03 -1.682771087132715546e-03 7.473372751804170655e-02 -1.842790578366990117e-01 9.273438299103719390e-03 -1.104576920687895883e-02 1.823056278958851850e-05 2.601675894626465780e-10 -1.800013790478741159e-04 5.531074866006849321e-05 -4.362091853144535649e-08 -1.750631149627592973e-03 -4.075793991995655858e-08 9.312236206751892314e-07 -4.560779586979009026e-06 -1.919969996567272926e-04 -3.367277961717748114e-07 1.427140450245636768e-05 -3.985163476778455090e-06 1.611953103236489366e-05 8.830752698238039498e-09 -1.781972654365608730e-03 -4.519079870145436929e-07 1.320378888405348422e-06 -7.215786610126542422e-06 5.242280885450003480e-05 -3.790327184869064575e-06 -6.139949352534346781e-04 -1.594035103868195844e-05 3.480446674250257185e-05 7.170968375058349331e-06 3.270902386597782877e-04
2.105696417561259742e-06 2.139100391155376150e-06 1.103499771050691204e-04 -3.454931674900268193e-06 1.399099118556295968e-04 1.186634378970162674e-04 1.343051318505246211e-05 8.180337602652762636e-05 -5.168905021746808190e-05 -1.458465003127184590e-05 2.181705098145903832e-06 -1.882143292573214646e-04 -9.594903094674351208e-05 4.085320820526762561e-04 1.372620043319062923e-03 -1.220820705923327074e-04 7.403402197084432007e-04 4.214880540935658088e-04 -2.571662426245343658e-04 -7.696790850333881282e-05 -3.171031677126306784e-04 -3.783932084418278516e-04 2.584983713744297071e-03 -5.522491598028997882e-03 4.698591095762663433e-04 -3.724230254897940243e-03 -5.338577396149158023e-06 6.719573443200910221e-10 4.849042223055962991e-05 3.374921904366297363e-05 -1.269374690110109793e-07 -1.024118908854830881e-03 -1.090292055727825012e-08 2.416644063078763093e-07 -5.934648850121457607e-06 -3.047135726662082039e-04 5.493217027968049834e-08 -2.292616862546522436e-06 5.548661853135635731e-07 -2.232296380614415461e-06 -1.187534789707028726e-09 -2.141756872379319693e-04 -1.251742822430933696e-05 -1.732514708107518894e-06 7.181613926520999694e-06 -2.736937979643024195e-05 7.261426525084464459e-06 1.342746247297065335e-04 1.015808339742880112e-05 5.964633418260951712e-07 5.839795416548037380e-07 8.824415691054714108e-06
-5.815578908746324622e-05 -5.814652977720776155e-05 -1.319150252105793326e-03 -5.860285120827651829e-05 -1.312606334786228703e-03 1.343051318505246211e-05 9.235326600078824603e-04 8.970315277316290780e-04 8.777950472127795918e-04 8.867319287771891411e-04 -5.791705849485169103e-05 -1.292589713561199298e-03 -1.279961196003848655e-04 -8.607605912167652987e-03 -3.026891885658179737e-02 3.859176791149448657e-03 1.154132821611600248e-04 -9.761426775335554570e-04 1.886751440347109567e-03 -6.892246878610168437e-04 8.941205769293004329e-04 7.260066922783869198e-04 -4.709632640181873886e-02 1.175461974670644338e-01 -5.680477671626838962e-03 3.284585169614048089e-03 -1.976517610476083783e-05 2.263235981532592809e-09 2.028149632800431337e-04 1.081817699868825051e-05 1.815187752180003966e-07 -4.160830727515665243e-05 -1.112274254990657448e-08 3.988962091211090001e-07 -2.678242026409366176e-07 -1.544681980026779190e-05 2.596507454850741446e-07 -1.095682123463174726e-05 2.914546618338992879e-06 -1.176494348333843041e-05 -6.456302509248594448e-09 9.941696155349782817e-04 -1.014978843432426790e-05 -3.132164182448111915e-06 1.413410939503386459e-05 -3.087620079195749039e-05 1.212665221277044354e-05 5.169710780874785076e-04 2.243438779954722413e-05 -2.262764955820148921e-05 -4.150297299004226207e-06 -2.100619849543702551e-04
-5.709299211072259018e-05 -5.706484426757720989e-05 -1.273001013749454433e-03 -6.194649145028224987e-05 -1.242229008478933127e-03 8.180337602652762636e-05 8.970315277316290780e-04 1.087820538818033570e-03 8.641873643561676175e-04 8.901972224636927732e-04 -5.681548237842168889e-05 -1.399261983973301444e-03 -1.752489587415231561e-04 -8.373412487233104773e-03 -2.956538058636438981e-02 3.865853348936103360e-03 4.870665515055288284e-04 -7.833402236363012005e-04 1.777470154559551967e-03 -7.293015926837543043e-04 7.582635845503153931e-04 5.187337380612496579e-04 -4.607804576213167524e-02 1.148738972433173688e-01 -5.477934473961516143e-03 1.439294898850345533e-03 -2.223617025007130587e-05 2.561579616008477924e-10 2.324388794860087729e-04 6.091156505219079458e-05 -1.930712781105064575e-07 2.977821807602101800e-03 -4.554468221053641800e-08 1.447261380065900203e-06 -4.208612804564494200e-06 -2.401561301923182392e-04 2.617461561509403217e-07 -1.101007705195330310e-05 3.164980457734236030e-06 -1.280094671041372302e-05 -6.948856166364972200e-09 8.532672985197709697e-04 -1.730616462771705078e-05 -4.036464858626670994e-06 1.782769447615903835e-05 3.639679739055242671e-05 1.723922462387381116e-05 6.199056309053694192e-04 2.862801801597648498e-05 -2.242903687495306753e-05 -3.881287129005197192e-06 -2.053871253297052089e-04
-5.989282718844560389e-05 -5.989128538738874234e-05 -1.402441364674112886e-03 -5.974606509103346132e-05 -1.400730420406122662e-03 -5.168905021746808190e-05 8.777950472127795918e-04 8.641873643561676175e-04 9.452798562237926458e-04 9.016761271730308050e-04 -5.969281285360234331e-05 -1.159426779980223931e-03 -6.401943040801352206e-05 -8.915033568502260183e-03 -3.132367424051950983e-02 3.971185666748436316e-03 -4.370920591049211887e-04 -1.296436984856344683e-03 2.085651171076255157e-03 -6.328893671272874241e-04 1.137513411616121331e-03 1.005043450570780074e-03 -4.914650126663901858e-02 1.218237249817762102e-01 -6.045662680168990832e-03 6.074152794623836546e-03 -1.722489554711701345e-05 -1.301869026737385418e-09 2.295986449636627921e-04 3.371640360124097014e-05 3.412946885076818161e-08 1.709340543268978579e-03 -3.247322717131214085e-08 1.136457719182591171e-06 1.326633219523392503e-06 2.312788239478042013e-05 1.933431648940033583e-07 -8.155621701442070887e-06 2.422531853477657046e-06 -9.805612862203365882e-06 -5.357591665763038730e-09 1.107224838305979940e-03 -1.622083922315294055e-06 -2.248821891227989790e-06 1.060997836003108136e-05 1.194957598036837422e-05 9.183807538817211546e-06 4.544572717043395991e-04 1.773060951373262189e-05 -2.312266743602733773e-05 -4.596726030454309668e-06 -2.168230302967912742e-04
-5.868296377075747367e-05 -5.868041113663202332e-05 -1.363325771269651310e-03 -5.933662446106585350e-05 -1.357306783792803844e-03 -1.458465003127184590e-05 8.867319287771891411e-04 8.901972224636927732e-04 9.016761271730308050e-04 8.971541066374538005e-04 -5.846204448434300462e-05 -1.236898704027729291e-03 -1.004236259957886365e-04 -8.706876908788369757e-03 -3.065870732043891531e-02 3.940440149174754929e-03 -1.547576875523437221e-04 -1.140202923752483893e-03 1.988677268003135636e-03 -6.599506332064554448e-04 1.023722184360668138e-03 8.488874291621120900e-04 -4.808646876124112596e-02 1.192437015296045344e-01 -5.857236965403059617e-03 4.648600355345589019e-03 -1.649635689148309481e-05 1.544375982659288038e-10 1.588158811926085497e-04 1.785813491574672718e-05 -5.462977545232800607e-08 6.573432679479540922e-04 -1.510717476965649423e-08 5.608509131789599822e-07 -3.494467030063414183e-08 -2.826395047872429456e-05 2.363386511237043850e-07 -9.979059952493384285e-06 2.812950941286180905e-06 -1.137467043882362883e-05 -6.211048542501194079e-09 1.041157011778153776e-03 -7.084429495415529209e-06 -2.255236345832140460e-06 1.052634586922858261e-05 -7.546174981269365414e-06 8.840952869390294739e-06 4.915538655662094608e-04 1.827194249363674623e-05 -2.284379222821050792e-05 -4.367006316514146785e-06 -2.124062132380467123e-04
3.904610279254588009e-06 3.903416910192751992e-06 8.970154616248908225e-05 3.885460233303580377e-06 8.971833589849727351e-05 2.181705098145903832e-06 -5.791705849485169103e-05 -5.681548237842168889e-05 -5.969281285360234331e-05 -5.846204448434300462e-05 4.025344702944202848e-06 7.741705240414360008e-05 7.423836086854670438e-06 5.798673932075669533e-04 2.034540200700278058e-03 -2.556860454878840533e-04 1.757070498116386565e-05 7.789844263578083058e-05 -1.320806167210830521e-04 4.260185907230668023e-05 -6.884231300111828551e-05 -6.099934055451593294e-05 3.172592267912457097e-03 -7.903168856787724447e-03 3.880389737457651733e-04 -3.415170023490029941e-04 1.455626740227264550e-06 1.708821349290015567e-11 -9.995666644871914103e-06 -1.676354649236091669e-06 -2.043122039019108407e-09 -5.849000857693093121e-05 1.741077773186198950e-09 -6.009241297130433262e-08 -6.865906820106975445e-08 -1.591495762094216119e-06 8.392602109038888809e-06 8.744967315059373876e-07 -4.178694387300280357e-06 1.895251779121190167e-07 1.603077179738458374e-09 -7.573166834132017734e-05 -6.684274878800729499e-08 2.104047481371059371e-07 -9.449989884607012067e-07 7.475565149230832303e-07 -8.421920684945048063e-07 2.697798194333996544e-04 3.878583101820112565e-06 1.503274992127471461e-06 2.916924289153508724e-07 1.409955299939321719e-05
7.841592461122954042e-05 7.830124715337772787e-05 1.675036580909330594e-03 8.152201491667692595e-05 1.662073375202345344e-03 -1.882143292573214646e-04 -1.292589713561199298e-03 -1.399261983973301444e-03 -1.159426779980223931e-03 -1.236898704027729291e-03 7.741705240414360008e-05 2.716145942514264222e-03 3.996576570540641914e-04 1.140687984774023389e-02 4.030291994933789257e-02 -5.293366138054604077e-03 -1.495515460669755593e-03 6.372996071986285335e-04 -2.221066788776782010e-03 1.113976564411710540e-03 -7.131023203529637377e-04 -3.304361106374028093e-04 6.215794160198540030e-02 -1.563000375418435728e-01 7.212320498599229107e-03 2.038868950578760775e-03 3.629098058077630631e-05 -1.959678934411240872e-09 -3.474769873867831127e-04 6.719693043583171846e-05 2.430160318603664804e-07 3.126986106425955723e-03 -6.052666911531952592e-08 1.873901869980247799e-06 5.961992067555619698e-06 2.153090730366805257e-04 -1.646423700542363181e-05 2.446801415276166205e-05 2.103731331585190282e-05 2.667998455333584826e-05 -2.565515954000691497e-05 -9.552886497866612103e-04 4.591377212261254988e-05 7.365312627851210283e-06 -3.228504591971624458e-05 1.785420025570851987e-04 -2.896459943620952092e-05 -2.071940297092357205e-03 -6.905684666390524238e-05 3.099721898283097480e-05 4.836164616488762506e-06 2.808353035062826101e-04
5.624357743181727972e-06 5.566741576772227699e-06 6.158215575956410852e-05 7.775357611308993165e-06 4.744498595292129110e-05 -9.594903094674351208e-05 -1.279961196003848655e-04 -1.752489587415231561e-04 -6.401943040801352206e-05 -1.004236259957886365e-04 7.423836086854670438e-06 3.996576570540641914e-04 1.989030033132147771e-04 7.356345296157522796e-04 2.631079025770708627e-03 -3.726333322033756833e-04 -7.502947331568974795e-04 -2.939293722687913793e-04 1.094469383253212735e-05 1.669738826818923153e-04 2.021006299271105886e-04 2.761726653353820419e-04 3.581230950356538607e-03 -9.992433501079834093e-03 2.750780164884722608e-04 3.270055056422345539e-03 9.466830632832827237e-06 -6.127755085696571552e-10 -5.218454100394766856e-05 -2.489418688117994344e-05 1.047855536096625939e-07 1.607278849459456080e-03 5.615206856240502912e-08 1.605126916333573126e-08 2.938873303728123254e-06 1.138106986534436610e-04 -2.025247850797800258e-06 -1.731072951181655175e-06 -1.723322547197443774e-04 -1.583508661233628769e-05 -3.336054849301047082e-06 -6.504867024050849751e-04 -5.831193776808091923e-06 2.311656927300844885e-06 -9.438452522213453856e-06 1.138042942310646123e-04 -8.325660667322890983e-06 4.099011445620240855e-03 6.269026676304211444e-05 2.368891489902332162e-06 -3.795529580314354744e-08 1.898750503499305311e-05
5.818442361447809024e-04 5.818292475243118812e-04 1.346975654613148665e-02 5.798222844037559907e-04 1.345727145646872722e-02 4.085320820526762561e-04 -8.607605912167652987e-03 -8.373412487233104773e-03 -8.915033568502260183e-03 -8.706876908788369757e-03 5.798673932075669533e-04 1.140687984774023389e-02 7.356345296157522796e-04 8.660233933136207707e-02 3.038205192395927456e-01 -3.815184785602088180e-02 3.398733253746950671e-03 1.203160730756863694e-02 -1.990952267734085596e-02 6.249943230801938317e-03 -1.057622755206711999e-02 -9.462109034169090965e-03 4.743420515017450212e-01 -1.180445823963663710e+00 5.817984246429201700e-02 -5.472430323962718113e-02 1.941644604887480239e-04 1.479897625119037799e-09 -1.298161207187279202e-03 -2.773472488025990738e-04 -4.248731740397716824e-07 -9.838582681199976865e-03 2.628125142069245072e-07 -9.305263397489964275e-06 -1.123799032597862478e-05 -2.225241294797274355e-04 -1.963179352359246749e-06 8.281258020626304538e-05 -2.365973930577046412e-05 9.566122213532312040e-05 5.246232683374961930e-08 -1.065139738506951268e-02 2.135626778106702476e-05 2.623233598121928873e-05 -1.212519314114442773e-04 2.645093708342855995e-07 -1.050752966592440513e-04 -4.444338653826221397e-03 -1.909257045690403642e-04 2.240793142938906301e-04 4.397947790141321978e-05 2.104723938487498402e-03
2.041509184156684205e-03 2.041520428742546901e-03 4.739695646393352058e-02 2.039970278614474265e-03 4.732335999237383822e-02 1.372620043319062923e-03 -3.026891885658179737e-02 -2.956538058636438981e-02 -3.132367424051950983e-02 -3.065870732043891531e-02 2.034540200700278058e-03 4.030291994933789257e-02 2.631079025770708627e-03 3.038205192395927456e-01 1.081761458764890271e+00 -1.345126001359627788e-01 1.172481525899951929e-02 3.961204690648462839e-02 -6.247269490392787228e-02 1.865800793010986836e-02 -3.882757928761940147e-02 2.745059877517597169e-02 1.555650785341293751e+00 -4.170898455821369311e+00 1.371076146697393638e-01 -1.496838612201478735e-01 6.489384210781587231e-04 3.696564856759555148e-09 -4.689416111521304414e-03 -9.311491133234217578e-04 -9.751499950452658397e-07 -3.455916704700707359e-02 8.619607499845372991e-07 -3.068625770814465027e-05 -3.353990621650460653e-05 -4.557737496363182725e-04 -7.045810317856597217e-06 2.973014676462748182e-04 -8.521376773490607008e-05 3.446032083893328288e-04 1.887396218618340370e-07 -3.734862070170082843e-02 9.301259582265622417e-05 8.610101358172897045e-05 -4.001563480405093175e-04 -2.390679797825833873e-05 -3.432417999795182189e-04 -1.571783700606909154e-02 -6.454384893029515863e-04 6.967507226050569493e-04 1.645312820435469248e-04 8.758618518422259247e-03
-2.565900128259928801e-04 -2.566410543896564594e-04 -6.063499290906876685e-03 -2.608277865231314429e-04 -6.030469416032804668e-03 -1.220820705923327074e-04 3.859176791149448657e-03 3.865853348936103360e-03 3.971185666748436316e-03 3.940440149174754929e-03 -2.556860454878840533e-04 -5.293366138054604077e-03 -3.726333322033756833e-04 -3.815184785602088180e-02 -1.345126001359627788e-01 1.742314167646517864e-02 -1.296122688579886065e-03 -5.364114705897884104e-03 8.920245763459422675e-03 -2.810404523542563322e-03 4.781246343149946239e-03 3.967029681678835296e-03 -2.121198788403337310e-01 5.237308200921655388e-01 -2.596610692628381623e-02 2.342156468123925833e-02 -5.603284558226769322e-05 7.388124438311777568e-10 6.979489977749213803e-04 8.324703492214190388e-05 -2.891880670550853452e-07 4.335943362364400727e-03 -6.018867363169266319e-08 2.285080098599102548e-06 -5.115014527150667697e-07 -2.019759568977174389e-04 1.012734969467741085e-06 -4.280153718280119032e-05 1.247224279401043355e-05 -5.048801624292087594e-05 -2.746197824435130786e-08 4.671866133414481932e-03 -2.633996208886229894e-05 -6.149266975974739143e-06 3.040526198650258196e-05 2.149718692166458975e-05 2.312411927520809901e-05 2.077116853298984368e-03 6.195377214221608618e-05 -1.001551884436131638e-04 -1.955441916029986276e-05 -9.309647391631556499e-04
1.695025524604960290e-05 1.737522532476237715e-05 1.023336459069561786e-03 1.390283295349442044e-05 1.045569100858739211e-03 7.403402197084432007e-04 1.154132821611600248e-04 4.870665515055288284e-04 -4.370920591049211887e-04 -1.547576875523437221e-04 1.757070498116386565e-05 -1.495515460669755593e-03 -7.502947331568974795e-04 3.398733253746950671e-03 1.172481525899951929e-02 -1.296122688579886065e-03 6.554135756042849849e-03 3.791271366873362990e-03 -2.329767001341397428e-03 -6.840688682366590249e-04 -2.885914151326361438e-03 -3.273415791348649809e-03 2.338586288909159580e-02 -4.783557753090890430e-02 4.218337875095182037e-03 -3.301691286476708675e-02 -6.703962853410043747e-05 4.498661146367171444e-09 4.674160856172342345e-04 -1.395500821661663172e-04 -4.676818002384918484e-07 -1.401228223692871713e-02 9.648341750941255786e-08 -3.479974875477807634e-06 -1.365517101495487488e-05 -1.947527052246985930e-04 5.428561523690400751e-07 -2.274694841397168827e-05 3.324217337032285480e-06 -1.309481776175853740e-05 -7.567937265963887040e-09 -1.525301744052344217e-03 -9.061972672382428713e-05 -1.940378312628843720e-05 8.064955298569112584e-05 -4.565240246311422136e-04 7.979367927640115940e-05 8.855824107322241576e-04 1.029254268616334642e-04 5.393407181002876104e-06 5.211578703587611040e-06 7.460255639017620232e-05
7.781533690123917848e-05 7.805276956970572165e-05 2.166982548376188665e-03 7.738575788743925403e-05 2.169614642605755764e-03 4.214880540935658088e-04 -9.761426775335554570e-04 -7.833402236363012005e-04 -1.296436984856344683e-03 -1.140202923752483893e-03 7.789844263578083058e-05 6.372996071986285335e-04 -2.939293722687913793e-04 1.203160730756863694e-02 3.961204690648462839e-02 -5.364114705897884104e-03 3.791271366873362990e-03 8.613687746780082297e-03 -1.030733432869885245e-02 1.535551008261080205e-03 -1.886088303243818251e-03 -1.675349406657958284e-02 9.217947992071579000e-02 -1.614792449151605247e-01 -1.971178993595123358e-03 -5.066455299553802860e-03 -2.038108782844320140e-05 2.156664143886027218e-09 5.738733465775864261e-05 -9.543825592206175783e-05 -1.649758431674774130e-07 -8.528580982102511310e-03 6.650198287202237439e-08 -2.430529529879944127e-06 -7.002955318234327885e-06 -4.612594402668901070e-05 1.235703182078555618e-08 -4.188051364935611360e-07 -1.615855051771620504e-06 6.731463109578807849e-06 3.426186204131929455e-09 -2.056084710717842774e-03 -4.043981188277808532e-05 -8.582182895865458525e-06 3.437289009125452213e-05 -2.458432744325924658e-04 3.587940551882030547e-05 -9.316437612426949760e-05 3.760224390354855914e-05 8.477136169419054060e-05 -1.922132691174509506e-05 1.370324840362213540e-05
-1.323703908054474734e-04 -1.324926097068890665e-04 -3.263017857258438716e-03 -1.328242442377035217e-04 -3.256922638622952466e-03 -2.571662426245343658e-04 1.886751440347109567e-03 1.777470154559551967e-03 2.085651171076255157e-03 1.988677268003135636e-03 -1.320806167210830521e-04 -2.221066788776782010e-03 1.094469383253212735e-05 -1.990952267734085596e-02 -6.247269490392787228e-02 8.920245763459422675e-03 -2.329767001341397428e-03 -1.030733432869885245e-02 5.000403412269320558e-02 -2.828250897871184902e-02 8.205315074398415731e-03 4.086143377331202114e-02 -1.761799792899535200e-01 2.613264625016566978e-01 -6.324918968098826311e-02 4.263052422922224138e-02 -1.629692017424596768e-05 -1.004834851442695041e-09 2.090797194110550420e-04 8.346006366028950040e-05 5.640637196247705762e-08 5.687000868018959876e-03 -6.403210703113960949e-08 2.333185049247875970e-06 4.131646920331382496e-06 5.310876252139276870e-07 3.435272167039461784e-07 -1.455568356972176719e-05 5.035578770757662053e-06 -2.046629212224669077e-05 -1.105340601781315929e-08 2.720346268554235496e-03 1.258028764109001167e-05 8.598001538177728646e-07 -1.059093160801556930e-06 1.216938876871303469e-04 -4.453581488661081890e-06 7.940210195140752578e-04 8.950206005322542476e-06 -7.802887878293366742e-04 2.576028474674793350e-05 1.236275028322439667e-03
4.284607290653756715e-05 4.278664880359452874e-05 9.071318250855366083e-04 4.336058327704284690e-05 9.017125668536854531e-04 -7.696790850333881282e-05 -6.892246878610168437e-04 -7.293015926837543043e-04 -6.328893671272874241e-04 -6.599506332064554448e-04 4.260185907230668023e-05 1.113976564411710540e-03 1.669738826818923153e-04 6.249943230801938317e-03 1.865800793010986836e-02 -2.810404523542563322e-03 -6.840688682366590249e-04 1.535551008261080205e-03 -2.828250897871184902e-02 1.904888868534776458e-02 -3.634578878037282926e-03 -1.438048892825037270e-02 5.714508450822151225e-02 -7.751181475791998898e-02 4.034859867808641282e-02 -2.409179939752863903e-02 2.335917348502993855e-05 -5.933104743958269062e-10 -1.737486915402689414e-04 2.076002512669344825e-07 5.580582185837808281e-08 1.242594238204935454e-03 4.069923852625639110e-09 -1.420132657701022627e-07 1.333021013655950444e-06 2.435070176417848816e-05 -2.372931495530113642e-07 9.991620150429784318e-06 -2.410858854440413195e-06 9.700820925563797764e-06 5.365106932286637476e-09 -6.090732439412705184e-04 1.542379914087377662e-05 4.573480356963432873e-06 -1.993516620870943877e-05 6.445218682379409117e-05 -1.854700583752359039e-05 -4.781087090880252596e-04 -2.858667204952498167e-05 5.166174360450878720e-04 -1.275954188648114614e-05 -8.192386948686547141e-04
-6.881878597461376615e-05 -6.900394372050337169e-05 -1.882809438399255962e-03 -6.907732503390724916e-05 -1.881253990587792614e-03 -3.171031677126306784e-04 8.941205769293004329e-04 7.582635845503153931e-04 1.137513411616121331e-03 1.023722184360668138e-03 -6.884231300111828551e-05 -7.131023203529637377e-04 2.021006299271105886e-04 -1.057622755206711999e-02 -3.882757928761940147e-02 4.781246343149946239e-03 -2.885914151326361438e-03 -1.886088303243818251e-03 8.205315074398415731e-03 -3.634578878037282926e-03 7.308802903580925714e-02 -2.951979531277626467e-03 -4.864578841455494823e-02 1.465197573249484020e-01 -1.642644216801769919e-01 1.814483161450660131e-01 1.543786231902148778e-05 -1.480021467094778896e-09 -5.008442133817056063e-06 7.196314433568672868e-05 7.420075047762490874e-08 6.585398421743821409e-03 -4.794932678208725795e-08 1.773330198875806751e-06 4.805695198486589244e-06 2.503549105456897596e-06 4.323006129364007164e-08 -1.910386119235894122e-06 1.879770555219836183e-06 -7.756554372267721346e-06 -4.027006350974674990e-09 1.731540146725168202e-03 2.798432823023722853e-05 6.638278647612125066e-06 -2.646401186382215618e-05 1.874042719301076193e-04 -2.790123161783462520e-05 1.629867443056901618e-04 -2.755648653017522950e-05 -5.040913635320223244e-06 -1.933788753440286159e-04 -1.092769725787633497e-04
-6.089779618314219837e-05 -6.107563458189753489e-05 -1.669002475837096881e-03 -5.842233913739625691e-05 -1.682771087132715546e-03 -3.783932084418278516e-04 7.260066922783869198e-04 5.187337380612496579e-04 1.005043450570780074e-03 8.488874291621120900e-04 -6.099934055451593294e-05 -3.304361106374028093e-04 2.761726653353820419e-04 -9.462109034169090965e-03 2.745059877517597169e-02 3.967029681678835296e-03 -3.273415791348649809e-03 -1.675349406657958284e-02 4.086143377331202114e-02 -1.438048892825037270e-02 -2.951979531277626467e-03 7.887821976618062392e-01 -1.616825291691250888e+00 5.684822439322603227e-01 -5.942099904329573024e-01 3.761464168326532076e-01 6.756931738497907341e-06 -2.395704790691518800e-09 -1.123665960793586438e-04 9.478624354360476781e-05 3.340791381570054258e-07 7.156053916759433017e-03 -7.725181577572011821e-08 2.735781031516887918e-06 8.115759972206050438e-06 1.617299258119444378e-04 -8.898040702742744372e-08 3.700247688110590251e-06 3.154851014710213021e-07 -1.418943043367489108e-06 -6.467545890352084214e-10 1.661666529242644078e-03 4.155450828159488211e-05 5.272905478583978097e-06 -2.069771217656549123e-05 1.998048778615937339e-04 -2.177179619201924821e-05 -9.110341903009484127e-06 -2.440226135031535958e-05 -2.097373356823592299e-04 -3.096146257306926232e-04 5.034776413538001073e-03
3.182962123772008385e-03 3.183580817614334833e-03 7.493055756577224336e-02 3.196970254961374429e-03 7.473372751804170655e-02 2.584983713744297071e-03 -4.709632640181873886e-02 -4.607804576213167524e-02 -4.914650126663901858e-02 -4.808646876124112596e-02 3.172592267912457097e-03 6.215794160198540030e-02 3.581230950356538607e-03 4.743420515017450212e-01 1.555650785341293751e+00 -2.121198788403337310e-01 2.338586288909159580e-02 9.217947992071579000e-02 -1.761799792899535200e-01 5.714508450822151225e-02 -4.864578841455494823e-02 -1.616825291691250888e+00 5.753492489927832132e+00 -7.426551250408064853e+00 1.554885889644115782e+00 -1.099412633715340037e+00 8.354567579475112235e-04 4.622042910410553140e-09 -7.320338745851850785e-03 -1.425537041133124192e-03 -1.573332489418625437e-07 -6.633392585147540599e-02 1.216884343976316228e-06 -4.397844492189602236e-05 -4.401329331106590599e-05 2.371574723274481964e-04 -1.098836508059552099e-05 4.641013825298049992e-04 -1.368132002730596984e-04 5.538055854239514906e-04 3.021364248461274980e-07 -5.923978786228341342e-02 1.252531045425819768e-04 9.572962167468798342e-05 -4.614748291872224854e-04 -5.323594039114020902e-04 -3.733938601507563607e-04 -2.402123307043575740e-02 -8.248979659457231477e-04 1.417910536945300812e-03 9.222859543384412905e-04 2.093308964886799687e-03
-7.930019411989170167e-03 -7.930351134574699021e-03 -1.846086494802221811e-01 -7.932696520930523909e-03 -1.842790578366990117e-01 -5.522491598028997882e-03 1.175461974670644338e-01 1.148738972433173688e-01 1.218237249817762102e-01 1.192437015296045344e-01 -7.903168856787724447e-03 -1.563000375418435728e-01 -9.992433501079834093e-03 -1.180445823963663710e+00 -4.170898455821369311e+00 5.237308200921655388e-01 -4.783557753090890430e-02 -1.614792449151605247e-01 2.613264625016566978e-01 -7.751181475791998898e-02 1.465197573249484020e-01 5.684822439322603227e-01 -7.426551250408064853e+00 1.671515628277856891e+01 -1.066111282747794986e+00 9.426930498984678053e-01 -2.433419227539531521e-03 -1.352604915198920867e-08 1.824761764373678333e-02 3.596222801301951922e-03 3.057618631013630973e-06 1.399406012965652146e-01 -3.277622126936818625e-06 1.170224608415737424e-04 1.252724888479596734e-04 1.269614858035808492e-03 2.740288179450020055e-05 -1.156498231710683571e-03 3.332684927619091928e-04 -1.347990806068857361e-03 -7.377052920736752179e-07 1.455327320608705288e-01 -3.560247108520634969e-04 -3.156119841379695606e-04 1.474870954058427400e-03 3.243117278466068026e-04 1.254059918763760027e-03 6.085844688558901538e-02 2.419128109663723405e-03 -2.626899035109375724e-03 -1.001158527449097242e-03 -3.164832614447730258e-02
3.891639495186327612e-04 3.893282720449115376e-04 9.292410949316003491e-03 3.901844846801004333e-04 9.273438299103719390e-03 4.698591095762663433e-04 -5.680477671626838962e-03 -5.477934473961516143e-03 -6.045662680168990832e-03 -5.857236965403059617e-03 3.880389737457651733e-04 7.212320498599229107e-03 2.750780164884722608e-04 5.817984246429201700e-02 1.371076146697393638e-01 -2.596610692628381623e-02 4.218337875095182037e-03 -1.971178993595123358e-03 -6.324918968098826311e-02 4.034859867808641282e-02 -1.642644216801769919e-01 -5.942099904329573024e-01 1.554885889644115782e+00 -1.066111282747794986e+00 3.131321565448514033e+00 -2.712679356308887346e+00 8.723982047890155842e-05 1.518836493842646626e-09 -7.872762066433959191e-04 -2.024094866689849707e-04 -1.208755728523560058e-07 -1.099476808793940427e-02 1.681453116923157266e-07 -6.074089724257640736e-06 -8.250448187909230807e-06 -1.432084657902136116e-05 -1.215552517166520616e-06 5.137746402841350556e-05 -1.585851684973058911e-05 6.426959145653108111e-05 3.497496746756405954e-08 -7.498584779765036373e-03 -4.071901466561183842e-06 7.533816227821826382e-06 -3.901970079482513826e-05 -1.607582403230471560e-04 -2.853124312757947213e-05 -2.722171378051605438e-03 -7.833544007781757237e-05 5.748356516735344656e-04 -7.322604955825941534e-04 -3.446248060304585824e-03
-3.394153907105399055e-04 -3.414845468462607368e-04 -1.095675367306620136e-02 -3.261849702295714680e-04 -1.104576920687895883e-02 -3.724230254897940243e-03 3.284585169614048089e-03 1.439294898850345533e-03 6.074152794623836546e-03 4.648600355345589019e-03 -3.415170023490029941e-04 2.038868950578760775e-03 3.270055056422345539e-03 -5.472430323962718113e-02 -1.496838612201478735e-01 2.342156468123925833e-02 -3.301691286476708675e-02 -5.066455299553802860e-03 4.263052422922224138e-02 -2.409179939752863903e-02 1.814483161450660131e-01 3.761464168326532076e-01 -1.099412633715340037e+00 9.426930498984678053e-01 -2.712679356308887346e+00 2.610896761113535192e+00 2.509021846843840554e-04 -2.170836769815752928e-08 -1.621307639664926496e-03 7.777853651638253060e-04 2.224119780909451423e-06 7.192513801053490585e-02 -5.560143570808750662e-07 2.006520518298352058e-05 6.830849787716980026e-05 8.995892932627172879e-04 -1.680676685892111489e-06 7.012394518910041482e-05 -4.613855125644419008e-06 1.696016785274290857e-05 1.126928315452074053e-08 1.206070519112879998e-02 4.197374453755195554e-04 8.444387079394231562e-05 -3.458187417281555816e-04 2.211253057286703856e-03 -3.489234624625173978e-04 -2.248241961485069294e-03 -4.220015596383099509e-04 -3.568504566403177627e-04 8.913741625677309858e-04 4.678152339336293097e-04
1.455196415391062909e-06 1.452069409419260694e-06 1.458070465288905716e-05 1.086615210727611480e-06 1.823056278958851850e-05 -5.338577396149158023e-06 -1.976517610476083783e-05 -2.223617025007130587e-05 -1.722489554711701345e-05 -1.649635689148309481e-05 1.455626740227264550e-06 3.629098058077630631e-05 9.466830632832827237e-06 1.941644604887480239e-04 6.489384210781587231e-04 -5.603284558226769322e-05 -6.703962853410043747e-05 -2.038108782844320140e-05 -1.629692017424596768e-05 2.335917348502993855e-05 1.543786231902148778e-05 6.756931738497907341e-06 8.354567579475112235e-04 -2.433419227539531521e-03 8.723982047890155842e-05 2.509021846843840554e-04 8.768398065834209559e-05 -2.722000587945636940e-11 -1.898952520771498274e-05 4.948303915406896449e-07 -9.181146362908207181e-09 9.061274473865094917e-05 1.638837408939272821e-08 -6.120741607474112882e-08 -1.754086208570397719e-07 -1.636413521250766156e-05 1.601017887032966030e-07 2.796078446326892628e-08 2.222762941362780248e-07 -2.705878571483785712e-07 -4.825976327684580746e-10 -9.589816912908503407e-06 5.992791737916434193e-08 8.408379873804458510e-06 -3.187440619148760408e-06 1.902641470685752879e-05 -4.115776152330203450e-06 2.800311503464116808e-05 -3.929511662991298309e-06 4.723001686135322627e-07 4.297658059572421435e-08 4.630075646230205662e-06
1.781355280929206249e-11 1.577950303927640318e-11 -5.415394127878712012e-11 -1.074625497322807151e-11 2.601675894626465780e-10 6.719573443200910221e-10 2.263235981532592809e-09 2.561579616008477924e-10 -1.301869026737385418e-09 1.544375982659288038e-10 1.708821349290015567e-11 -1.959678934411240872e-09 -6.127755085696571552e-10 1.479897625119037799e-09 3.696564856759555148e-09 7.388124438311777568e-10 4.498661146367171444e-09 2.156664143886027218e-09 -1.004834851442695041e-09 -5.933104743958269062e-10 -1.480021467094778896e-09 -2.395704790691518800e-09 4.622042910410553140e-09 -1.352604915198920867e-08 1.518836493842646626e-09 -2.170836769815752928e-08 -2.722000587945636940e-11 1.658516395283615245e-13 -2.356017452935931909e-09 -5.456299073866631848e-10 9.586976534958129746e-12 -3.473548745231321759e-08 6.385035253758090649e-13 -2.365160368276506067e-11 -3.523522392208507452e-11 -1.485452695347646832e-09 1.354601880154231641e-12 -7.142778578490983509e-11 1.800109759858061253e-11 -7.405447324186423384e-11 -3.633080497220019627e-14 2.479144119752922322e-10 -1.318478696998562615e-10 2.502100654514768326e-11 -2.089676520442162595e-10 -6.272268730030225822e-12 -2.374934978624484092e-10 -2.109568535737061326e-10 -2.419963456869080428e-10 -1.259860396989871247e-12 2.568803325355723631e-12 2.324738311382185726e-11
-1.019318010288681142e-05 -9.985834132567467927e-06 -1.619289642606826793e-04 -9.370519769020208020e-06 -1.800013790478741159e-04 4.849042223055962991e-05 2.028149632800431337e-04 2.324388794860087729e-04 2.295986449636627921e-04 1.588158811926085497e-04 -9.995666644871914103e-06 -3.474769873867831127e-04 -5.218454100394766856e-05 -1.298161207187279202e-03 -4.689416111521304414e-03 6.979489977749213803e-04 4.674160856172342345e-04 5.738733465775864261e-05 2.090797194110550420e-04 -1.737486915402689414e-04 -5.008442133817056063e-06 -1.123665960793586438e-04 -7.320338745851850785e-03 1.824761764373678333e-02 -7.872762066433959191e-04 -1.621307639664926496e-03 -1.898952520771498274e-05 -2.356017452935931909e-09 8.346774737987424590e-04 -3.836732218294442017e-06 4.959725634105387575e-07 1.942740819797007714e-03 -9.813241468831793967e-09 5.044320761131071528e-07 -3.000631493630354520e-07 1.804966648504584950e-05 9.195523403281374570e-08 -1.952852351521018885e-06 2.109095069961881787e-07 -6.300695381356408335e-07 -9.087664048814277616e-11 1.386910188313106741e-05 -7.712816872330879322e-06 -5.067151796282858610e-06 2.082729349243753249e-05 -1.094979766400517207e-04 2.221873225980258129e-05 2.421848473822210300e-04 2.791222132536771430e-05 -3.873631774479445127e-06 -4.299102000415332552e-07 -3.282589410466531054e-05
-2.357211379328679219e-06 -1.666658473187654527e-06 -4.732683956066024452e-05 -1.296419723377303014e-05 5.531074866006849321e-05 3.374921904366297363e-05 1.081817699868825051e-05 6.091156505219079458e-05 3.371640360124097014e-05 1.785813491574672718e-05 -1.676354649236091669e-06 6.719693043583171846e-05 -2.489418688117994344e-05 -2.773472488025990738e-04 -9.311491133234217578e-04 8.324703492214190388e-05 -1.395500821661663172e-04 -9.543825592206175783e-05 8.346006366028950040e-05 2.076002512669344825e-07 7.196314433568672868e-05 9.478624354360476781e-05 -1.425537041133124192e-03 3.596222801301951922e-03 -2.024094866689849707e-04 7.777853651638253060e-04 4.948303915406896449e-07 -5.456299073866631848e-10 -3.836732218294442017e-06 1.141220763556098422e-03 -2.323232304903950145e-08 3.405234076006161906e-03 7.885918615009675274e-06 1.238689463210168964e-05 -3.758542971403816409e-06 -3.964036850676876155e-04 1.476984552747296467e-05 1.270100234201980644e-05 1.313803664044941468e-05 7.444319663878711020e-06 9.126046800655692330e-08 1.071988228518040140e-04 1.302336240612306955e-05 3.645497226871288128e-07 -1.507168939276185076e-06 -2.371249913476410585e-03 -2.774039994899791980e-05 -4.910049650478623320e-05 -2.710853701090274479e-06 -5.731706617537872778e-07 -1.941544348496079460e-07 -6.379256027435749221e-06
