3.974688592435821691e-06 3.972108067178176967e-06 9.143346493022706594e-05 3.955189083684077517e-06 9.149808925992648713e-05 2.215556684394631389e-06 -5.907740911517754372e-05 -5.793355985649649225e-05 -6.089236271088078594e-05 -5.960439167562092612e-05 3.959223115653136335e-06 7.965793767743965445e-05 5.359233555892246016e-06 5.898277551023153268e-04 2.069612603089157361e-03 -2.610187284429745197e-04 1.811978270131219725e-05 8.008290597918569847e-05 -1.351074257101920117e-04 4.326279761945874219e-05 -6.970645046135959234e-05 -6.545536603676509625e-05 3.239113517467968276e-03 -8.043322221649053597e-03 3.903650920656350030e-04 -3.423927358848358801e-04 1.443512860915743504e-06 1.653461495418009583e-11 -1.144668295289350289e-05 -2.316969115360709715e-06 -2.251810832718039887e-09 -5.998198749979318011e-05 1.801156789995320828e-09 -5.577423490559367070e-08 -6.486036025426238523e-08 -1.358252031131067269e-06 -1.292114349971359180e-08 5.557655547668837502e-07 -1.552965598008868099e-07 6.305181962126610462e-07 3.381635058935331114e-10 -7.359908074771831054e-05 3.136112749868709694e-08 2.106311924322790926e-07 -9.534798584380634702e-07 4.528298646027231979e-06 -8.123356413506075274e-07 -3.113838491991976251e-05 -1.460409764967292862e-06 1.528282616501027914e-06 3.040009124815136089e-07 1.431235467490088315e-05
3.972108067178176967e-06 3.970855300334651302e-06 9.150520637170706211e-05 3.958188838745373769e-06 9.151103213411956893e-05 2.250469582279989997e-06 -5.907038324165762193e-05 -5.790456957015774114e-05 -6.088653821227304092e-05 -5.960010322459765745e-05 3.957913393379544904e-06 7.953606706732901802e-05 5.302094423302523127e-06 5.898076632393857476e-04 2.069600660366832830e-03 -2.610627501202250514e-04 1.856467438200377600e-05 8.032899524898109544e-05 -1.352322996442733649e-04 4.320006741510382678e-05 -6.989811355218955666e-05 -6.564439630803159528e-05 3.239700502239387537e-03 -8.043564499142823870e-03 3.905293070471352497e-04 -3.445530295406662924e-04 1.439135753591733518e-06 1.416420422645652186e-11 -1.121779000692170985e-05 -1.637550396986309360e-06 -2.346963780118459104e-09 -6.168707930616812614e-05 1.674716857556927494e-09 -5.923299869929818985e-08 -6.447470022927201641e-08 -1.249091781660433255e-06 -1.287066813967595134e-08 5.536308695832767780e-07 -1.555123274777187123e-07 6.314805051199452845e-07 3.385194652023360091e-10 -7.358000922616107818e-05 2.941161237711359439e-08 2.065567370520605112e-07 -9.286419561003234665e-07 6.976817264367523151e-07 -8.268774205158393738e-07 -3.097813822567018854e-05 -1.429835346950074879e-06 1.528143457852359531e-06 3.042689585282492814e-07 1.431164126607220267e-05
9.143346493022706594e-05 9.150520637170706211e-05 2.221572675588001557e-03 9.258161664423971240e-05 2.210739182746818739e-03 1.205536584694581271e-04 -1.342576006684891628e-03 -1.293548055716794726e-03 -1.430726692361356835e-03 -1.389035632230607546e-03 9.119845187698526927e-05 1.691403827663057625e-03 5.061600785115920765e-05 1.369725089084536905e-02 4.821099600229655086e-02 -6.197711156797998042e-03 1.135362773882918255e-03 2.272983121279071976e-03 -3.361888438251202198e-03 9.087559614657085040e-04 -1.946724881502631893e-03 -1.817883203648265524e-03 7.661766773314923618e-02 -1.879289779416899175e-01 9.384074770594897849e-03 -1.145900843122505883e-02 1.296080655167184981e-05 -1.658971760302291493e-10 -1.906903106937950785e-04 -4.937398149011982618e-05 -1.258994435867054874e-08 -2.906153015735385946e-03 3.612193477130356585e-08 -1.326129455394292684e-06 -1.397514431717553484e-06 4.269505277130408781e-05 -2.694347466930880529e-07 1.162769850503455857e-05 -3.768634785873385080e-06 1.535942626630942373e-05 8.128953402708547892e-09 -1.827110003621340269e-03 -4.808578130275923605e-06 1.649290786042723772e-07 -2.451354031978570972e-06 -6.465333048663197686e-05 4.007763123959397097e-08 -6.126937203758630029e-04 -1.064547661910505069e-05 3.546293639008055349e-05 7.530777851328908167e-06 3.322960497127202596e-04
3.955189083684077517e-06 3.958188838745373769e-06 9.258161664423971240e-05 4.874830841141096065e-06 8.712373912209288827e-05 -4.043990840852583097e-06 -5.958706445433382157e-05 -6.381578041403359258e-05 -6.077903377544412704e-05 -6.045644520700483953e-05 3.941682671809999208e-06 8.318689750721736228e-05 7.382761405424080951e-06 5.880813767158668982e-04 2.070217172773528621e-03 -2.664736485716210322e-04 1.486163675774731808e-05 7.987974501399792082e-05 -1.359238862851472481e-04 4.387651077340364589e-05 -7.025916432050982824e-05 -6.273724017141074638e-05 3.260418049794508531e-03 -8.056361009646668611e-03 3.923233004930183577e-04 -3.288559475826149893e-04 1.023731320949826688e-06 -1.333897484357616427e-11 -1.081282032144948689e-05 -1.360261124235583930e-05 9.907705006109928610e-09 -1.828646518999122014e-04 9.298756740422987706e-09 -2.667934315377500109e-07 6.540001697555779371e-07 4.613942149573170906e-05 -9.563306114427165738e-09 4.116779998965815012e-07 -1.714853368408196210e-07 7.020458804988449137e-07 3.644597066946623226e-10 -6.661837813746950237e-05 3.448373779322824960e-07 1.257681767586562243e-07 -6.018474325759481072e-07 -8.349688008218343480e-06 -5.775937932273572160e-07 -3.655550638404425954e-05 -1.171680338830287294e-06 1.538819796503881701e-06 3.042625659924243922e-07 1.430896281342958909e-05
9.149808925992648713e-05 9.151103213411956893e-05 2.210739182746818739e-03 8.712373912209288827e-05 2.240531059894448809e-03 1.540947633292768409e-04 -1.335195177686664169e-03 -1.256920624323881134e-03 -1.429414065643087916e-03 -1.382122471090702423e-03 9.122671825094846019e-05 1.675080436218585140e-03 3.619735587528694786e-05 1.368578056706342382e-02 4.813518634836930210e-02 -6.159703019297416843e-03 1.165290743908356606e-03 2.278256809985499017e-03 -3.356189015173367211e-03 9.020862543740013235e-04 -1.946646744222247424e-03 -1.835958965221088333e-03 7.640357117428324407e-02 -1.875834096277027019e-01 9.364277595792757855e-03 -1.158283991198323475e-02 1.694634131064060847e-05 1.902416414470328737e-10 -2.092520522167406105e-04 5.872937070099760798e-05 -6.094612505574318407e-08 -2.013691191045633051e-03 -4.249130000184051934e-08 9.757074318435569275e-07 -4.848135693203872354e-06 -2.001929134356178583e-04 -3.140465882168163940e-07 1.354718897289738809e-05 -3.834160183238976527e-06 1.557844319784622286e-05 8.337015535512763353e-09 -1.858257128362344936e-03 -5.382493583825658751e-06 9.942977546914300915e-07 -5.805419980206568877e-06 4.863591978337418437e-05 -2.469693157352912358e-06 -6.007932621339952478e-04 -1.422873773201716163e-05 3.534750100552692660e-05 7.526297511440741120e-06 3.317958549564717927e-04
2.215556684394631389e-06 2.250469582279989997e-06 1.205536584694581271e-04 -4.043990840852583097e-06 1.540947633292768409e-04 1.371071734444180351e-04 1.794135544284045385e-05 9.677761298083634926e-05 -5.603742957907110556e-05 -1.205876290510256136e-05 2.303883074017804515e-06 -2.230269235940463782e-04 -1.027900446846076140e-04 4.378859618297904549e-04 1.456614717814280410e-03 -1.177482355397857668e-04 8.657821444599662864e-04 4.865625721027404607e-04 -2.903995641296879459e-04 -9.315464928354174972e-05 -3.651747130067155289e-04 -4.453148347479339011e-04 2.775524887135669746e-03 -5.870858898710833683e-03 5.116352496212112641e-04 -4.326349028283577036e-03 -5.569169123913887446e-06 7.599809687885252076e-10 5.832421665273220532e-05 3.365360723715022962e-05 -1.524024430758690151e-07 -1.321404793433774393e-03 -8.174575661828328697e-09 1.379980027510307590e-07 -6.730142875510748948e-06 -3.429182835446350358e-04 6.955447085933623275e-08 -2.978607955519711790e-06 7.098140750211147181e-07 -2.869352905080934585e-06 -1.536046722805681819e-09 -2.083543892448041178e-04 -1.387419350209062364e-05 -1.864538126396579261e-06 7.739823920998791125e-06 -3.469299277513166732e-05 7.723076328418210985e-06 1.588909718457224597e-04 1.115243695903259051e-05 5.807345267317702850e-07 6.734378097687211714e-07 9.191168292224806725e-06
-5.907740911517754372e-05 -5.907038324165762193e-05 -1.342576006684891628e-03 -5.958706445433382157e-05 -1.335195177686664169e-03 1.794135544284045385e-05 9.493776490656734421e-04 9.153249338670143382e-04 8.915523997098888766e-04 9.048751752830260214e-04 -5.883749317407999672e-05 -1.331808924584037450e-03 -1.262223747741950748e-04 -8.741135685019879933e-03 -3.075075309035965251e-02 3.942796164732285252e-03 1.539038499859005050e-04 -9.853011509201102351e-04 1.920031755774690872e-03 -7.049149684377231965e-04 8.897160350722600145e-04 7.670040992249255347e-04 -4.801959335800799061e-02 1.194766168823781227e-01 -5.699687351425036796e-03 3.073226219732435455e-03 -1.905081398898514518e-05 2.727298009285230656e-09 2.257410984774485324e-04 7.791905618823275091e-06 2.072962997849552044e-07 -2.250691807738156719e-04 -8.298121588514259680e-09 3.034692496122021475e-07 -3.905582613077959072e-07 -1.850960165214913058e-05 2.577792835963833143e-07 -1.109012818291894083e-05 2.935540229498671401e-06 -1.190325634540145504e-05 -6.398533771043269007e-09 1.058952283294446652e-03 -7.738262546525279402e-06 -3.013629165578298677e-06 1.361989587647418397e-05 -3.340015596628399461e-05 1.152170342170524278e-05 5.235718734852263341e-04 2.192576803477239164e-05 -2.300389445137983115e-05 -4.300972963386402303e-06 -2.130256610344338840e-04
-5.793355985649649225e-05 -5.790456957015774114e-05 -1.293548055716794726e-03 -6.381578041403359258e-05 -1.256920624323881134e-03 9.677761298083634926e-05 9.153249338670143382e-04 1.143492013518856249e-03 8.791906943946960033e-04 9.100962011800043999e-04 -5.764783397995934977e-05 -1.450267995614885333e-03 -1.740245547527068787e-04 -8.483570204555606134e-03 -2.998798476209444536e-02 3.960123989367157066e-03 5.639202995727111284e-04 -7.751711823689789223e-04 1.802370645666032329e-03 -7.494729475485820743e-04 7.425324267471911446e-04 5.346716043233244731e-04 -4.694883470407631293e-02 1.165975508960105239e-01 -5.487984690210482089e-03 1.047353758086750491e-03 -2.170382231755539358e-05 2.724443208244512308e-10 2.735610326114938737e-04 6.809743519652464605e-05 -2.213948369005935856e-07 3.436920509264143001e-03 -4.847097987389035128e-08 1.532815401041034541e-06 -5.139373389189671224e-06 -2.935771322206036588e-04 2.587427148587826684e-07 -1.112164955145920051e-05 3.235477357254551724e-06 -1.315120440993653784e-05 -6.998999209405568078e-09 9.170641998618566521e-04 -1.539890271764822889e-05 -4.002782919195202562e-06 1.765617825177531766e-05 4.428368221841161453e-05 1.721335363748503782e-05 6.460548040497621734e-04 2.890779790099788361e-05 -2.280630329281775880e-05 -4.002687112559515729e-06 -2.079919636968205129e-04
-6.089236271088078594e-05 -6.088653821227304092e-05 -1.430726692361356835e-03 -6.077903377544412704e-05 -1.429414065643087916e-03 -5.603742957907110556e-05 8.915523997098888766e-04 8.791906943946960033e-04 9.677034510335455692e-04 9.179860408013151016e-04 -6.069316749902142419e-05 -1.175423578938910576e-03 -5.825508282598027682e-05 -9.061132313917313538e-03 -3.183969709655367492e-02 4.051460572833959738e-03 -4.794938771201775942e-04 -1.347481417624681131e-03 2.139777207446070997e-03 -6.377698810691503082e-04 1.164231366956445645e-03 1.088815583138908610e-03 -5.017143209232702988e-02 1.239060428212746812e-01 -6.088830849551167199e-03 6.248823958888474403e-03 -1.706764765638823071e-05 -1.512248885202380408e-09 2.649637808054343098e-04 3.478109098657000816e-05 4.076056058140059815e-08 1.932855249535654543e-03 -3.414855812344263276e-08 1.194281448799609038e-06 1.360775542982928546e-06 2.064356458036362602e-05 1.785177577930965919e-07 -7.684901068190966075e-06 2.322171996294750560e-06 -9.447003610224464262e-06 -5.033896110285711905e-09 1.156315793383779671e-03 1.452590537618334636e-06 -2.220238739395373340e-06 1.047621018726354876e-05 1.482975197578767356e-05 9.161901367345704519e-06 4.539897038651014233e-04 1.760686790253855431e-05 -2.347736624967417614e-05 -4.804335138960326235e-06 -2.198693800093540402e-04
-5.960439167562092612e-05 -5.960010322459765745e-05 -1.389035632230607546e-03 -6.045644520700483953e-05 -1.382122471090702423e-03 -1.205876290510256136e-05 9.048751752830260214e-04 9.100962011800043999e-04 9.179860408013151016e-04 9.153793813892812867e-04 -5.938132014019738487e-05 -1.269979148053606340e-03 -9.832850760897960058e-05 -8.838094572744705293e-03 -3.113822275713026833e-02 4.028576352907155614e-03 -1.441833134646548255e-04 -1.165442786919835324e-03 2.030549907310331449e-03 -6.718064873997390022e-04 1.032257449718195375e-03 9.030964633168873934e-04 -4.905647608066723842e-02 1.211888182124792046e-01 -5.886640816922300914e-03 4.571900708103334918e-03 -1.586615797617293855e-05 2.494446949362060180e-10 1.857540994287041724e-04 1.671739166390625258e-05 -5.875600354330362600e-08 6.284965273306483127e-04 -1.381581428113690363e-08 5.163362518325798480e-07 -2.407832485645135706e-07 -3.979768070023335420e-05 2.303508613550144785e-07 -9.917769398312224280e-06 2.804651297207661407e-06 -1.139303307951719773e-05 -6.089360457361770853e-09 1.096574198143298543e-03 -4.650482549826311026e-06 -2.147799295701051569e-06 1.005098494876900260e-05 -7.760526530669100079e-06 8.388450507287258898e-06 4.983423327598976871e-04 1.787762647693161221e-05 -2.321451424499944280e-05 -4.539107226003361068e-06 -2.152730027924931353e-04
3.959223115653136335e-06 3.957913393379544904e-06 9.119845187698526927e-05 3.941682671809999208e-06 9.122671825094846019e-05 2.303883074017804515e-06 -5.883749317407999672e-05 -5.764783397995934977e-05 -6.069316749902142419e-05 -5.938132014019738487e-05 4.080976025372086472e-06 7.863109483632623766e-05 7.216288047468106191e-06 5.878808830163563667e-04 2.062729267156345348e-03 -2.601070398127847236e-04 1.882639271569803372e-05 8.020766345945135847e-05 -1.348383325156851512e-04 4.300818339476809355e-05 -6.976414622649193878e-05 -6.559287800905562915e-05 3.228854560566778512e-03 -8.016794848818887403e-03 3.892881822565682397e-04 -3.449328391481816568e-04 1.443363883784350794e-06 1.569804837740691142e-11 -1.122401258845224100e-05 -1.646955009275981995e-06 -2.412650958771859791e-09 -6.233843737430552691e-05 1.735857079228742443e-09 -6.002313903361022319e-08 -6.825257352094741312e-08 -1.452795426457001820e-06 8.417394168115337189e-06 8.506762777754984596e-07 -4.184466196006320672e-06 1.717658528825604705e-07 1.588443098388832185e-09 -7.864299521041773471e-05 -2.469364083860158430e-07 2.075036700520964409e-07 -9.320331546177589374e-07 6.997832670556102831e-07 -8.315332549280504115e-07 2.741165799687270989e-04 3.953370765220235196e-06 1.522779947004883199e-06 3.034088315805521300e-07 1.426392660684738709e-05
7.965793767743965445e-05 7.953606706732901802e-05 1.691403827663057625e-03 8.318689750721736228e-05 1.675080436218585140e-03 -2.230269235940463782e-04 -1.331808924584037450e-03 -1.450267995614885333e-03 -1.175423578938910576e-03 -1.269979148053606340e-03 7.863109483632623766e-05 2.844875123382827140e-03 4.104289182457158004e-04 1.155487318830914975e-02 4.088389424927385551e-02 -5.432884213272161020e-03 -1.788933206312029673e-03 5.299002597167147468e-04 -2.210302828205635943e-03 1.168477233950836365e-03 -6.190030944037820150e-04 -2.621117310326265618e-04 6.321906108894363718e-02 -1.586105185602085244e-01 7.174564929182971479e-03 3.475182640199178663e-03 3.625704320578542763e-05 -2.333535134187493705e-09 -4.086197061588089301e-04 7.811525464555070563e-05 2.794255160005132968e-07 4.068411727732887048e-03 -7.081391330246830878e-08 2.247248541688211792e-06 6.838753181821555845e-06 2.393395831829494484e-04 -1.801714628514160350e-05 2.581707288081373650e-05 1.931105550547964969e-05 2.773051172935986233e-05 -2.574008656764716909e-05 -1.088303727500175219e-03 4.394341490727763885e-05 7.572175393083665782e-06 -3.313077671648730684e-05 1.997000119642176506e-04 -2.956508328691972510e-05 -2.135791294973736140e-03 -7.092250632527812818e-05 3.161266568199950149e-05 4.890606030989480471e-06 2.847151607481720440e-04
5.359233555892246016e-06 5.302094423302523127e-06 5.061600785115920765e-05 7.382761405424080951e-06 3.619735587528694786e-05 -1.027900446846076140e-04 -1.262223747741950748e-04 -1.740245547527068787e-04 -5.825508282598027682e-05 -9.832850760897960058e-05 7.216288047468106191e-06 4.104289182457158004e-04 2.031866545836784961e-04 6.902356631522710327e-04 2.477300189159039115e-03 -3.588447277184898332e-04 -8.239228752013842824e-04 -3.358545198529930774e-04 3.753187298627876935e-05 1.738391190337147836e-04 2.363758807455476325e-04 3.129471239177331141e-04 3.303298916513520110e-03 -9.377151469650960719e-03 2.222476682498237101e-04 3.647383254122929866e-03 9.605765758113433896e-06 -6.280902513191228379e-10 -5.577562612796756203e-05 -2.362841881772463306e-05 1.138505495581026338e-07 1.910455940318379073e-03 5.651115853917178790e-08 5.443779929643232175e-08 2.896156729369110655e-06 1.043048415952366388e-04 -2.133678289236855736e-06 -1.665181665896532114e-06 -1.770702084065011329e-04 -1.619210976852676409e-05 -3.211519243095915160e-06 -6.748558585786392037e-04 -6.166380378098734951e-06 2.377332752192184891e-06 -9.712942986837073189e-06 1.179409272168837296e-04 -8.524678947571459947e-06 4.259563838908891203e-03 6.503893406221624167e-05 2.289572078108255682e-06 -9.874555929228448581e-08 1.804657871094371519e-05
5.898277551023153268e-04 5.898076632393857476e-04 1.369725089084536905e-02 5.880813767158668982e-04 1.368578056706342382e-02 4.378859618297904549e-04 -8.741135685019879933e-03 -8.483570204555606134e-03 -9.061132313917313538e-03 -8.838094572744705293e-03 5.878808830163563667e-04 1.155487318830914975e-02 6.902356631522710327e-04 8.779517075133302928e-02 3.079934437441802508e-01 -3.878876575100767554e-02 3.687452583685634465e-03 1.242335335360159054e-02 -2.033951245015846662e-02 6.295188354491776384e-03 -1.074797873708291732e-02 -1.019960838598765740e-02 4.827037554693361376e-01 -1.197274446694447825e+00 5.837959854295687867e-02 -5.570792347487353580e-02 1.912751184168724186e-04 1.055986294166299889e-09 -1.450448345161106743e-03 -2.771788112555133364e-04 -5.060422536516948318e-07 -1.063963129577833247e-02 2.646974290628075184e-07 -9.388379373578317045e-06 -1.136415923172246108e-05 -2.029584215397922664e-04 -1.838023902893920148e-06 7.910082855721580972e-05 -2.282384717347143126e-05 9.274360259725755056e-05 4.961077546897094603e-08 -1.111146396017475939e-02 -7.507367154623348880e-06 2.547089642745547101e-05 -1.179528570304300746e-04 -1.785914689270830344e-05 -1.020815324366657208e-04 -4.411550349313890507e-03 -1.866218174683225946e-04 2.268936600345803874e-04 4.578229393664823136e-05 2.128850789963551877e-03
2.069612603089157361e-03 2.069600660366832830e-03 4.821099600229655086e-02 2.070217172773528621e-03 4.813518634836930210e-02 1.456614717814280410e-03 -3.075075309035965251e-02 -2.998798476209444536e-02 -3.183969709655367492e-02 -3.113822275713026833e-02 2.062729267156345348e-03 4.088389424927385551e-02 2.477300189159039115e-03 3.079934437441802508e-01 1.096540772703706645e+00 -1.368589757639029070e-01 1.263837255946430836e-02 4.095755552699886781e-02 -6.409992427101406098e-02 1.891822848683489058e-02 -3.944941078969756154e-02 2.532599905146681873e-02 1.584615076927304633e+00 -4.230307339878874195e+00 1.366014872559138116e-01 -1.517594293934923511e-01 6.354451420376368590e-04 1.959063234399109629e-09 -5.291335992129363348e-03 -9.276638503698769571e-04 -1.194838462416839263e-06 -3.716027567157052791e-02 8.625889170284736865e-07 -3.075968115272064785e-05 -3.274647754636750247e-05 -3.203706446873683198e-04 -6.631111805210634509e-06 2.854344559415057333e-04 -8.261471617359836316e-05 3.357421601946708814e-04 1.794638625439644798e-07 -3.899237792911473127e-02 -6.165994675429593277e-06 8.290120294589282274e-05 -3.862401093679523455e-04 -8.567847338462262737e-05 -3.305241632525741198e-04 -1.564176532186695515e-02 -6.287090870304221221e-04 7.090664481450680966e-04 1.712014987171126131e-04 8.846643558259703610e-03
-2.610187284429745197e-04 -2.610627501202250514e-04 -6.197711156797998042e-03 -2.664736485716210322e-04 -6.159703019297416843e-03 -1.177482355397857668e-04 3.942796164732285252e-03 3.960123989367157066e-03 4.051460572833959738e-03 4.028576352907155614e-03 -2.601070398127847236e-04 -5.432884213272161020e-03 -3.588447277184898332e-04 -3.878876575100767554e-02 -1.368589757639029070e-01 1.786271147645143373e-02 -1.334288811538721087e-03 -5.533941256162608173e-03 9.147665328799431395e-03 -2.856479993212864693e-03 4.868106257210988268e-03 4.247522338069320905e-03 -2.169342601792227376e-01 5.332942620860963157e-01 -2.618048130724118239e-02 2.353147788437503357e-02 -5.186445053877321689e-05 1.159786609838948740e-09 8.299772858779434683e-04 8.073954839022902039e-05 -3.140730871480385759e-07 4.503429671516072548e-03 -5.567805327266125339e-08 2.127213244904134313e-06 -1.596847807382875827e-06 -2.726246113225891865e-04 9.832238390902174149e-07 -4.236808692744544429e-05 1.245037666055417118e-05 -5.062856335368578033e-05 -2.696144868919580503e-08 4.917931451055441647e-03 -1.558056117753276387e-05 -5.351073937224626473e-06 2.691006717257228171e-05 2.774833018568219743e-05 1.985626488275556888e-05 2.105337382415707267e-03 5.877520647570314493e-05 -1.019627154755922487e-04 -2.040694134409202533e-05 -9.449959045802491537e-04
1.811978270131219725e-05 1.856467438200377600e-05 1.135362773882918255e-03 1.486163675774731808e-05 1.165290743908356606e-03 8.657821444599662864e-04 1.539038499859005050e-04 5.639202995727111284e-04 -4.794938771201775942e-04 -1.441833134646548255e-04 1.882639271569803372e-05 -1.788933206312029673e-03 -8.239228752013842824e-04 3.687452583685634465e-03 1.263837255946430836e-02 -1.334288811538721087e-03 7.698280564741932092e-03 4.406172938096989712e-03 -2.659554854972497051e-03 -8.270738829146023242e-04 -3.348603671101212705e-03 -3.873795736156283257e-03 2.561004144515291459e-02 -5.171773404542903685e-02 4.666428293592562830e-03 -3.855703920076056918e-02 -7.200231033636150042e-05 5.296192221587161541e-09 5.415787160689240157e-04 -1.712742650241940378e-04 -5.784327605162842417e-07 -1.753171691903578772e-02 1.256474064450184617e-07 -4.492392782745323602e-06 -1.566022220876093934e-05 -2.024010765549635426e-04 6.655468750004401598e-07 -2.846210194114152220e-05 4.350023555598922455e-06 -1.728268228739178445e-05 -9.837588369926260280e-09 -1.459922940518761612e-03 -9.994672822406234548e-05 -2.119443741872751140e-05 8.824802472349290567e-05 -5.342649252888319973e-04 8.639137925188807964e-05 1.040818762209395204e-03 1.133989306836535849e-04 5.453664820328300495e-06 6.066624432697150653e-06 7.885650457590794374e-05
8.008290597918569847e-05 8.032899524898109544e-05 2.272983121279071976e-03 7.987974501399792082e-05 2.278256809985499017e-03 4.865625721027404607e-04 -9.853011509201102351e-04 -7.751711823689789223e-04 -1.347481417624681131e-03 -1.165442786919835324e-03 8.020766345945135847e-05 5.299002597167147468e-04 -3.358545198529930774e-04 1.242335335360159054e-02 4.095755552699886781e-02 -5.533941256162608173e-03 4.406172938096989712e-03 8.986885869573970134e-03 -1.053848677125726781e-02 1.468254084914992139e-03 -2.160228425758437768e-03 -1.728448270807565398e-02 9.531295817375039225e-02 -1.671389676236008370e-01 -1.311235720840658869e-03 -8.301836326439189853e-03 -2.401897381566991022e-05 2.461640482082785629e-09 5.930449398645703217e-05 -1.116312620863114773e-04 -2.161583318618581202e-07 -1.043303992168120517e-02 8.075922951060176953e-08 -2.925321252753208148e-06 -7.763880811578164639e-06 -3.066525803798846993e-05 8.315625674542629860e-08 -3.468964774974943037e-06 -1.091867799782921717e-06 4.653814117520946954e-06 2.144469685722937122e-09 -2.096905238135499203e-03 -4.822604039820987845e-05 -9.729430172205359901e-06 3.926291767455550384e-05 -2.884892580658648020e-04 4.019374153200170225e-05 -2.278170232200386891e-05 4.386345373440087139e-05 8.528279635950352917e-05 -1.865601371257225499e-05 2.087770674389299256e-05
-1.351074257101920117e-04 -1.352322996442733649e-04 -3.361888438251202198e-03 -1.359238862851472481e-04 -3.356189015173367211e-03 -2.903995641296879459e-04 1.920031755774690872e-03 1.802370645666032329e-03 2.139777207446070997e-03 2.030549907310331449e-03 -1.348383325156851512e-04 -2.210302828205635943e-03 3.753187298627876935e-05 -2.033951245015846662e-02 -6.409992427101406098e-02 9.147665328799431395e-03 -2.659554854972497051e-03 -1.053848677125726781e-02 5.009513157300907182e-02 -2.820192272799126876e-02 8.400015556002934924e-03 4.125510238315684142e-02 -1.795313486107982803e-01 2.681960479066657910e-01 -6.295724537038299706e-02 4.375012958584677258e-02 -1.353242732358321472e-05 -1.039649811116558381e-09 2.456593858302041173e-04 9.088543225042574128e-05 8.291466599571657198e-08 6.706557138697675884e-03 -7.027387996848313416e-08 2.551076162512956534e-06 4.308371666607209584e-06 -2.186918317977244730e-05 2.942572005634646303e-07 -1.272665480517983686e-05 4.718867368543729127e-06 -1.928608775985985623e-05 -1.012790318665293658e-08 2.827365102703973884e-03 2.070681532845153740e-05 1.628567587719606805e-06 -4.354191103773186265e-06 1.450499227586297198e-04 -7.408734354101446384e-06 7.638063519472484833e-04 4.984993412522031436e-06 -7.798278123365157350e-04 2.494014552966515694e-05 1.217718579227127429e-03
4.326279761945874219e-05 4.320006741510382678e-05 9.087559614657085040e-04 4.387651077340364589e-05 9.020862543740013235e-04 -9.315464928354174972e-05 -7.049149684377231965e-04 -7.494729475485820743e-04 -6.377698810691503082e-04 -6.718064873997390022e-04 4.300818339476809355e-05 1.168477233950836365e-03 1.738391190337147836e-04 6.295188354491776384e-03 1.891822848683489058e-02 -2.856479993212864693e-03 -8.270738829146023242e-04 1.468254084914992139e-03 -2.820192272799126876e-02 1.903147839856317303e-02 -3.599860209200288902e-03 -1.433185054021743343e-02 5.747916966919891513e-02 -7.864289732643439668e-02 3.971731100779121032e-02 -2.289064551116561097e-02 2.366526180264527516e-05 -7.489538547051176515e-10 -1.987267305089955062e-04 4.840235733260498811e-06 6.784714524418332827e-08 1.687710394309737457e-03 -1.804399171098854351e-10 4.582300349310971675e-09 1.656581590699791382e-06 2.966701403472542080e-05 -2.457400401293752979e-07 1.055233404038746801e-05 -2.503068854767532663e-06 1.011656331301992735e-05 5.490776743193895193e-09 -6.551825630223594502e-04 1.456144110865072679e-05 4.739137342827725900e-06 -2.062851889112682282e-05 7.405955374641314752e-05 -1.912799423516410249e-05 -4.986687683910086613e-04 -2.962839357733036217e-05 5.158814352558564655e-04 -1.250490596772891130e-05 -8.111186790148010870e-04
-6.970645046135959234e-05 -6.989811355218955666e-05 -1.946724881502631893e-03 -7.025916432050982824e-05 -1.946646744222247424e-03 -3.651747130067155289e-04 8.897160350722600145e-04 7.425324267471911446e-04 1.164231366956445645e-03 1.032257449718195375e-03 -6.976414622649193878e-05 -6.190030944037820150e-04 2.363758807455476325e-04 -1.074797873708291732e-02 -3.944941078969756154e-02 4.868106257210988268e-03 -3.348603671101212705e-03 -2.160228425758437768e-03 8.400015556002934924e-03 -3.599860209200288902e-03 7.305818470792847796e-02 -2.868383765634516247e-03 -4.979689401438793656e-02 1.490327932242593301e-01 -1.642521931434186566e-01 1.831445634521786936e-01 1.898716322823430720e-05 -1.682978220327087319e-09 1.636745532437931631e-07 8.367301725123343806e-05 1.077350478815086738e-07 8.017698179956265353e-03 -5.787393029673691334e-08 2.116627921189672009e-06 5.258182722038842085e-06 -1.635421538132311411e-05 -1.390612379825831696e-08 5.092457712861076614e-07 1.459250725371012319e-06 -6.097796540211132310e-06 -2.987229678132244017e-09 1.757268815835523901e-03 3.429229749973178206e-05 7.641127182170702676e-06 -3.076185161761363335e-05 2.203675849834404446e-04 -3.171717067745613106e-05 1.044860675095589126e-04 -3.298226662337176772e-05 -5.512401875723614390e-06 -1.935468261573810385e-04 -1.182775593729294521e-04
-6.545536603676509625e-05 -6.564439630803159528e-05 -1.817883203648265524e-03 -6.273724017141074638e-05 -1.835958965221088333e-03 -4.453148347479339011e-04 7.670040992249255347e-04 5.346716043233244731e-04 1.088815583138908610e-03 9.030964633168873934e-04 -6.559287800905562915e-05 -2.621117310326265618e-04 3.129471239177331141e-04 -1.019960838598765740e-02 2.532599905146681873e-02 4.247522338069320905e-03 -3.873795736156283257e-03 -1.728448270807565398e-02 4.125510238315684142e-02 -1.433185054021743343e-02 -2.868383765634516247e-03 7.924428649761161569e-01 -1.627777382290670483e+00 5.794966427175571866e-01 -5.997558339762264490e-01 3.821731282256082829e-01 8.117198817565279530e-06 -2.768416259356512758e-09 -1.354650731339506961e-04 1.112790918210406014e-04 4.029401325237240540e-07 8.957670548315395734e-03 -9.293273041822004515e-08 3.285828641351776147e-06 9.302010015436363059e-06 1.737845004275164168e-04 -1.504158311970370266e-07 6.401599702535903155e-06 -1.483931862298929844e-07 4.324064180025221152e-07 4.769469566024302817e-10 1.736255298462397508e-03 4.898586853401700429e-05 6.032851979027440326e-06 -2.385267564558565042e-05 2.386781409430387417e-04 -2.455394510908561780e-05 -6.633614225472119624e-05 -2.875475102758344209e-05 -2.124524757252729411e-04 -3.109516898066102273e-04 5.052717983342901002e-03
3.239113517467968276e-03 3.239700502239387537e-03 7.661766773314923618e-02 3.260418049794508531e-03 7.640357117428324407e-02 2.775524887135669746e-03 -4.801959335800799061e-02 -4.694883470407631293e-02 -5.017143209232702988e-02 -4.905647608066723842e-02 3.228854560566778512e-03 6.321906108894363718e-02 3.303298916513520110e-03 4.827037554693361376e-01 1.584615076927304633e+00 -2.169342601792227376e-01 2.561004144515291459e-02 9.531295817375039225e-02 -1.795313486107982803e-01 5.747916966919891513e-02 -4.979689401438793656e-02 -1.627777382290670483e+00 5.825675114169521329e+00 -7.548725318322627942e+00 1.567753628844849034e+00 -1.114829699444113142e+00 8.006395377940032487e-04 1.798851181102503679e-09 -8.448375058695965778e-03 -1.444062003739064910e-03 -3.730943539258034402e-07 -7.314028820770435146e-02 1.227730896197937164e-06 -4.440678382057003533e-05 -4.048507136617020556e-05 6.745483415955781789e-04 -1.035254101804768194e-05 4.459905370233772687e-04 -1.334644469131667063e-04 5.428896048247041674e-04 2.892020764705605071e-07 -6.205286631716996210e-02 -3.022684288975061609e-05 8.748823011020434213e-05 -4.258291531005018588e-04 -6.968351178909420497e-04 -3.406618748678914258e-04 -2.397641502088900672e-02 -7.858840914170721944e-04 1.442697129033592134e-03 9.352497249065503445e-04 2.197532783911910082e-03
-8.043322221649053597e-03 -8.043564499142823870e-03 -1.879289779416899175e-01 -8.056361009646668611e-03 -1.875834096277027019e-01 -5.870858898710833683e-03 1.194766168823781227e-01 1.165975508960105239e-01 1.239060428212746812e-01 1.211888182124792046e-01 -8.016794848818887403e-03 -1.586105185602085244e-01 -9.377151469650960719e-03 -1.197274446694447825e+00 -4.230307339878874195e+00 5.332942620860963157e-01 -5.171773404542903685e-02 -1.671389676236008370e-01 2.681960479066657910e-01 -7.864289732643439668e-02 1.490327932242593301e-01 5.794966427175571866e-01 -7.548725318322627942e+00 1.695602215168049653e+01 -1.068021791228624950e+00 9.543682928203505167e-01 -2.373664777039350554e-03 -6.673771540079006540e-09 2.068223081750770673e-02 3.592407322295534597e-03 3.839902448874404664e-06 1.512248135664044646e-01 -3.282820507690868550e-06 1.173872066606190031e-04 1.208747766476363206e-04 6.270474537091826799e-04 2.579695876249085877e-05 -1.110603307714463873e-03 3.234984922063302440e-04 -1.314917081411833954e-03 -7.023832884923044257e-07 1.520092137297439916e-01 2.918586736219405729e-05 -3.015502695767988562e-04 1.413774690537027102e-03 5.947130256070239573e-04 1.198163650968075370e-03 6.059333070438939484e-02 2.347546191879063254e-03 -2.681136836926163985e-03 -1.029123778704376865e-03 -3.197196559729109655e-02
3.903650920656350030e-04 3.905293070471352497e-04 9.384074770594897849e-03 3.923233004930183577e-04 9.364277595792757855e-03 5.116352496212112641e-04 -5.699687351425036796e-03 -5.487984690210482089e-03 -6.088830849551167199e-03 -5.886640816922300914e-03 3.892881822565682397e-04 7.174564929182971479e-03 2.222476682498237101e-04 5.837959854295687867e-02 1.366014872559138116e-01 -2.618048130724118239e-02 4.666428293592562830e-03 -1.311235720840658869e-03 -6.295724537038299706e-02 3.971731100779121032e-02 -1.642521931434186566e-01 -5.997558339762264490e-01 1.567753628844849034e+00 -1.068021791228624950e+00 3.144201305778783428e+00 -2.723376689539254603e+00 7.992548852061331682e-05 1.299716523083328702e-09 -8.976430766005571125e-04 -2.075973817828571303e-04 -1.572961729318202534e-07 -1.240294905185974905e-02 1.718983027405411912e-07 -6.209679189423926251e-06 -8.011050028855768227e-06 4.381408158053424996e-05 -1.098596885439432627e-06 4.737264216202984317e-05 -1.505293363908004637e-05 6.131720644734967626e-05 3.253028077180122528e-08 -7.711797094303557421e-03 -2.427138471901790583e-05 5.901097193611553986e-06 -3.190618111078687906e-05 -1.955454722506918522e-04 -2.213106469325442445e-05 -2.645521657986725506e-03 -6.962391800524671032e-05 5.622829397933101162e-04 -7.279017351908057855e-04 -3.548546550749402326e-03
-3.423927358848358801e-04 -3.445530295406662924e-04 -1.145900843122505883e-02 -3.288559475826149893e-04 -1.158283991198323475e-02 -4.326349028283577036e-03 3.073226219732435455e-03 1.047353758086750491e-03 6.248823958888474403e-03 4.571900708103334918e-03 -3.449328391481816568e-04 3.475182640199178663e-03 3.647383254122929866e-03 -5.570792347487353580e-02 -1.517594293934923511e-01 2.353147788437503357e-02 -3.855703920076056918e-02 -8.301836326439189853e-03 4.375012958584677258e-02 -2.289064551116561097e-02 1.831445634521786936e-01 3.821731282256082829e-01 -1.114829699444113142e+00 9.543682928203505167e-01 -2.723376689539254603e+00 2.643244357189506122e+00 2.796777305811422808e-04 -2.521855559556246022e-08 -1.894688585658332869e-03 9.256587991304104923e-04 2.754244659922255546e-06 8.899926714411696138e-02 -6.911976933787040280e-07 2.476008233893020269e-05 7.728117358962254240e-05 8.932410430129945553e-04 -2.333121739388915103e-06 9.951363784566318992e-05 -9.992822321807708845e-06 3.869183303257779996e-05 2.361030655124733073e-08 1.184149132588700921e-02 4.760751837046389148e-04 9.390945471694145321e-05 -3.861669248821965068e-04 2.591930570623257515e-03 -3.840963255059221871e-04 -3.036720755782172654e-03 -4.769943867204876715e-04 -3.455214904948333897e-04 8.841265531859586815e-04 5.438492331894285992e-04
1.443512860915743504e-06 1.439135753591733518e-06 1.296080655167184981e-05 1.023731320949826688e-06 1.694634131064060847e-05 -5.569169123913887446e-06 -1.905081398898514518e-05 -2.170382231755539358e-05 -1.706764765638823071e-05 -1.586615797617293855e-05 1.443363883784350794e-06 3.625704320578542763e-05 9.605765758113433896e-06 1.912751184168724186e-04 6.354451420376368590e-04 -5.186445053877321689e-05 -7.200231033636150042e-05 -2.401897381566991022e-05 -1.353242732358321472e-05 2.366526180264527516e-05 1.898716322823430720e-05 8.117198817565279530e-06 8.006395377940032487e-04 -2.373664777039350554e-03 7.992548852061331682e-05 2.796777305811422808e-04 8.866319005085903054e-05 9.853916180745564117e-12 -1.933068665181328908e-05 6.584013523886840969e-07 -9.041066699902964547e-09 1.002708462214368771e-04 2.076859147385851783e-08 -5.985171519679410014e-08 -2.067764435808717335e-07 -1.885983128042837697e-05 1.965360700687450050e-07 1.457864133237669044e-08 2.669827139355834858e-07 -3.095839240863827926e-07 -4.219067803176993640e-10 -9.633001899298437805e-06 -2.810909497845005670e-08 8.529297390728124634e-06 -3.418978959182255036e-06 2.081702659414980247e-05 -4.349055037006912481e-06 2.841197194262551362e-05 -4.182512944382795074e-06 4.594236020976670915e-07 3.864786055853745428e-08 4.548677531427629753e-06
1.653461495418009583e-11 1.416420422645652186e-11 -1.658971760302291493e-10 -1.333897484357616427e-11 1.902416414470328737e-10 7.599809687885252076e-10 2.727298009285230656e-09 2.724443208244512308e-10 -1.512248885202380408e-09 2.494446949362060180e-10 1.569804837740691142e-11 -2.333535134187493705e-09 -6.280902513191228379e-10 1.055986294166299889e-09 1.959063234399109629e-09 1.159786609838948740e-09 5.296192221587161541e-09 2.461640482082785629e-09 -1.039649811116558381e-09 -7.489538547051176515e-10 -1.682978220327087319e-09 -2.768416259356512758e-09 1.798851181102503679e-09 -6.673771540079006540e-09 1.299716523083328702e-09 -2.521855559556246022e-08 9.853916180745564117e-12 1.912862047613382552e-13 -2.995599057052646109e-09 -6.290004414343302464e-10 1.052082186461760525e-11 -4.327269219099881009e-08 7.281391283884358880e-13 -2.735264257784167472e-11 -3.727736306101429835e-11 -1.498972815204667720e-09 1.604329940487888913e-12 -8.368257375265375361e-11 2.087616474644413239e-11 -8.594981995603197446e-11 -4.176185422871276123e-14 7.464385455937202486e-10 -1.401287520746661965e-10 3.348354860091741139e-11 -2.455226365708183080e-10 -2.113522515571377172e-11 -2.801421751757328119e-10 -2.588412084995470195e-10 -2.853878940197854061e-10 -3.213074181985313431e-12 2.755087278831464013e-12 1.021863562930744415e-11
-1.144668295289350289e-05 -1.121779000692170985e-05 -1.906903106937950785e-04 -1.081282032144948689e-05 -2.092520522167406105e-04 5.832421665273220532e-05 2.257410984774485324e-04 2.735610326114938737e-04 2.649637808054343098e-04 1.857540994287041724e-04 -1.122401258845224100e-05 -4.086197061588089301e-04 -5.577562612796756203e-05 -1.450448345161106743e-03 -5.291335992129363348e-03 8.299772858779434683e-04 5.415787160689240157e-04 5.930449398645703217e-05 2.456593858302041173e-04 -1.987267305089955062e-04 1.636745532437931631e-07 -1.354650731339506961e-04 -8.448375058695965778e-03 2.068223081750770673e-02 -8.976430766005571125e-04 -1.894688585658332869e-03 -1.933068665181328908e-05 -2.995599057052646109e-09 9.487562202421032358e-04 -7.129419320465955868e-06 4.793910907691787510e-07 2.149247796578743468e-03 -4.160563679516468478e-09 4.659824205877103543e-07 -6.600951785080841567e-07 2.811871233653516695e-06 1.262039406954096594e-07 -2.582432013843970520e-06 3.802104858557328230e-07 -1.240196280059927641e-06 -2.986599229268102000e-10 5.138772216244314123e-05 -8.426689482584150237e-06 -5.333799972521768882e-06 2.190803793312207142e-05 -1.177385845510644439e-04 2.355330240066100641e-05 2.836052446100016124e-04 3.001492248779017704e-05 -4.435803500170033757e-06 -5.047016851278008447e-07 -3.694996643321878604e-05
-2.316969115360709715e-06 -1.637550396986309360e-06 -4.937398149011982618e-05 -1.360261124235583930e-05 5.872937070099760798e-05 3.365360723715022962e-05 7.791905618823275091e-06 6.809743519652464605e-05 3.478109098657000816e-05 1.671739166390625258e-05 -1.646955009275981995e-06 7.811525464555070563e-05 -2.362841881772463306e-05 -2.771788112555133364e-04 -9.276638503698769571e-04 8.073954839022902039e-05 -1.712742650241940378e-04 -1.116312620863114773e-04 9.088543225042574128e-05 4.840235733260498811e-06 8.367301725123343806e-05 1.112790918210406014e-04 -1.444062003739064910e-03 3.592407322295534597e-03 -2.075973817828571303e-04 9.256587991304104923e-04 6.584013523886840969e-07 -6.290004414343302464e-10 -7.129419320465955868e-06 1.183209465203743102e-03 -2.759876493802661177e-08 3.796469486685909254e-03 9.872744038801645764e-06 1.352583072298845400e-05 -3.917760250472636348e-06 -4.236359733283371503e-04 1.855091418447716618e-05 1.342583209211018989e-05 1.682067095915191446e-05 7.867102572817894209e-06 1.094264928065548586e-07 9.936864480409148340e-05 1.310467381403840125e-05 4.386970073901763830e-07 -1.862903520751887903e-06 -2.340524604389847274e-03 -2.785716284653922285e-05 -5.078604153853317690e-05 -3.118912416387608255e-06 -5.525963438354904101e-07 -2.152486863511890414e-07 -6.296135114837391020e-06
