theo_error.scale_from_amplitudes = yes
scaling_form = 1
eft_nu = 3.0
eft_C = 2.1603
residual_list.load = no
residual_list.load.prefix = NLOsim-600-191.theo
eft_C = 4.87896241247653961
eft_C = 4.70625065267086029
eft_C = 4.68334190547466278
