par.Ct_1S0np = -0.150622532143627
par.Ct_1S0pp = -0.148913834270203
par.C_1S0 = 1.69350481093600
par.Ct_3S1 = -0.184312039709438
par.C_3S1 = -0.217899794020048
par.C_3S1-3D1 = 0.263422413165984
par.C_3P0 = 1.29979117865505
par.C_1P1 = 1.02509005037230
par.C_3P1 = -0.336126655491496
par.C_3P2 = -0.202925280977147
par.Ct_1S0nn = -0.149910259097322
par.Ct_1S0np = -0.143086600258764
par.Ct_1S0pp = -0.140932189494627
par.C_1S0 = 1.75729375567084
par.Ct_3S1 = -0.180614027010471
par.C_3S1 = -0.168184237582468
par.C_3S1-3D1 = 0.284850547612321
par.C_3P0 = 1.33135902124827
par.C_1P1 = 1.10308640504241
par.C_3P1 = -0.331234092258718
par.C_3P2 = -0.188216920670028
par.Ct_1S0nn = -0.142170775322664
par.Ct_1S0np = -0.142902370285268
par.Ct_1S0pp = -0.140721876505842
par.C_1S0 = 1.76193497585269
par.Ct_3S1 = -0.180489250840696
par.C_3S1 = -0.168537817497028
par.C_3S1-3D1 = 0.283374805857213
par.C_3P0 = 1.32985231776478
par.C_1P1 = 1.09916864088104
par.C_3P1 = -0.327424111339568
par.C_3P2 = -0.188520162922225
par.Ct_1S0nn = -0.141975230630517
