9.386496558510444305e-04 9.618611727995289703e-04 2.158740807502779191e-03 -2.221169658791615495e-05 -1.678470059923480506e-04 -1.109163565771313404e-04 -1.827515393835972882e-04 5.688149491790155023e-04 2.076882392668141059e-04 8.917385148839470923e-07 9.505290379919846457e-04 -9.356320370890259587e-05 -1.835269838809459337e-08 8.209412069344893459e-04 -1.420027554126671661e-04 -2.197514267977401068e-07 7.037947896291527235e-03 4.003069127533871395e-09 -5.950870560750150162e-08 6.177207834498016576e-06 3.246076572105546180e-04 1.221860811988380573e-03 1.293989899382889724e-04 1.162836124766947199e-03 1.798106191392604780e-04 5.606404279261146054e-03 1.725982689594173902e-04 -2.320472238320861016e-05 9.820137550705732368e-05 -4.378404636940367765e-04 1.067057235779167565e-04 -2.345152827696476833e-05 1.109636379079474407e-04
9.618611727995289703e-04 9.856749308327094911e-04 2.212186603971278472e-03 -2.298361225431689984e-05 -1.729146982507000219e-04 -1.135103542833908077e-04 -1.872241178915481897e-04 5.801978561014146550e-04 2.127976620697669596e-04 9.138647528389201564e-07 9.740621001017824802e-04 -9.577647330648653211e-05 -1.880470184758984424e-08 8.412141049069845342e-04 -1.425373288811837146e-04 -2.255215222539124585e-07 7.195669792418782525e-03 3.910335314376871484e-09 -9.298918114579282746e-08 6.300825077912900032e-06 3.314045430012999439e-04 1.251369429000786290e-03 1.325037710904010727e-04 1.190932290285211682e-03 1.841491010939381133e-04 5.742175618545538977e-03 1.767642386118910866e-04 -2.377000051043806744e-05 1.006335786968371918e-04 -4.674558508731274653e-04 1.091694250636018003e-04 -2.403213786325576718e-05 1.137108598006456050e-04
2.158740807502779191e-03 2.212186603971278472e-03 4.964892681260949826e-03 -5.158317444483445646e-05 -3.880801780757978797e-04 -2.547561535220893266e-04 -4.201901501150557216e-04 1.302159995847121561e-03 4.775883549469979905e-04 2.051151486955858825e-06 2.186123803121900033e-03 -2.151862696634230165e-04 -4.220316230534371372e-08 1.887964196400987059e-03 -3.199023483827937516e-04 -5.061371209337627548e-07 1.614948076986059619e-02 8.776367055377988217e-09 -2.087081912778775987e-07 1.414120616524927295e-05 7.437852057564898166e-04 2.808494842031231554e-03 2.973831125004485409e-04 2.672848844100809453e-03 4.132921059261675223e-04 1.288737135621813822e-02 3.967184094551669347e-04 -5.336863585706039264e-05 2.258535526879705112e-04 -1.049128992448259941e-03 2.450129972490416104e-04 -5.393622092193173576e-05 2.552055123155629046e-04
-2.221169658791615495e-05 -2.298361225431689984e-05 -5.158317444483445646e-05 1.084773814561389860e-04 7.145737433022676405e-04 3.684716595836972199e-04 -1.025424081498817663e-05 2.209728929832821792e-04 -1.415342086457358040e-05 -1.351932024643750380e-06 -2.271291903651822901e-05 1.595579695189090950e-06 1.774312486415906203e-10 -3.554888209896023331e-05 1.912183919517079040e-04 -2.139393010744597291e-07 -1.322015764921621005e-03 -1.445956367826369329e-07 4.553350418366602451e-06 -1.766285961341275729e-05 -9.691302102424323092e-04 1.185133889346289102e-04 1.901361225782675270e-05 1.125891504906543507e-04 1.858210761088927766e-05 7.419956242479734763e-04 2.494628696812501833e-05 5.604520714138372835e-07 -2.345910776016950800e-06 1.592059830104662036e-04 -1.138751597284728086e-06 5.603749473986264434e-07 -2.651479358461647168e-06
-1.678470059923480506e-04 -1.729146982507000219e-04 -3.880801780757978797e-04 7.145737433022676405e-04 4.878171093101867084e-03 2.709008116800514301e-03 -6.335568346822986643e-05 1.005117621343662318e-03 -1.136107192454361228e-04 -9.621908095482187458e-06 -1.708780771865734977e-04 1.213465339915306403e-05 2.042657794131364255e-09 -2.888775980352272345e-04 1.056545337730204794e-03 -1.637482848683812693e-06 -1.407478173885895120e-02 -7.524882072366784667e-07 2.305914112071834926e-05 -1.366928154944507476e-04 -7.386285614523850455e-03 6.854889960489270878e-04 1.103517267179903106e-04 6.546331149207326033e-04 1.053931317574832184e-04 4.557660280456898860e-03 1.490948330890566761e-04 4.210335052618176336e-06 -1.764982765021743771e-05 6.915051432648264620e-04 -1.336968482340784783e-05 4.215917531870626956e-06 -1.994810502976463612e-05
-1.109163565771313404e-04 -1.135103542833908077e-04 -2.547561535220893266e-04 3.684716595836972199e-04 2.709008116800514301e-03 1.715765242266531661e-03 -2.792624253043813232e-05 8.518516930541919030e-06 -8.164335595661649503e-05 -5.772152617853315329e-06 -1.121733191350929434e-04 8.095115887244587049e-06 2.042157107477859783e-09 -2.108672989698251595e-04 3.151006982086831595e-04 -1.102600876037282196e-06 -1.333017919512069667e-02 -1.513913197997864036e-07 4.046050786514897871e-06 -9.350508780582361332e-05 -4.943010902575149454e-03 2.457694570544365726e-04 4.004689152550828656e-05 2.391023021966326694e-04 3.509530052802107701e-05 1.976671911475147252e-03 5.964259510958073724e-05 2.757778464898343558e-06 -1.158689868580643653e-05 -4.751364320084249226e-05 -1.353335694588281150e-05 2.767549067243161540e-06 -1.309498086869823513e-05
-1.827515393835972882e-04 -1.872241178915481897e-04 -4.201901501150557216e-04 -1.025424081498817663e-05 -6.335568346822986643e-05 -2.792624253043813232e-05 3.888887448510514912e-04 -1.160755886780030885e-04 -1.133144452053647545e-04 3.842209288357124394e-06 -1.850166253282619147e-04 2.173797308172344337e-05 1.743477248670421206e-08 -1.036975429467409319e-04 -8.838258999549901168e-06 1.269378853444140796e-06 -1.952863270765747058e-03 1.570010437054551633e-08 -6.013519976966059437e-07 1.171036634961253648e-06 6.704900805433764788e-05 -2.388239079226183131e-04 -2.661735591505475873e-05 -2.274822547256321768e-04 -3.544632789294442367e-05 -1.117998036438983163e-03 -3.518772381175621863e-05 4.399308958994985942e-06 -1.912656353614424192e-05 5.293305866924047571e-05 -2.107614762874027300e-05 4.564744944361543393e-06 -2.159862245055157355e-05
5.688149491790155023e-04 5.801978561014146550e-04 1.302159995847121561e-03 2.209728929832821792e-04 1.005117621343662318e-03 8.518516930541919030e-06 -1.160755886780030885e-04 6.598641665236271159e-02 -1.240279359365554406e-04 -8.852842359979271091e-06 5.733624360378307373e-04 -6.361293696771943543e-05 -3.848599544341772750e-09 -1.278004183521276962e-04 1.221296623156594438e-03 -2.287424259750628285e-07 1.235304133696019935e-01 -7.454258752542797578e-07 2.756567209727581096e-05 1.759610235513165278e-05 6.655448698967316975e-04 2.725513719599175974e-03 3.311273750914741731e-04 2.641844884922793860e-03 3.777270758402209955e-04 1.229934055269902952e-02 3.711045219823210580e-04 -1.400819290093160247e-05 5.923427997122826435e-05 1.527542877943125973e-03 8.136087121944725927e-05 -1.414604380530121692e-05 6.693365399596884827e-05
2.076882392668141059e-04 2.127976620697669596e-04 4.775883549469979905e-04 -1.415342086457358040e-05 -1.136107192454361228e-04 -8.164335595661649503e-05 -1.133144452053647545e-04 -1.240279359365554406e-04 3.226676221688769709e-04 7.907077628425271333e-06 2.102899977645251680e-04 -1.424191219945802360e-05 -1.478861396104574751e-08 8.481355240981306408e-04 -4.644891552099684307e-05 9.160146743087997004e-08 5.969666665324650616e-03 -4.907778666270149408e-09 2.321146355680290927e-07 4.727899207987544132e-06 2.458532186351097782e-04 2.907283694443830438e-04 3.058186908498977609e-05 2.766783099085329007e-04 4.242906383248051686e-05 1.303135112594821241e-03 3.966277559105367567e-05 -5.092971655778885307e-06 2.172973515273224655e-05 -7.881832869457706644e-05 2.377820338326154146e-05 -5.188291605003831856e-06 2.454900611654483328e-05
8.917385148839470923e-07 9.138647528389201564e-07 2.051151486955858825e-06 -1.351932024643750380e-06 -9.621908095482187458e-06 -5.772152617853315329e-06 3.842209288357124394e-06 -8.852842359979271091e-06 7.907077628425271333e-06 1.600766922307085083e-06 9.031556928446770164e-07 4.504013082414823598e-07 -2.586154761895709589e-11 -6.462619502421487389e-06 -3.384292956024906376e-06 -1.621507167606249286e-08 -2.027406040134043294e-05 9.633707711343730248e-10 -2.770582605511663987e-08 3.053144101296508153e-07 1.627547405140221726e-05 1.088615348841001043e-06 3.716799545905915475e-08 1.034896394393621588e-06 1.267343768934521155e-07 1.954263606666888927e-06 3.350695903364787465e-09 -2.598474406704856239e-08 9.290260409336115032e-08 -5.048771533865418453e-07 1.005447154820817641e-07 -2.228272926998658840e-08 1.054333295149618504e-07
9.505290379919846457e-04 9.740621001017824802e-04 2.186123803121900033e-03 -2.271291903651822901e-05 -1.708780771865734977e-04 -1.121733191350929434e-04 -1.850166253282619147e-04 5.733624360378307373e-04 2.102899977645251680e-04 9.031556928446770164e-07 9.633948034891888241e-04 -9.475004927936154218e-05 -1.858274561118956001e-08 8.313016482253340889e-04 -1.408582588529704970e-04 -2.228604883833629249e-07 7.110881661612382387e-03 3.864378579047269221e-09 -9.189764495461274810e-08 6.226605364380620396e-06 3.275008438453595738e-04 1.249570429631299264e-03 1.317654961207367741e-04 1.176899251476181156e-03 1.819793031615131462e-04 5.690702224491599528e-03 1.749746007842768692e-04 -2.349908702510634570e-05 9.944702922066398637e-05 -4.619487288401941463e-04 1.078832473825667261e-04 3.331784400407897229e-04 1.181339209306437715e-04
-9.356320370890259587e-05 -9.577647330648653211e-05 -2.151862696634230165e-04 1.595579695189090950e-06 1.213465339915306403e-05 8.095115887244587049e-06 2.173797308172344337e-05 -6.361293696771943543e-05 -1.424191219945802360e-05 4.504013082414823598e-07 -9.475004927936154218e-05 8.730266993094385475e-01 -2.847515461797902412e-06 3.852257115960491633e-03 -1.803763723913815731e-01 6.567649976697696423e-06 4.254166045371238214e-02 2.307217937021011425e-04 7.997029061283377361e-05 9.521900672597930881e-06 -1.173291707758942408e-04 2.928262742109776287e-02 1.905756309201131048e-03 2.802934919223529914e-02 3.307992654912642830e-03 7.641816376882300255e-02 1.457627853370063818e-03 7.813953642853024850e-02 8.224420790716981122e-03 7.804817404197196273e-01 7.618284584073094917e-03 5.079200433093676859e-01 8.416410172509153700e-03
-1.835269838809459337e-08 -1.880470184758984424e-08 -4.220316230534371372e-08 1.774312486415906203e-10 2.042657794131364255e-09 2.042157107477859783e-09 1.743477248670421206e-08 -3.848599544341772750e-09 -1.478861396104574751e-08 -2.586154761895709589e-11 -1.858274561118956001e-08 -2.847515461797902412e-06 1.044551132907342462e-11 -4.921674468373029663e-08 5.905423823505309311e-07 1.625596611403868481e-11 -4.418816409033061140e-07 -7.565688320942632818e-10 -2.904831211047156889e-10 -1.655542505535542521e-10 -6.398329633780174843e-09 -1.205545798804634233e-07 -8.906350024317266596e-09 -1.152637229845391937e-07 -1.447284791437844494e-08 -3.639550383169775011e-07 -8.297174066329218461e-09 -2.545699145320650047e-07 -2.879455229367336731e-08 -2.540069662971033381e-06 -2.699895929160603355e-08 -1.657244800884989635e-06 -2.967426890319147084e-08
8.209412069344893459e-04 8.412141049069845342e-04 1.887964196400987059e-03 -3.554888209896023331e-05 -2.888775980352272345e-04 -2.108672989698251595e-04 -1.036975429467409319e-04 -1.278004183521276962e-04 8.481355240981306408e-04 -6.462619502421487389e-06 8.313016482253340889e-04 3.852257115960491633e-03 -4.921674468373029663e-08 3.228137924653028904e-03 -9.338033743239301191e-04 2.066172701677285621e-06 2.120887872730740226e-02 2.199846541922630473e-06 1.494216784722810830e-06 1.239022138872822350e-05 6.372258275705329879e-04 1.271889577166713950e-03 1.288893720696211308e-04 1.211036317583532793e-03 1.817388184039942054e-04 5.513681695555337596e-03 1.645850254827840387e-04 3.307507096770886230e-04 1.228770790912230145e-04 3.142444688877541262e-03 1.277766738401590906e-04 2.260832627400711625e-03 1.348976609428866903e-04
-1.420027554126671661e-04 -1.425373288811837146e-04 -3.199023483827937516e-04 1.912183919517079040e-04 1.056545337730204794e-03 3.151006982086831595e-04 -8.838258999549901168e-06 1.221296623156594438e-03 -4.644891552099684307e-05 -3.384292956024906376e-06 -1.408582588529704970e-04 -1.803763723913815731e-01 5.905423823505309311e-07 -9.338033743239301191e-04 2.344215194205654940e-01 8.924186347140984993e-06 5.362992153475362733e-02 1.583120476389936540e-02 5.503472566763279242e-03 6.755732900044301428e-04 -6.405634174146289730e-03 2.206150443191161672e-02 1.425403929823119758e-03 2.189691091902737016e-02 9.646524267069433046e-04 4.456186996063350725e-02 6.232613102376831533e-04 -1.614180162122258455e-02 -1.715964174083939916e-03 -1.632187274203930338e-01 -1.611388254698607530e-03 -1.049553938646718143e-01 -1.757941974011147188e-03
-2.197514267977401068e-07 -2.255215222539124585e-07 -5.061371209337627548e-07 -2.139393010744597291e-07 -1.637482848683812693e-06 -1.102600876037282196e-06 1.269378853444140796e-06 -2.287424259750628285e-07 9.160146743087997004e-08 -1.621507167606249286e-08 -2.228604883833629249e-07 6.567649976697696423e-06 1.625596611403868481e-11 2.066172701677285621e-06 8.924186347140984993e-06 7.515194892790178688e-09 1.991851016362294327e-05 8.439597600216249871e-07 2.927812853352806358e-07 9.836193181685682157e-08 2.934452538109848332e-06 1.310991482014614327e-06 5.935804289559048212e-08 1.293601427337079069e-06 5.395635023764947565e-08 1.389138081001184930e-06 -1.352439841621333936e-08 5.897505159937212782e-07 3.855202350176073592e-08 6.163597185820159141e-06 3.416306171788067467e-08 3.805846890126035641e-06 3.703966405061166607e-08
7.037947896291527235e-03 7.195669792418782525e-03 1.614948076986059619e-02 -1.322015764921621005e-03 -1.407478173885895120e-02 -1.333017919512069667e-02 -1.952863270765747058e-03 1.235304133696019935e-01 5.969666665324650616e-03 -2.027406040134043294e-05 7.110881661612382387e-03 4.254166045371238214e-02 -4.418816409033061140e-07 2.120887872730740226e-02 5.362992153475362733e-02 1.991851016362294327e-05 5.306079076586066590e-01 4.784024277119915125e-03 1.821814732373080743e-03 1.059873583602506837e-03 4.149872114930312078e-02 2.261313484684349812e-02 2.087037554661071333e-03 2.181220602466498598e-02 2.538661324934656655e-03 7.403351557314960529e-02 2.027470863588541356e-03 3.690433195562713500e-03 1.141837012952643012e-03 4.622123764087198577e-02 1.278935317492260922e-03 2.493865970293518419e-02 1.246814052535544877e-03
4.003069127533871395e-09 3.910335314376871484e-09 8.776367055377988217e-09 -1.445956367826369329e-07 -7.524882072366784667e-07 -1.513913197997864036e-07 1.570010437054551633e-08 -7.454258752542797578e-07 -4.907778666270149408e-09 9.633707711343730248e-10 3.864378579047269221e-09 2.307217937021011425e-04 -7.565688320942632818e-10 2.199846541922630473e-06 1.583120476389936540e-02 8.439597600216249871e-07 4.784024277119915125e-03 1.287158347128399211e-03 4.461097643036459606e-04 5.549290910888032878e-05 -4.786585612984836278e-04 2.277612820623511024e-03 1.455168353150219256e-04 2.243704118450027575e-03 1.326362309937703849e-04 4.848981876863693238e-03 7.249717869468445027e-05 2.064974220413143160e-05 2.176513011756902834e-06 2.054788540396936068e-04 2.007006012724031702e-06 1.342436042144582874e-04 2.227849177379026134e-06
-5.950870560750150162e-08 -9.298918114579282746e-08 -2.087081912778775987e-07 4.553350418366602451e-06 2.305914112071834926e-05 4.046050786514897871e-06 -6.013519976966059437e-07 2.756567209727581096e-05 2.321146355680290927e-07 -2.770582605511663987e-08 -9.189764495461274810e-08 7.997029061283377361e-05 -2.904831211047156889e-10 1.494216784722810830e-06 5.503472566763279242e-03 2.927812853352806358e-07 1.821814732373080743e-03 4.461097643036459606e-04 1.550972779157383649e-04 1.931726824142898576e-05 -1.659781114386612525e-04 7.983417128787503262e-04 5.185282989948046702e-05 7.860030119095528416e-04 4.745683158052105825e-05 1.725655058518479326e-03 2.681016158670068743e-05 7.159835137411970908e-06 7.447839111508093743e-07 9.259795088886572934e-05 8.875489513890691092e-07 4.653166314232663357e-05 7.612969297816212496e-07
6.177207834498016576e-06 6.300825077912900032e-06 1.414120616524927295e-05 -1.766285961341275729e-05 -1.366928154944507476e-04 -9.350508780582361332e-05 1.171036634961253648e-06 1.759610235513165278e-05 4.727899207987544132e-06 3.053144101296508153e-07 6.226605364380620396e-06 9.521900672597930881e-06 -1.655542505535542521e-10 1.239022138872822350e-05 6.755732900044301428e-04 9.836193181685682157e-08 1.059873583602506837e-03 5.549290910888032878e-05 1.931726824142898576e-05 7.687935299306336188e-06 2.563456408264001363e-04 9.023455060997044976e-05 4.951776101149412574e-06 8.876480494425101678e-05 4.718574477276879480e-06 1.275715583631212985e-04 8.783010555366849842e-07 7.398464105189725320e-07 7.372724517342393210e-07 2.546164476616212492e-05 9.702033191552754476e-07 5.650155459150376324e-06 8.231840073380835859e-07
3.246076572105546180e-04 3.314045430012999439e-04 7.437852057564898166e-04 -9.691302102424323092e-04 -7.386285614523850455e-03 -4.943010902575149454e-03 6.704900805433764788e-05 6.655448698967316975e-04 2.458532186351097782e-04 1.627547405140221726e-05 3.275008438453595738e-04 -1.173291707758942408e-04 -6.398329633780174843e-09 6.372258275705329879e-04 -6.405634174146289730e-03 2.934452538109848332e-06 4.149872114930312078e-02 -4.786585612984836278e-04 -1.659781114386612525e-04 2.563456408264001363e-04 1.471580749084608862e-02 -1.348480882642770712e-03 -1.367275778353243556e-04 -1.330806102984102715e-03 -1.157066614385440523e-04 -6.498932650127752647e-03 -1.605970988137651748e-04 -1.641863004165537379e-05 3.294732201259290894e-05 5.865959677386323699e-04 4.373655756051952599e-05 -6.251585372609957361e-05 3.732885357304523177e-05
1.221860811988380573e-03 1.251369429000786290e-03 2.808494842031231554e-03 1.185133889346289102e-04 6.854889960489270878e-04 2.457694570544365726e-04 -2.388239079226183131e-04 2.725513719599175974e-03 2.907283694443830438e-04 1.088615348841001043e-06 1.249570429631299264e-03 2.928262742109776287e-02 -1.205545798804634233e-07 1.271889577166713950e-03 2.206150443191161672e-02 1.310991482014614327e-06 2.261313484684349812e-02 2.277612820623511024e-03 7.983417128787503262e-04 9.023455060997044976e-05 -1.348480882642770712e-03 7.064151082507292082e-03 5.418130564288543578e-04 6.664064594715742723e-03 6.202026194508669394e-04 2.013099505231604608e-02 4.553447990046196247e-04 2.601541510096110933e-03 4.050948118504112193e-04 2.618999275304472601e-02 4.002626110222131566e-04 2.281674798050582070e-02 5.208777363654198056e-04
1.293989899382889724e-04 1.325037710904010727e-04 2.973831125004485409e-04 1.901361225782675270e-05 1.103517267179903106e-04 4.004689152550828656e-05 -2.661735591505475873e-05 3.311273750914741731e-04 3.058186908498977609e-05 3.716799545905915475e-08 1.317654961207367741e-04 1.905756309201131048e-03 -8.906350024317266596e-09 1.288893720696211308e-04 1.425403929823119758e-03 5.935804289559048212e-08 2.087037554661071333e-03 1.455168353150219256e-04 5.185282989948046702e-05 4.951776101149412574e-06 -1.367275778353243556e-04 5.418130564288543578e-04 4.513629131035108857e-05 5.118504249793340592e-04 5.312396410135315349e-05 1.716878190122571573e-03 4.274562692290148906e-05 1.685272718908734980e-04 3.162453532270618768e-05 1.718513194152684019e-03 3.206928363786753410e-05 1.477763381201579410e-03 3.969609991771195633e-05
1.162836124766947199e-03 1.190932290285211682e-03 2.672848844100809453e-03 1.125891504906543507e-04 6.546331149207326033e-04 2.391023021966326694e-04 -2.274822547256321768e-04 2.641844884922793860e-03 2.766783099085329007e-04 1.034896394393621588e-06 1.176899251476181156e-03 2.802934919223529914e-02 -1.152637229845391937e-07 1.211036317583532793e-03 2.189691091902737016e-02 1.293601427337079069e-06 2.181220602466498598e-02 2.243704118450027575e-03 7.860030119095528416e-04 8.876480494425101678e-05 -1.330806102984102715e-03 6.664064594715742723e-03 5.118504249793340592e-04 6.479408677540350950e-03 5.985125121056515500e-04 1.921080764720243042e-02 4.332790620000397694e-04 2.490303763102475008e-03 3.870478184179555400e-04 2.506024841402645920e-02 3.822540648526580776e-04 1.634604531351708731e-02 4.090884313614634189e-04
1.798106191392604780e-04 1.841491010939381133e-04 4.132921059261675223e-04 1.858210761088927766e-05 1.053931317574832184e-04 3.509530052802107701e-05 -3.544632789294442367e-05 3.777270758402209955e-04 4.242906383248051686e-05 1.267343768934521155e-07 1.819793031615131462e-04 3.307992654912642830e-03 -1.447284791437844494e-08 1.817388184039942054e-04 9.646524267069433046e-04 5.395635023764947565e-08 2.538661324934656655e-03 1.326362309937703849e-04 4.745683158052105825e-05 4.718574477276879480e-06 -1.157066614385440523e-04 6.202026194508669394e-04 5.312396410135315349e-05 5.985125121056515500e-04 6.708820900649717345e-05 2.085433802935310506e-03 5.367837872992868808e-05 2.932312767304220231e-04 5.017001556426067105e-05 2.961780581443270929e-03 5.017905979522260823e-05 1.930549363925476930e-03 5.335060228224199226e-05
5.606404279261146054e-03 5.742175618545538977e-03 1.288737135621813822e-02 7.419956242479734763e-04 4.557660280456898860e-03 1.976671911475147252e-03 -1.117998036438983163e-03 1.229934055269902952e-02 1.303135112594821241e-03 1.954263606666888927e-06 5.690702224491599528e-03 7.641816376882300255e-02 -3.639550383169775011e-07 5.513681695555337596e-03 4.456186996063350725e-02 1.389138081001184930e-06 7.403351557314960529e-02 4.848981876863693238e-03 1.725655058518479326e-03 1.275715583631212985e-04 -6.498932650127752647e-03 2.013099505231604608e-02 1.716878190122571573e-03 1.921080764720243042e-02 2.085433802935310506e-03 6.686546952420284462e-02 1.707687439160579480e-03 6.751078674792169824e-03 1.312285572543534342e-03 6.812293872138441841e-02 1.327919307469741395e-03 5.182222740068513633e-02 1.521395312576119541e-03
1.725982689594173902e-04 1.767642386118910866e-04 3.967184094551669347e-04 2.494628696812501833e-05 1.490948330890566761e-04 5.964259510958073724e-05 -3.518772381175621863e-05 3.711045219823210580e-04 3.966277559105367567e-05 3.350695903364787465e-09 1.749746007842768692e-04 1.457627853370063818e-03 -8.297174066329218461e-09 1.645850254827840387e-04 6.232613102376831533e-04 -1.352439841621333936e-08 2.027470863588541356e-03 7.249717869468445027e-05 2.681016158670068743e-05 8.783010555366849842e-07 -1.605970988137651748e-04 4.553447990046196247e-04 4.274562692290148906e-05 4.332790620000397694e-04 5.367837872992868808e-05 1.707687439160579480e-03 4.750116261289940802e-05 1.277388383764686602e-04 3.195747270966701580e-05 1.306399451663283135e-03 3.314657886317623503e-05 9.836642816997943298e-04 3.672674974555028486e-05
-2.320472238320861016e-05 -2.377000051043806744e-05 -5.336863585706039264e-05 5.604520714138372835e-07 4.210335052618176336e-06 2.757778464898343558e-06 4.399308958994985942e-06 -1.400819290093160247e-05 -5.092971655778885307e-06 -2.598474406704856239e-08 -2.349908702510634570e-05 7.813953642853024850e-02 -2.545699145320650047e-07 3.307507096770886230e-04 -1.614180162122258455e-02 5.897505159937212782e-07 3.690433195562713500e-03 2.064974220413143160e-05 7.159835137411970908e-06 7.398464105189725320e-07 -1.641863004165537379e-05 2.601541510096110933e-03 1.685272718908734980e-04 2.490303763102475008e-03 2.932312767304220231e-04 6.751078674792169824e-03 1.277388383764686602e-04 6.994051841414756707e-03 7.345547427136369040e-04 6.986229553762973721e-02 6.801724732026078954e-04 4.546049029007393633e-02 7.515365844599676418e-04
9.820137550705732368e-05 1.006335786968371918e-04 2.258535526879705112e-04 -2.345910776016950800e-06 -1.764982765021743771e-05 -1.158689868580643653e-05 -1.912656353614424192e-05 5.923427997122826435e-05 2.172973515273224655e-05 9.290260409336115032e-08 9.944702922066398637e-05 8.224420790716981122e-03 -2.879455229367336731e-08 1.228770790912230145e-04 -1.715964174083939916e-03 3.855202350176073592e-08 1.141837012952643012e-03 2.176513011756902834e-06 7.447839111508093743e-07 7.372724517342393210e-07 3.294732201259290894e-05 4.050948118504112193e-04 3.162453532270618768e-05 3.870478184179555400e-04 5.017001556426067105e-05 1.312285572543534342e-03 3.195747270966701580e-05 7.345547427136369040e-04 8.793835198718929775e-05 7.313289124458998390e-03 8.310089668348756651e-05 4.788185906047737195e-03 9.109656785210393118e-05
-4.378404636940367765e-04 -4.674558508731274653e-04 -1.049128992448259941e-03 1.592059830104662036e-04 6.915051432648264620e-04 -4.751364320084249226e-05 5.293305866924047571e-05 1.527542877943125973e-03 -7.881832869457706644e-05 -5.048771533865418453e-07 -4.619487288401941463e-04 7.804817404197196273e-01 -2.540069662971033381e-06 3.142444688877541262e-03 -1.632187274203930338e-01 6.163597185820159141e-06 4.622123764087198577e-02 2.054788540396936068e-04 9.259795088886572934e-05 2.546164476616212492e-05 5.865959677386323699e-04 2.618999275304472601e-02 1.718513194152684019e-03 2.506024841402645920e-02 2.961780581443270929e-03 6.812293872138441841e-02 1.306399451663283135e-03 6.986229553762973721e-02 7.313289124458998390e-03 7.105420353585336635e-01 6.888098347678449883e-03 4.541065997491804951e-01 7.480510199104302600e-03
1.067057235779167565e-04 1.091694250636018003e-04 2.450129972490416104e-04 -1.138751597284728086e-06 -1.336968482340784783e-05 -1.353335694588281150e-05 -2.107614762874027300e-05 8.136087121944725927e-05 2.377820338326154146e-05 1.005447154820817641e-07 1.078832473825667261e-04 7.618284584073094917e-03 -2.699895929160603355e-08 1.277766738401590906e-04 -1.611388254698607530e-03 3.416306171788067467e-08 1.278935317492260922e-03 2.007006012724031702e-06 8.875489513890691092e-07 9.702033191552754476e-07 4.373655756051952599e-05 4.002626110222131566e-04 3.206928363786753410e-05 3.822540648526580776e-04 5.017905979522260823e-05 1.327919307469741395e-03 3.314657886317623503e-05 6.801724732026078954e-04 8.310089668348756651e-05 6.888098347678449883e-03 7.989522048519784151e-05 4.436199953981365303e-03 8.624463484771561236e-05
-2.345152827696476833e-05 -2.403213786325576718e-05 -5.393622092193173576e-05 5.603749473986264434e-07 4.215917531870626956e-06 2.767549067243161540e-06 4.564744944361543393e-06 -1.414604380530121692e-05 -5.188291605003831856e-06 -2.228272926998658840e-08 3.331784400407897229e-04 5.079200433093676859e-01 -1.657244800884989635e-06 2.260832627400711625e-03 -1.049553938646718143e-01 3.805846890126035641e-06 2.493865970293518419e-02 1.342436042144582874e-04 4.653166314232663357e-05 5.650155459150376324e-06 -6.251585372609957361e-05 2.281674798050582070e-02 1.477763381201579410e-03 1.634604531351708731e-02 1.930549363925476930e-03 5.182222740068513633e-02 9.836642816997943298e-04 4.546049029007393633e-02 4.788185906047737195e-03 4.541065997491804951e-01 4.436199953981365303e-03 4.538279237792929854e-01 7.454154143141321007e-03
1.109636379079474407e-04 1.137108598006456050e-04 2.552055123155629046e-04 -2.651479358461647168e-06 -1.994810502976463612e-05 -1.309498086869823513e-05 -2.159862245055157355e-05 6.693365399596884827e-05 2.454900611654483328e-05 1.054333295149618504e-07 1.181339209306437715e-04 8.416410172509153700e-03 -2.967426890319147084e-08 1.348976609428866903e-04 -1.757941974011147188e-03 3.703966405061166607e-08 1.246814052535544877e-03 2.227849177379026134e-06 7.612969297816212496e-07 8.231840073380835859e-07 3.732885357304523177e-05 5.208777363654198056e-04 3.969609991771195633e-05 4.090884313614634189e-04 5.335060228224199226e-05 1.521395312576119541e-03 3.672674974555028486e-05 7.515365844599676418e-04 9.109656785210393118e-05 7.480510199104302600e-03 8.624463484771561236e-05 7.454154143141321007e-03 1.357062335157652416e-04
