theo_error.scale_from_amplitudes = yes
scaling_form = 1
eft_nu = 3.0
eft_C = 2.1603
residual_list.load = no
residual_list.load.prefix = NLOsim-500-125.theo
eft_C = 3.47553797066211700
eft_C = 2.96084247529506683
