theo_error.scale_from_amplitudes = yes
scaling_form = 1
eft_nu = 3.0
eft_C = 2.1603
residual_list.load = no
residual_list.load.prefix = NLOsim-600-125.theo
eft_C = 8.85290853679180145
eft_C = 5.49511291086673737
eft_C = 6.32756717503070831
eft_C = 5.10735459625720978
eft_C = 4.98766250908374786
