3.064890179959018463e-05 3.187312610674157001e-05 1.542228713876579954e-04 -2.369535972383791450e-08 -1.689790509591155990e-05 -1.439990296647681003e-05 -2.610166614158045410e-05 6.980591475108786535e-05 3.307402722534081939e-05 1.421940357923854029e-07 3.124374891947227388e-05 -1.673445518299438437e-05 -3.249178318230576405e-09 1.659122198267175589e-04 -2.676791575500510047e-05 -3.930596409396544432e-08 1.289877054459501182e-03 7.464354043990014440e-10 3.124157724804434436e-09 1.085587672061997300e-06 5.665798085881273332e-05 1.645052237430688429e-04 1.632173827417806715e-05 1.578302447445154781e-04 2.308213786301963874e-05 7.915562346926890112e-04 2.350114300139196852e-05 -4.141481986654382664e-06 1.751655304825373472e-05 -7.199939726095076515e-05 1.908604687448563648e-05 -4.224046894262704501e-06 1.981622649131776077e-05
3.187312610674157001e-05 3.315521196529342481e-05 1.604262315146702262e-04 -6.526132913837145464e-08 -1.791188834518699772e-05 -1.490829269245394975e-05 -2.712740065937318455e-05 7.156889364428129917e-05 3.438918471771498613e-05 1.480806475811326863e-07 3.250047708515564626e-05 -1.735024466092837281e-05 -3.378553643350339730e-09 1.725546531441920258e-04 -2.617144190418441201e-05 -4.104725206044825927e-08 1.332604292792978267e-03 6.712818301770016236e-10 -1.484352490054842690e-08 1.115235647344998172e-06 5.837545318705034857e-05 1.706861546521174454e-04 1.692368677567243770e-05 1.637708313250409370e-04 2.394919451542793531e-05 8.215143520045413688e-04 2.438357601551266894e-05 -4.302949480557312786e-06 1.822165734562274892e-05 -8.545628735109038086e-05 1.975251892081167208e-05 -4.393952199764847581e-06 2.061330145288484475e-05
1.542228713876579954e-04 1.604262315146702262e-04 7.762462351144540232e-04 -3.158027241144338769e-07 -8.667023231350230630e-05 -7.213653551640039087e-05 -1.312562670333884077e-04 3.462971964769870998e-04 1.663957639959310350e-04 7.166808108036689989e-07 1.572584030590324299e-04 -8.422887636796564422e-05 -1.634652304716142226e-08 8.349264592862146867e-04 -1.266350687604447898e-04 -1.986025683079721166e-07 6.447972518002709902e-03 3.248407789356790800e-09 -7.183354555549301837e-08 5.396269209048752585e-06 2.824602779304102428e-04 8.258904805679136108e-04 8.188776616773071025e-05 7.924234191265298139e-04 1.158810815196628028e-04 3.975011180045611749e-03 1.179834040984601502e-04 -2.084527726406563725e-05 8.816563542781249334e-05 -4.134935343649735686e-04 9.557550193979013893e-05 -2.126079270289682981e-05 9.974053180086048644e-05
-2.369535972383791450e-08 -6.526132913837145464e-08 -3.158027241144338769e-07 2.454860922078045096e-06 3.191808354190654859e-05 5.838247109114134261e-06 -1.112007974813312803e-06 4.342358724855267029e-05 3.837700072042547692e-07 -7.540833372879330165e-08 -6.397793616172193432e-08 1.277341729277697317e-08 -6.038401316010268065e-11 1.408827421648363287e-06 3.754206452801318931e-05 -4.690869683900625368e-10 3.706566315105130687e-04 -3.230908472660799870e-08 1.071242103490848771e-06 7.938826519689769657e-08 -5.978724458629799095e-06 1.643581947870068511e-05 2.708279980588432712e-06 1.531795924343851508e-05 2.684697675695181998e-06 8.515530517214030498e-05 3.299278112260454711e-06 9.136006954566074650e-09 -3.580082591776778647e-08 4.824678589340031606e-05 4.219818794858947434e-07 8.649595898326348849e-09 -4.057775770430283967e-08
-1.689790509591155990e-05 -1.791188834518699772e-05 -8.667023231350230630e-05 3.191808354190654859e-05 1.582863794026851756e-03 1.085648273636837186e-03 -2.933700007095959273e-05 4.432651787814460061e-04 -5.755595325039588250e-05 -5.856564111172003497e-06 -1.755837479117327248e-05 6.741760052071576735e-06 1.086934309715277462e-09 -2.014404959478253109e-04 6.372877003441383128e-04 -9.101354405915726789e-07 -6.447064586474084320e-03 -4.292029380354766734e-07 1.298767426585984888e-05 -7.544273723820426876e-05 -4.062217618016839872e-03 -1.923597686612542681e-05 2.145757090698375793e-05 -1.578849185432592303e-05 6.865432102186559148e-06 2.129965563834289853e-04 2.431322670644361201e-05 2.349840642079252402e-06 -9.841638949701910448e-06 4.420778609814568407e-04 -6.876230338231744039e-06 2.373831600486523339e-06 -1.113633106507648785e-05
-1.439990296647681003e-05 -1.490829269245394975e-05 -7.213653551640039087e-05 5.838247109114134261e-06 1.085648273636837186e-03 8.869097718046109599e-04 -1.550916419069633435e-05 -1.619723434654603172e-06 -5.316451354987400727e-05 -4.395233285745018214e-06 -1.461401790354283420e-05 5.715754101416767129e-06 1.474955531261305247e-09 -1.866536214125298621e-04 2.183244406099249752e-04 -7.827450016756528927e-07 -8.859371639735429127e-03 -7.615773975376787554e-08 1.737301885763550473e-06 -6.593141633819341583e-05 -3.459221853270002568e-03 -1.622908873316950386e-04 -5.451208852283218944e-06 -1.494024466730350974e-04 -1.785861007327078543e-05 -5.705669827805691634e-04 -8.220936064077713463e-06 1.950710872890753256e-06 -8.191825132020408594e-06 -4.527268972920766340e-05 -9.684135369072338344e-06 1.975764723231628185e-06 -9.268884136510125110e-06
-2.610166614158045410e-05 -2.712740065937318455e-05 -1.312562670333884077e-04 -1.112007974813312803e-06 -2.933700007095959273e-05 -1.550916419069633435e-05 2.441240298355763067e-04 -5.806127034391327660e-05 -7.723216796383548929e-05 3.341137622929724931e-06 -2.659098364852889584e-05 1.704965412158369667e-05 1.350086670993323821e-08 -8.725597308073174585e-05 -8.028374524368558002e-06 9.922871903832166820e-07 -1.453124417285355224e-03 1.249729424404635563e-08 -4.740288991730193901e-07 9.382744555578691977e-07 5.347307203473554530e-05 -1.289449342565378591e-04 -1.394178392284649507e-05 -1.239909515272154565e-04 -1.859744180447443887e-05 -6.290180061527300866e-04 -1.981205454972965175e-05 3.431548413099544430e-06 -1.491766913818002837e-05 4.041209131145357520e-05 -1.644379330389083468e-05 3.595009106823555829e-06 -1.686522817617951809e-05
6.980591475108786535e-05 7.156889364428129917e-05 3.462971964769870998e-04 4.342358724855267029e-05 4.432651787814460061e-04 -1.619723434654603172e-06 -5.806127034391327660e-05 3.033009391781182548e-02 -7.618709490566750672e-05 -5.657674460786647283e-06 7.015575939477700952e-05 -4.216350329959140498e-05 -2.333077310673885622e-09 -1.354754976025707744e-04 8.421343618791014710e-04 -1.727277211799171602e-07 8.503261543424674163e-02 -5.185301521970164693e-07 1.906423940263785640e-05 9.350552243543080652e-06 3.081343314052819617e-04 1.375875290012019535e-03 1.651592397979567554e-04 1.344736743755229951e-03 1.770947663233747474e-04 6.464479509320929587e-03 1.866006063121997019e-04 -9.310419934196312100e-06 3.933111547132736482e-05 1.052181552054150563e-03 5.449202552025816086e-05 -9.484816253794999501e-06 4.449601811295252600e-05
3.307402722534081939e-05 3.438918471771498613e-05 1.663957639959310350e-04 3.837700072042547692e-07 -5.755595325039588250e-05 -5.316451354987400727e-05 -7.723216796383548929e-05 -7.618709490566750672e-05 2.574393312737096218e-04 7.652570526391313369e-06 3.370983450622413167e-05 -1.225659974096529739e-05 -1.281340874550305651e-08 8.827912828028019673e-04 -4.222173818570016258e-05 8.411878385379647294e-08 5.524374037539799692e-03 -4.560760990254869589e-09 2.178433595387786053e-07 4.108073065536365528e-06 2.124567191085821702e-04 2.136521366172745612e-04 2.085280703705751573e-05 2.047756906523309295e-04 2.915700365891510902e-05 1.009830129488896574e-03 2.877728788193021766e-05 -4.432346836886876495e-06 1.890287456496610752e-05 -7.030521115429608659e-05 2.066323340913661812e-05 -4.557453144242393995e-06 2.138033170353223104e-05
1.421940357923854029e-07 1.480806475811326863e-07 7.166808108036689989e-07 -7.540833372879330165e-08 -5.856564111172003497e-06 -4.395233285745018214e-06 3.341137622929724931e-06 -5.657674460786647283e-06 7.652570526391313369e-06 1.839982491360056209e-06 1.451911451698339336e-07 5.040284527891234657e-07 -2.223882707125839834e-11 -1.471562958159565879e-06 -3.742712531591456430e-06 -1.833709378488046600e-08 8.382679035251301637e-06 1.031745000746601990e-09 -2.897872249479373201e-08 3.168618667510358833e-07 1.681978331212805774e-05 2.591004991090878853e-06 1.608206052697280114e-07 2.471063430825914352e-06 2.849479743647125645e-07 1.072804784344998926e-05 1.844685831256563898e-07 -2.353553546830033023e-08 8.095596654283123810e-08 -6.212601952739764183e-07 8.594576397912869625e-08 -1.962934113123285545e-08 9.208692031919284881e-08
3.124374891947227388e-05 3.250047708515564626e-05 1.572584030590324299e-04 -6.397793616172193432e-08 -1.755837479117327248e-05 -1.461401790354283420e-05 -2.659098364852889584e-05 7.015575939477700952e-05 3.370983450622413167e-05 1.451911451698339336e-07 3.210753324461497086e-05 -1.706378464705845703e-05 -3.311614270934590945e-09 1.691463297592973522e-04 -2.565478295891782860e-05 -4.023455615334339712e-08 1.306283773473151076e-03 6.580894029888893070e-10 -1.455263568326353161e-08 1.093220990845147117e-06 5.722314676141076768e-05 1.752883387762590593e-04 1.706338529647674995e-05 1.605357112231822433e-04 2.347615099459875542e-05 8.158958823831761499e-04 2.408421683635821725e-05 -4.223009227718030427e-06 1.786132596188159870e-05 -8.376895107244276698e-05 1.936247820177928696e-05 1.937734614090491007e-04 2.343095309571807853e-05
-1.673445518299438437e-05 -1.735024466092837281e-05 -8.422887636796564422e-05 1.277341729277697317e-08 6.741760052071576735e-06 5.715754101416767129e-06 1.704965412158369667e-05 -4.216350329959140498e-05 -1.225659974096529739e-05 5.040284527891234657e-07 -1.706378464705845703e-05 4.515835714656931538e-02 -1.468760100551267647e-07 3.103954815279552984e-04 -9.134517790314700819e-03 4.281351535057210354e-07 2.261982976566183877e-03 2.527660961249798686e-05 8.795368361661916014e-06 6.800108946535089735e-07 -3.508462007849095946e-05 1.640569911724964764e-03 9.685046005225454778e-05 1.578037045531449070e-03 1.662932809373833304e-04 4.438544373613191596e-03 7.618827145938637856e-05 4.040649361740577920e-03 4.305181578873381459e-04 4.015100934196209198e-02 3.981462502063207154e-04 2.621353949814017939e-02 4.401387468671454062e-04
-3.249178318230576405e-09 -3.378553643350339730e-09 -1.634652304716142226e-08 -6.038401316010268065e-11 1.086934309715277462e-09 1.474955531261305247e-09 1.350086670993323821e-08 -2.333077310673885622e-09 -1.281340874550305651e-08 -2.223882707125839834e-11 -3.311614270934590945e-09 -1.468760100551267647e-07 1.587469773767702201e-12 -4.187580794219349758e-08 3.187956409524471065e-08 3.506282921531582206e-11 -3.064721237638593303e-07 -8.431838066720098173e-11 -5.746722536182170244e-11 -1.282769050540903602e-10 -6.197319394267295151e-09 -2.384047032125398540e-08 -2.187521929858233263e-09 -2.289141040048234036e-08 -3.130644236772161879e-09 -1.031506537990090315e-07 -2.890463314313774631e-09 -1.285736222584336257e-08 -3.305574922120904106e-09 -1.251230126235844037e-07 -3.374753859399823374e-09 -8.581968915637450480e-08 -3.584599807740881642e-09
1.659122198267175589e-04 1.725546531441920258e-04 8.349264592862146867e-04 1.408827421648363287e-06 -2.014404959478253109e-04 -1.866536214125298621e-04 -8.725597308073174585e-05 -1.354754976025707744e-04 8.827912828028019673e-04 -1.471562958159565879e-06 1.691463297592973522e-04 3.103954815279552984e-04 -4.187580794219349758e-08 4.025735322441346097e-03 -2.378111190061572952e-04 2.167224390946036213e-06 2.392108420826341217e-02 8.004237953102811044e-07 1.076277605045599325e-06 1.447218237915103512e-05 7.459154842556261480e-04 1.036424983835653119e-03 1.010536628605462200e-04 9.934653987148447940e-04 1.422133029395738460e-04 4.902091793633660440e-03 1.410498593782439118e-04 1.208153228532219649e-05 9.859008521998238685e-05 -6.461359227175224448e-05 1.066497042649607767e-04 2.006478321902306584e-04 1.111259685818535202e-04
-2.676791575500510047e-05 -2.617144190418441201e-05 -1.266350687604447898e-04 3.754206452801318931e-05 6.372877003441383128e-04 2.183244406099249752e-04 -8.028374524368558002e-06 8.421343618791014710e-04 -4.222173818570016258e-05 -3.742712531591456430e-06 -2.565478295891782860e-05 -9.134517790314700819e-03 3.187956409524471065e-08 -2.378111190061572952e-04 4.549269916770205813e-02 2.045857505350009346e-06 1.522623107642156852e-02 3.413168744711543579e-03 1.204052349869517632e-03 1.404997516911857345e-04 -2.226007229423519578e-03 6.097682868940077112e-03 3.882067004540883841e-04 6.004956995104372697e-03 3.371241161438977827e-04 1.373612549057824650e-02 2.145768908440162713e-04 -8.147256056695302388e-04 -1.035465199588467451e-04 -1.005489649376611547e-02 -1.175217997963712909e-04 -5.315890139424095731e-03 -1.077904284676561945e-04
-3.930596409396544432e-08 -4.104725206044825927e-08 -1.986025683079721166e-07 -4.690869683900625368e-10 -9.101354405915726789e-07 -7.827450016756528927e-07 9.922871903832166820e-07 -1.727277211799171602e-07 8.411878385379647294e-08 -1.833709378488046600e-08 -4.023455615334339712e-08 4.281351535057210354e-07 3.506282921531582206e-11 2.167224390946036213e-06 2.045857505350009346e-06 6.891205310337310421e-09 1.604245797483522652e-05 1.823081623391811344e-07 6.395431125498805353e-08 6.714649837841042513e-08 2.998591636152753198e-06 3.568035887761747346e-07 1.194714603283567020e-08 3.430718509516291300e-07 1.544167310320496117e-08 6.140317787426018755e-07 -3.831389325189406300e-09 4.023623568078120074e-08 -1.875182607891626526e-08 6.429252564778567577e-07 -1.909492579542843689e-08 2.341159079827795693e-07 -2.158425977716481562e-08
1.289877054459501182e-03 1.332604292792978267e-03 6.447972518002709902e-03 3.706566315105130687e-04 -6.447064586474084320e-03 -8.859371639735429127e-03 -1.453124417285355224e-03 8.503261543424674163e-02 5.524374037539799692e-03 8.382679035251301637e-06 1.306283773473151076e-03 2.261982976566183877e-03 -3.064721237638593303e-07 2.392108420826341217e-02 1.522623107642156852e-02 1.604245797483522652e-05 5.030329177316783529e-01 9.715618624205776778e-04 5.105581400197612340e-04 7.922826510064616846e-04 3.708070260028664689e-02 1.507930543780893091e-02 1.523052145480272793e-03 1.445950124271840054e-02 1.900370759382990268e-03 6.562780090109943121e-02 1.858854719092723580e-03 8.454944811262111299e-05 7.604386250657648805e-04 9.968460196927569905e-03 9.239137844895082413e-04 1.493680374591268862e-03 8.572424913805112888e-04
7.464354043990014440e-10 6.712818301770016236e-10 3.248407789356790800e-09 -3.230908472660799870e-08 -4.292029380354766734e-07 -7.615773975376787554e-08 1.249729424404635563e-08 -5.185301521970164693e-07 -4.560760990254869589e-09 1.031745000746601990e-09 6.580894029888893070e-10 2.527660961249798686e-05 -8.431838066720098173e-11 8.004237953102811044e-07 3.413168744711543579e-03 1.823081623391811344e-07 9.715618624205776778e-04 2.757548185135778418e-04 9.593467103507728321e-05 1.203940935428221796e-05 -1.312322311435041916e-04 5.150934668301490778e-04 3.095143087341273660e-05 5.071536252502117275e-04 2.875824339201374911e-05 1.145695193041441949e-03 1.635997335290910687e-05 2.260657922559633240e-06 2.467559022072624817e-07 2.258020852213278218e-05 2.292594029910484841e-07 1.469896300938741018e-05 2.533129706829435114e-07
3.124157724804434436e-09 -1.484352490054842690e-08 -7.183354555549301837e-08 1.071242103490848771e-06 1.298767426585984888e-05 1.737301885763550473e-06 -4.740288991730193901e-07 1.906423940263785640e-05 2.178433595387786053e-07 -2.897872249479373201e-08 -1.455263568326353161e-08 8.795368361661916014e-06 -5.746722536182170244e-11 1.076277605045599325e-06 1.204052349869517632e-03 6.395431125498805353e-08 5.105581400197612340e-04 9.593467103507728321e-05 3.385367397189039816e-05 4.285612178736110613e-06 -4.509682542996126949e-05 1.866627089889153022e-04 1.197501910452150925e-05 1.833925901267725032e-04 1.121297712249092999e-05 4.369204269395794856e-04 7.162464641122729557e-06 7.888348827291722082e-07 7.760048733537565427e-08 2.927232569980649080e-05 2.756923400144803662e-07 5.116513740523603927e-06 7.876525599471175469e-08
1.085587672061997300e-06 1.115235647344998172e-06 5.396269209048752585e-06 7.938826519689769657e-08 -7.544273723820426876e-05 -6.593141633819341583e-05 9.382744555578691977e-07 9.350552243543080652e-06 4.108073065536365528e-06 3.168618667510358833e-07 1.093220990845147117e-06 6.800108946535089735e-07 -1.282769050540903602e-10 1.447218237915103512e-05 1.404997516911857345e-04 6.714649837841042513e-08 7.922826510064616846e-04 1.203940935428221796e-05 4.285612178736110613e-06 5.536346200105186801e-06 2.549775386385508442e-04 3.828805760712917367e-05 2.341704813474820360e-06 3.672691838268199601e-05 3.180732518799122967e-06 1.114016321021492410e-04 2.040430082953611762e-06 -4.650346326436314680e-08 6.236351506137958346e-07 1.469767599066019045e-05 8.333984137618798766e-07 4.978027657222779067e-07 7.044786902654550221e-07
5.665798085881273332e-05 5.837545318705034857e-05 2.824602779304102428e-04 -5.978724458629799095e-06 -4.062217618016839872e-03 -3.459221853270002568e-03 5.347307203473554530e-05 3.081343314052819617e-04 2.124567191085821702e-04 1.681978331212805774e-05 5.722314676141076768e-05 -3.508462007849095946e-05 -6.197319394267295151e-09 7.459154842556261480e-04 -2.226007229423519578e-03 2.998591636152753198e-06 3.708070260028664689e-02 -1.312322311435041916e-04 -4.509682542996126949e-05 2.549775386385508442e-04 1.367266713147610203e-02 5.091304117095817906e-04 2.557103060943121517e-05 4.542919321973339780e-04 7.540388364821861225e-05 2.296645414185208636e-03 4.754739466422600697e-05 -8.762746521758925069e-06 3.195361644963713564e-05 5.024559437340597170e-04 4.103001429949547834e-05 -1.507446316634783646e-05 3.616730768325401179e-05
1.645052237430688429e-04 1.706861546521174454e-04 8.258904805679136108e-04 1.643581947870068511e-05 -1.923597686612542681e-05 -1.622908873316950386e-04 -1.289449342565378591e-04 1.375875290012019535e-03 2.136521366172745612e-04 2.591004991090878853e-06 1.752883387762590593e-04 1.640569911724964764e-03 -2.384047032125398540e-08 1.036424983835653119e-03 6.097682868940077112e-03 3.568035887761747346e-07 1.507930543780893091e-02 5.150934668301490778e-04 1.866627089889153022e-04 3.828805760712917367e-05 5.091304117095817906e-04 2.318867925190739622e-03 1.861042045376596829e-04 2.000375507602010754e-03 2.071534439735505371e-04 7.654699841169208124e-03 1.914915244734134974e-04 1.324566043152626332e-04 1.106570737872792596e-04 1.614902379795114720e-03 1.223063476510502859e-04 7.336358011389302984e-03 2.268437461034259047e-04
1.632173827417806715e-05 1.692368677567243770e-05 8.188776616773071025e-05 2.708279980588432712e-06 2.145757090698375793e-05 -5.451208852283218944e-06 -1.394178392284649507e-05 1.651592397979567554e-04 2.085280703705751573e-05 1.608206052697280114e-07 1.706338529647674995e-05 9.685046005225454778e-05 -2.187521929858233263e-09 1.010536628605462200e-04 3.882067004540883841e-04 1.194714603283567020e-08 1.523052145480272793e-03 3.095143087341273660e-05 1.197501910452150925e-05 2.341704813474820360e-06 2.557103060943121517e-05 1.861042045376596829e-04 1.662585067876194716e-05 1.649867798988080732e-04 1.927534500002826517e-05 6.900102801249244659e-04 1.887313042200272682e-05 7.250901744413166450e-06 1.033066329994276037e-05 1.150051290929007309e-04 1.165927980392246802e-05 4.367667882038674620e-04 1.772560932089261104e-05
1.578302447445154781e-04 1.637708313250409370e-04 7.924234191265298139e-04 1.531795924343851508e-05 -1.578849185432592303e-05 -1.494024466730350974e-04 -1.239909515272154565e-04 1.344736743755229951e-03 2.047756906523309295e-04 2.471063430825914352e-06 1.605357112231822433e-04 1.578037045531449070e-03 -2.289141040048234036e-08 9.934653987148447940e-04 6.004956995104372697e-03 3.430718509516291300e-07 1.445950124271840054e-02 5.071536252502117275e-04 1.833925901267725032e-04 3.672691838268199601e-05 4.542919321973339780e-04 2.000375507602010754e-03 1.649867798988080732e-04 1.940162098270659021e-03 1.995877253865151624e-04 7.056231107652823770e-03 1.783244552234582625e-04 1.274434561822621644e-04 1.062107469109025538e-04 1.540546818788528140e-03 1.172658648902208801e-04 9.442490864430624301e-04 1.184382667037255039e-04
2.308213786301963874e-05 2.394919451542793531e-05 1.158810815196628028e-04 2.684697675695181998e-06 6.865432102186559148e-06 -1.785861007327078543e-05 -1.859744180447443887e-05 1.770947663233747474e-04 2.915700365891510902e-05 2.849479743647125645e-07 2.347615099459875542e-05 1.662932809373833304e-04 -3.130644236772161879e-09 1.422133029395738460e-04 3.371241161438977827e-04 1.544167310320496117e-08 1.900370759382990268e-03 2.875824339201374911e-05 1.121297712249092999e-05 3.180732518799122967e-06 7.540388364821861225e-05 2.071534439735505371e-04 1.927534500002826517e-05 1.995877253865151624e-04 2.456182637004116642e-05 8.471546207126413614e-04 2.375937251461683727e-05 1.287380140729415422e-05 1.490381470611644937e-05 1.699951715868506456e-04 1.658434731025602382e-05 1.006519403926263006e-04 1.667596977655243630e-05
7.915562346926890112e-04 8.215143520045413688e-04 3.975011180045611749e-03 8.515530517214030498e-05 2.129965563834289853e-04 -5.705669827805691634e-04 -6.290180061527300866e-04 6.464479509320929587e-03 1.009830129488896574e-03 1.072804784344998926e-05 8.158958823831761499e-04 4.438544373613191596e-03 -1.031506537990090315e-07 4.902091793633660440e-03 1.373612549057824650e-02 6.140317787426018755e-07 6.562780090109943121e-02 1.145695193041441949e-03 4.369204269395794856e-04 1.114016321021492410e-04 2.296645414185208636e-03 7.654699841169208124e-03 6.900102801249244659e-04 7.056231107652823770e-03 8.471546207126413614e-04 2.983553516875322997e-02 8.215961554026475228e-04 3.283370154277276691e-04 4.988957835434112108e-04 4.439103770099487450e-03 5.548651468414297298e-04 1.117022139547454648e-02 6.969840486758109880e-04
2.350114300139196852e-05 2.438357601551266894e-05 1.179834040984601502e-04 3.299278112260454711e-06 2.431322670644361201e-05 -8.220936064077713463e-06 -1.981205454972965175e-05 1.866006063121997019e-04 2.877728788193021766e-05 1.844685831256563898e-07 2.408421683635821725e-05 7.618827145938637856e-05 -2.890463314313774631e-09 1.410498593782439118e-04 2.145768908440162713e-04 -3.831389325189406300e-09 1.858854719092723580e-03 1.635997335290910687e-05 7.162464641122729557e-06 2.040430082953611762e-06 4.754739466422600697e-05 1.914915244734134974e-04 1.887313042200272682e-05 1.783244552234582625e-04 2.375937251461683727e-05 8.215961554026475228e-04 2.407146757045550186e-05 4.783241379173461834e-06 1.426706915994208676e-05 9.070097404276718819e-05 1.604599013748442946e-05 1.935860009555140284e-04 1.841170474282272722e-05
-4.141481986654382664e-06 -4.302949480557312786e-06 -2.084527726406563725e-05 9.136006954566074650e-09 2.349840642079252402e-06 1.950710872890753256e-06 3.431548413099544430e-06 -9.310419934196312100e-06 -4.432346836886876495e-06 -2.353553546830033023e-08 -4.223009227718030427e-06 4.040649361740577920e-03 -1.285736222584336257e-08 1.208153228532219649e-05 -8.147256056695302388e-04 4.023623568078120074e-08 8.454944811262111299e-05 2.260657922559633240e-06 7.888348827291722082e-07 -4.650346326436314680e-08 -8.762746521758925069e-06 1.324566043152626332e-04 7.250901744413166450e-06 1.274434561822621644e-04 1.287380140729415422e-05 3.283370154277276691e-04 4.783241379173461834e-06 3.617773455127850247e-04 3.699622418663159627e-05 3.598450199469610533e-03 3.397374101925832590e-05 2.345056267082084624e-03 3.765818622290868669e-05
1.751655304825373472e-05 1.822165734562274892e-05 8.816563542781249334e-05 -3.580082591776778647e-08 -9.841638949701910448e-06 -8.191825132020408594e-06 -1.491766913818002837e-05 3.933111547132736482e-05 1.890287456496610752e-05 8.095596654283123810e-08 1.786132596188159870e-05 4.305181578873381459e-04 -3.305574922120904106e-09 9.859008521998238685e-05 -1.035465199588467451e-04 -1.875182607891626526e-08 7.604386250657648805e-04 2.467559022072624817e-07 7.760048733537565427e-08 6.236351506137958346e-07 3.195361644963713564e-05 1.106570737872792596e-04 1.033066329994276037e-05 1.062107469109025538e-04 1.490381470611644937e-05 4.988957835434112108e-04 1.426706915994208676e-05 3.699622418663159627e-05 1.430351142438918144e-05 3.440016029932917207e-04 1.483775197559669026e-05 2.530983701083854486e-04 1.572455260691414379e-05
-7.199939726095076515e-05 -8.545628735109038086e-05 -4.134935343649735686e-04 4.824678589340031606e-05 4.420778609814568407e-04 -4.527268972920766340e-05 4.041209131145357520e-05 1.052181552054150563e-03 -7.030521115429608659e-05 -6.212601952739764183e-07 -8.376895107244276698e-05 4.015100934196209198e-02 -1.251230126235844037e-07 -6.461359227175224448e-05 -1.005489649376611547e-02 6.429252564778567577e-07 9.968460196927569905e-03 2.258020852213278218e-05 2.927232569980649080e-05 1.469767599066019045e-05 5.024559437340597170e-04 1.614902379795114720e-03 1.150051290929007309e-04 1.540546818788528140e-03 1.699951715868506456e-04 4.439103770099487450e-03 9.070097404276718819e-05 3.598450199469610533e-03 3.440016029932917207e-04 4.841986471187153390e-02 4.325330976503825994e-04 2.333527692272628282e-02 3.481559024617812519e-04
1.908604687448563648e-05 1.975251892081167208e-05 9.557550193979013893e-05 4.219818794858947434e-07 -6.876230338231744039e-06 -9.684135369072338344e-06 -1.644379330389083468e-05 5.449202552025816086e-05 2.066323340913661812e-05 8.594576397912869625e-08 1.936247820177928696e-05 3.981462502063207154e-04 -3.374753859399823374e-09 1.066497042649607767e-04 -1.175217997963712909e-04 -1.909492579542843689e-08 9.239137844895082413e-04 2.292594029910484841e-07 2.756923400144803662e-07 8.333984137618798766e-07 4.103001429949547834e-05 1.223063476510502859e-04 1.165927980392246802e-05 1.172658648902208801e-04 1.658434731025602382e-05 5.548651468414297298e-04 1.604599013748442946e-05 3.397374101925832590e-05 1.483775197559669026e-05 4.325330976503825994e-04 1.662012750687872294e-05 2.349575605395641130e-04 1.636803368917067158e-05
-4.224046894262704501e-06 -4.393952199764847581e-06 -2.126079270289682981e-05 8.649595898326348849e-09 2.373831600486523339e-06 1.975764723231628185e-06 3.595009106823555829e-06 -9.484816253794999501e-06 -4.557453144242393995e-06 -1.962934113123285545e-08 1.937734614090491007e-04 2.621353949814017939e-02 -8.581968915637450480e-08 2.006478321902306584e-04 -5.315890139424095731e-03 2.341159079827795693e-07 1.493680374591268862e-03 1.469896300938741018e-05 5.116513740523603927e-06 4.978027657222779067e-07 -1.507446316634783646e-05 7.336358011389302984e-03 4.367667882038674620e-04 9.442490864430624301e-04 1.006519403926263006e-04 1.117022139547454648e-02 1.935860009555140284e-04 2.345056267082084624e-03 2.530983701083854486e-04 2.333527692272628282e-02 2.349575605395641130e-04 1.732050427560279937e-01 2.828722489101571837e-03
1.981622649131776077e-05 2.061330145288484475e-05 9.974053180086048644e-05 -4.057775770430283967e-08 -1.113633106507648785e-05 -9.268884136510125110e-06 -1.686522817617951809e-05 4.449601811295252600e-05 2.138033170353223104e-05 9.208692031919284881e-08 2.343095309571807853e-05 4.401387468671454062e-04 -3.584599807740881642e-09 1.111259685818535202e-04 -1.077904284676561945e-04 -2.158425977716481562e-08 8.572424913805112888e-04 2.533129706829435114e-07 7.876525599471175469e-08 7.044786902654550221e-07 3.616730768325401179e-05 2.268437461034259047e-04 1.772560932089261104e-05 1.184382667037255039e-04 1.667596977655243630e-05 6.969840486758109880e-04 1.841170474282272722e-05 3.765818622290868669e-05 1.572455260691414379e-05 3.481559024617812519e-04 1.636803368917067158e-05 2.828722489101571837e-03 5.915582042850951099e-05
