3.787205365249506059e-06 4.028927293769099444e-06 3.604838271506123919e-05 4.549474238829192483e-07 -3.063824823067026717e-06 -4.166201658583913917e-06 -9.828851258689287501e-06 2.619775045116800143e-05 1.332228825620215720e-05 4.952627555327724383e-08 3.899074552956522631e-06 -6.116025292919739954e-06 -1.381994998292031312e-09 8.757043797270671628e-05 -1.031600766097201799e-05 -1.530736625900444112e-08 5.795644308899678809e-04 -1.930078689495364172e-10 2.816212436131211848e-08 3.816229748188191139e-07 2.369872094724520721e-05 5.044723928370495152e-05 4.919797292161403629e-06 4.868533720017172812e-05 7.004913188911032673e-06 2.460438020073497890e-04 7.200859976623858857e-06 -1.524844531553044818e-06 6.456133398364197201e-06 -2.191175939346070586e-05 7.073931507761443857e-06 -1.571526815002025552e-06 7.307321460962712903e-06
4.028927293769099444e-06 4.291407668820337409e-06 3.839668458091381037e-05 4.724107363840261062e-07 -3.471413841392732799e-06 -4.385751740452945217e-06 -1.044974584516260772e-05 2.701066943122610377e-05 1.417821661952232317e-05 5.322027614199863292e-08 4.153072190525450339e-06 -6.471213524774017344e-06 -1.470756092720675773e-09 9.323148217204843861e-05 -9.716963889351581431e-06 -1.641035807026706174e-08 6.091621792227474349e-04 -2.706487566511530333e-10 1.544032615908830141e-08 3.975424610207225339e-07 2.485027227883318177e-05 5.342269140794154487e-05 5.200604748655050905e-06 5.156634107861540474e-05 7.418199534696525970e-06 2.607233909990111401e-04 7.624613483936352269e-06 -1.620328618021521857e-06 6.877107270877289904e-06 -3.149595981347447682e-05 7.455622668284160804e-06 -1.673900876581342404e-06 7.783342722632069803e-06
3.604838271506123919e-05 3.839668458091381037e-05 3.435501068451667496e-04 4.226922585242572668e-06 -3.106106593908923748e-05 -3.924184898606376180e-05 -9.349248718518260947e-05 2.416747110279369309e-04 1.268558154273916971e-04 4.764992459592712973e-07 3.715915606682186124e-05 -5.828611215825356808e-05 -1.315780395079078199e-08 8.341680785937941652e-04 -8.694259385463808088e-05 -1.468124079132384970e-07 5.450359037425044940e-03 -2.421144381078043654e-09 1.381349347616329526e-07 3.557036050016426621e-06 2.223495822574275704e-04 4.779943700556235457e-04 4.653186574705208355e-05 4.613758039540135844e-04 6.637267068919907784e-05 2.332784567343641757e-03 6.822023153863583309e-05 -1.453224656488547500e-05 6.152855657373115187e-05 -2.818075468600500489e-04 6.670835389713182691e-05 -1.497704375454314466e-05 6.964060186857832266e-05
4.549474238829192483e-07 4.724107363840261062e-07 4.226922585242572668e-06 8.210122119909935994e-06 -5.985056779314182676e-05 -7.612224300109944066e-05 1.742471541617322949e-06 -1.270911070841209285e-05 3.464096441787047461e-06 2.849637458752170798e-07 4.571935007378466122e-07 -5.646795332115245067e-07 -8.867710712279427840e-11 2.167505526330853877e-05 -1.480009061653400327e-05 8.818579982048712505e-08 1.121665256821103651e-03 -4.931916633064428042e-09 2.910631844596476396e-07 6.906857789781513230e-06 4.314780485986169974e-04 5.557368264136795745e-05 4.475308999067071760e-06 5.186474178566074524e-05 6.470310040475944121e-06 2.875696287736339055e-04 6.835891287956602912e-06 -1.802415948181978181e-07 7.568757980534364391e-07 1.520772480042514306e-05 1.001916417918660211e-06 -1.842724052321365366e-07 8.568340600774395511e-07
-3.063824823067026717e-06 -3.471413841392732799e-06 -3.106106593908923748e-05 -5.985056779314182676e-05 6.488169038372901438e-04 5.985759624960860408e-04 -2.408389919542420815e-05 5.462170045175949486e-04 -1.907660862496583987e-05 -2.835693436830673485e-06 -3.359635097865474266e-06 3.977223754498240232e-06 -1.740643577175463712e-10 -1.281948405640110137e-04 4.686199430680760311e-04 -6.702534750020881106e-07 -4.311557445040655953e-03 -2.694757362352023542e-07 7.872362615792648160e-06 -5.129225969320218715e-05 -3.322310350054191990e-03 -3.142369025524339586e-04 -1.316974332341433973e-05 -2.940855929483077234e-04 -2.999269956586875851e-05 -1.630117545270738221e-03 -2.760727001832356597e-05 1.331524231277525471e-06 -5.561082336612721063e-06 3.449723309799871546e-04 -2.931939842068905433e-06 1.354105076289159762e-06 -6.296348868994992656e-06
-4.166201658583913917e-06 -4.385751740452945217e-06 -3.924184898606376180e-05 -7.612224300109944066e-05 5.985759624960860408e-04 7.147556348927973759e-04 -1.849413595561538699e-05 2.110196413185820954e-04 -3.084942517204130051e-05 -2.797898600844647633e-06 -4.244487082872559259e-06 5.206976119401505218e-06 6.536216983471901389e-10 -1.948414837250090910e-04 2.113759108074881883e-04 -8.232619091002148150e-07 -9.605752756919988880e-03 -1.107017677166379585e-08 -6.435839584420681967e-07 -6.423208345861709681e-05 -4.036904552370716888e-03 -4.965828192212741205e-04 -3.749683511556792741e-05 -4.636092330653459118e-04 -5.646230494391102676e-05 -2.570474094855669869e-03 -5.881474081289003232e-05 1.674770718434332149e-06 -7.026522809489964966e-06 -4.726934338301522312e-05 -8.390531974396304388e-06 1.710745761865279590e-06 -7.954664916046689773e-06
-9.828851258689287501e-06 -1.044974584516260772e-05 -9.349248718518260947e-05 1.742471541617322949e-06 -2.408389919542420815e-05 -1.849413595561538699e-05 2.340218297058297586e-04 -7.659156984990256160e-05 -9.108195874072476752e-05 4.014821424539552236e-06 -1.011235873070281453e-05 1.879289995790102351e-05 1.574387647868354294e-08 -2.528073629620377792e-04 -9.392568220710851217e-06 1.042828436391931058e-06 -1.978018088170311987e-03 1.281864110383230486e-08 -4.743246492276083453e-07 1.516262795431015495e-06 1.010511220422329195e-04 -9.819070065871685711e-05 -1.098195645528993870e-05 -9.566054554796925573e-05 -1.467815024930833669e-05 -4.747385321812277906e-04 -1.569825075031509496e-05 3.855732853747487779e-06 -1.675449139901486213e-05 4.598990536132555138e-05 -1.845158295140466762e-05 4.075798677771393090e-06 -1.895174225837717693e-05
2.619775045116800143e-05 2.701066943122610377e-05 2.416747110279369309e-04 -1.270911070841209285e-05 5.462170045175949486e-04 2.110196413185820954e-04 -7.659156984990256160e-05 3.234573786245468346e-02 -8.354215563328503487e-05 -1.232995138343188096e-05 2.614008299097555935e-05 -4.807214055130776465e-05 -3.516311804463287898e-09 -2.203374132792794524e-04 1.052844782130130238e-03 -4.042038108281641070e-07 1.012367330299923651e-01 -5.706463233853131639e-07 2.090492507905768673e-05 -1.270054376438262059e-05 -1.045548198926236037e-03 1.247503828856438846e-03 1.571302819110110096e-04 1.237680629028356212e-03 1.555487358239107632e-04 5.883907285130567447e-03 1.680025491200866632e-04 -1.021783464342956282e-05 4.328357701089083505e-05 1.173795927277673963e-03 6.023651001694929770e-05 -1.053579273974051857e-05 4.898957094484448403e-05
1.332228825620215720e-05 1.417821661952232317e-05 1.268558154273916971e-04 3.464096441787047461e-06 -1.907660862496583987e-05 -3.084942517204130051e-05 -9.108195874072476752e-05 -8.354215563328503487e-05 2.815518117404286198e-04 8.679429648829988360e-06 1.372101172297099915e-05 -1.481557852152767144e-05 -1.648424896712842201e-08 1.437611809870840193e-03 -4.457781954588783577e-05 7.126025272430706328e-08 7.208485416667312351e-03 -1.021607142520118387e-08 4.135117773327232128e-07 2.886847989643948702e-06 1.769117017546531674e-04 2.306052389067628542e-04 2.222453751464552795e-05 2.221030433811951995e-04 3.075324978455549514e-05 1.116808361764730318e-03 3.102417182197278044e-05 -5.325855733407013254e-06 2.272360026674153109e-05 -8.536784912180209791e-05 2.481334859488210770e-05 -5.530270723946191717e-06 2.571477976828473027e-05
4.952627555327724383e-08 5.322027614199863292e-08 4.764992459592712973e-07 2.849637458752170798e-07 -2.835693436830673485e-06 -2.797898600844647633e-06 4.014821424539552236e-06 -1.232995138343188096e-05 8.679429648829988360e-06 2.454719161104828719e-06 5.153923545220961010e-08 6.806775526926060213e-07 -1.888502987751323954e-11 1.259928791759825335e-05 -4.439829961267022885e-06 -2.341716070819770774e-08 3.695283331885857337e-05 9.217049061809548665e-10 -2.556023826531278331e-08 2.430915892817582392e-07 1.560735373192200705e-05 4.836326322214898349e-06 3.544070396578758400e-07 4.608973908947548705e-06 5.296001149435209791e-07 2.322833693138423982e-05 4.646459464175691705e-07 -2.589617653595579497e-08 8.474032285574182885e-08 -1.163229383216888616e-06 8.503110123057945247e-08 -2.077295251011893009e-08 9.659055147232344540e-08
3.899074552956522631e-06 4.153072190525450339e-06 3.715915606682186124e-05 4.571935007378466122e-07 -3.359635097865474266e-06 -4.244487082872559259e-06 -1.011235873070281453e-05 2.614008299097555935e-05 1.372101172297099915e-05 5.153923545220961010e-08 4.159727229856702410e-06 -6.304357632445595856e-06 -1.423177815294468778e-09 9.022550481230949191e-05 -9.403907463649337515e-06 -1.587956187320534842e-08 5.895231526828477019e-04 -2.618764486583556824e-10 1.494098676383603785e-08 3.847370589741720745e-07 2.404983338346075477e-05 5.793985777711373821e-05 5.390523613864390659e-06 4.990344978209923347e-05 7.179018080827647482e-06 2.608377496791709923e-04 7.519880692578402844e-06 -1.571840635024132444e-06 6.655067749171097091e-06 -3.048094122497327588e-05 7.215326335326912899e-06 1.474336645847431227e-04 9.979462364277463614e-06
-6.116025292919739954e-06 -6.471213524774017344e-06 -5.828611215825356808e-05 -5.646795332115245067e-07 3.977223754498240232e-06 5.206976119401505218e-06 1.879289995790102351e-05 -4.807214055130776465e-05 -1.481557852152767144e-05 6.806775526926060213e-07 -6.304357632445595856e-06 1.008430161023901248e-02 -3.131027740654528782e-08 8.298844956165874549e-05 -2.002516102216485034e-03 1.596549634915335972e-07 4.487795042738810147e-05 6.750764416186062121e-06 2.330260347425508481e-06 -1.685240090986825548e-07 -3.416465935068815007e-05 3.245761663877184673e-04 1.606449644507453701e-05 3.144496174919203459e-04 2.911809114241230366e-05 7.857651787965102674e-04 9.255731205048600813e-06 9.032005360800738313e-04 9.097446816509734688e-05 8.890564095335430628e-03 8.263408575926032478e-05 5.811811005724995191e-03 9.179660294016467391e-05
-1.381994998292031312e-09 -1.470756092720675773e-09 -1.315780395079078199e-08 -8.867710712279427840e-11 -1.740643577175463712e-10 6.536216983471901389e-10 1.574387647868354294e-08 -3.516311804463287898e-09 -1.648424896712842201e-08 -1.888502987751323954e-11 -1.423177815294468778e-09 -3.131027740654528782e-08 1.648608840812515763e-12 -7.913135954886878778e-08 8.734804968095156574e-09 4.481264791991838485e-11 -4.441629856444588803e-07 -2.157753494206698742e-11 -4.969354666215763136e-11 -7.199560847998843784e-11 -3.961784318863832433e-09 -2.011913835054365945e-08 -1.970816071446136386e-09 -1.944821595479007557e-08 -2.746217006562683816e-09 -9.500357880679148334e-08 -2.763466714210175400e-09 -2.441009578010010470e-09 -2.693959661350403169e-09 -2.079712828612234164e-08 -2.888480503982609632e-09 -1.871911674190962144e-08 -3.011298630030580485e-09
8.757043797270671628e-05 9.323148217204843861e-05 8.341680785937941652e-04 2.167505526330853877e-05 -1.281948405640110137e-04 -1.948414837250090910e-04 -2.528073629620377792e-04 -2.203374132792794524e-04 1.437611809870840193e-03 1.259928791759825335e-05 9.022550481230949191e-05 8.298844956165874549e-05 -7.913135954886878778e-08 8.532845225043489759e-03 -3.010643347807817941e-04 2.725854500549898592e-06 4.276728691290527379e-02 2.942972946931379258e-07 2.292837844221193281e-06 1.811832930650846544e-05 1.114073547931722060e-03 1.471273672525342212e-03 1.411298772284255980e-04 1.416718247975734318e-03 1.971457011441890377e-04 7.127742107178227510e-03 1.991118305407695661e-04 -1.781333863733804032e-05 1.513631737059284465e-04 -4.444824691665107130e-04 1.644573947627814791e-04 7.598235107446032056e-05 1.710969313686214709e-04
-1.031600766097201799e-05 -9.716963889351581431e-06 -8.694259385463808088e-05 -1.480009061653400327e-05 4.686199430680760311e-04 2.113759108074881883e-04 -9.392568220710851217e-06 1.052844782130130238e-03 -4.457781954588783577e-05 -4.439829961267022885e-06 -9.403907463649337515e-06 -2.002516102216485034e-03 8.734804968095156574e-09 -3.010643347807817941e-04 2.078025954176579079e-02 7.966313150780019004e-07 1.057414647675167588e-02 1.528631587805529424e-03 5.502881213618835560e-04 5.462612410644142053e-05 -2.122112811249155309e-03 2.776098716461153706e-03 1.803295341088439455e-04 2.733546261313168912e-03 1.523606004239183055e-04 6.179083818718848937e-03 9.812041358084269834e-05 -1.765140358076452173e-04 -3.587058998853463764e-05 -3.662910498281303495e-03 -5.476384978155562645e-05 -1.167577030189598805e-03 -3.851603788368580073e-05
-1.530736625900444112e-08 -1.641035807026706174e-08 -1.468124079132384970e-07 8.818579982048712505e-08 -6.702534750020881106e-07 -8.232619091002148150e-07 1.042828436391931058e-06 -4.042038108281641070e-07 7.126025272430706328e-08 -2.341716070819770774e-08 -1.587956187320534842e-08 1.596549634915335972e-07 4.481264791991838485e-11 2.725854500549898592e-06 7.966313150780019004e-07 8.238194429440616783e-09 1.997412095720993501e-05 8.331586580021074243e-08 3.093061514007777639e-08 7.805459085223038258e-08 4.600518960896150267e-06 6.518125529727803394e-07 4.261964523427728581e-08 6.108356739973351945e-07 5.941570436264112138e-08 2.917191918127375446e-06 5.547695077110497177e-08 1.650362232555272461e-08 -2.513133462036943438e-08 3.850296787093385805e-07 -2.584373956739676819e-08 7.536351471153561090e-08 -2.853015564409216243e-08
5.795644308899678809e-04 6.091621792227474349e-04 5.450359037425044940e-03 1.121665256821103651e-03 -4.311557445040655953e-03 -9.605752756919988880e-03 -1.978018088170311987e-03 1.012367330299923651e-01 7.208485416667312351e-03 3.695283331885857337e-05 5.895231526828477019e-04 4.487795042738810147e-05 -4.441629856444588803e-07 4.276728691290527379e-02 1.057414647675167588e-02 1.997412095720993501e-05 7.156033291100751814e-01 5.431965586211559734e-04 4.133751057081263398e-04 9.511425469632540756e-04 5.535844625880701614e-02 2.025062880494034323e-02 2.028435144718430255e-03 1.938686184997029036e-02 2.525156466453684460e-03 9.756431442673670074e-02 2.653326733964901131e-03 -1.546327434912521859e-04 9.846838281002692154e-04 8.805242633564283952e-03 1.187780670466291469e-03 2.496743568208959320e-04 1.113526259918243277e-03
-1.930078689495364172e-10 -2.706487566511530333e-10 -2.421144381078043654e-09 -4.931916633064428042e-09 -2.694757362352023542e-07 -1.107017677166379585e-08 1.281864110383230486e-08 -5.706463233853131639e-07 -1.021607142520118387e-08 9.217049061809548665e-10 -2.618764486583556824e-10 6.750764416186062121e-06 -2.157753494206698742e-11 2.942972946931379258e-07 1.528631587805529424e-03 8.331586580021074243e-08 5.431965586211559734e-04 1.228245690207868440e-04 4.286510104618247247e-05 5.513047114852968111e-06 -8.388239362481681740e-05 2.361487588083824101e-04 1.379292887140584898e-05 2.324703379308508931e-04 1.290836953919997821e-05 5.404170092837046234e-04 7.453360564013711941e-06 6.035882867704190256e-07 6.755168020254836707e-08 6.160078243438498435e-06 6.407158566881215578e-08 3.922874606844485661e-06 6.947407814079938406e-08
2.816212436131211848e-08 1.544032615908830141e-08 1.381349347616329526e-07 2.910631844596476396e-07 7.872362615792648160e-06 -6.435839584420681967e-07 -4.743246492276083453e-07 2.090492507905768673e-05 4.135117773327232128e-07 -2.556023826531278331e-08 1.494098676383603785e-08 2.330260347425508481e-06 -4.969354666215763136e-11 2.292837844221193281e-06 5.502881213618835560e-04 3.093061514007777639e-08 4.133751057081263398e-04 4.286510104618247247e-05 1.545026001726619135e-05 2.126275067320808386e-06 -2.230119656880897181e-05 8.874570907517837978e-05 5.899715050665921833e-06 8.700187690214341695e-05 5.553699442681757511e-06 2.210886961203511764e-04 3.902406960158434071e-06 2.051497411214088529e-07 4.850633208222406667e-08 2.435223148855975944e-05 2.658279068131591662e-07 1.363603947374710414e-06 5.242922980019896966e-08
3.816229748188191139e-07 3.975424610207225339e-07 3.557036050016426621e-06 6.906857789781513230e-06 -5.129225969320218715e-05 -6.423208345861709681e-05 1.516262795431015495e-06 -1.270054376438262059e-05 2.886847989643948702e-06 2.430915892817582392e-07 3.847370589741720745e-07 -1.685240090986825548e-07 -7.199560847998843784e-11 1.811832930650846544e-05 5.462612410644142053e-05 7.805459085223038258e-08 9.511425469632540756e-04 5.513047114852968111e-06 2.126275067320808386e-06 6.062665556529893208e-06 3.600085017350320338e-04 5.696639002127727443e-05 4.299869558877694706e-06 5.371074788951081861e-05 5.948586769748057853e-06 2.641900164541233589e-04 5.989208269490841625e-06 -1.243591929818341814e-07 6.400031296289975958e-07 1.107169669219259378e-05 8.266059044822373300e-07 2.270049892588769591e-08 7.242128368214823724e-07
2.369872094724520721e-05 2.485027227883318177e-05 2.223495822574275704e-04 4.314780485986169974e-04 -3.322310350054191990e-03 -4.036904552370716888e-03 1.010511220422329195e-04 -1.045548198926236037e-03 1.769117017546531674e-04 1.560735373192200705e-05 2.404983338346075477e-05 -3.416465935068815007e-05 -3.961784318863832433e-09 1.114073547931722060e-03 -2.122112811249155309e-03 4.600518960896150267e-06 5.535844625880701614e-02 -8.388239362481681740e-05 -2.230119656880897181e-05 3.600085017350320338e-04 2.288100281779769860e-02 2.683702422938461212e-03 2.095747736946602284e-04 2.497027765726524042e-03 3.169240997589188483e-04 1.435588231568844970e-02 3.356566245471032561e-04 -9.898769282293927367e-06 3.976709307639941907e-05 4.149522969982289149e-04 4.896538262344426350e-05 -1.236893285302787069e-05 4.502447766068823256e-05
5.044723928370495152e-05 5.342269140794154487e-05 4.779943700556235457e-04 5.557368264136795745e-05 -3.142369025524339586e-04 -4.965828192212741205e-04 -9.819070065871685711e-05 1.247503828856438846e-03 2.306052389067628542e-04 4.836326322214898349e-06 5.793985777711373821e-05 3.245761663877184673e-04 -2.011913835054365945e-08 1.471273672525342212e-03 2.776098716461153706e-03 6.518125529727803394e-07 2.025062880494034323e-02 2.361487588083824101e-04 8.874570907517837978e-05 5.696639002127727443e-05 2.683702422938461212e-03 1.791014438210703896e-03 1.439241690554081811e-04 1.458408717678194881e-03 1.645058888147818768e-04 6.654957867890539357e-03 1.660909291142247698e-04 1.579355246943520312e-05 8.966412641593808890e-05 4.418280968364563465e-04 1.012314604996692607e-04 6.835228257794588244e-03 2.097724423528990446e-04
4.919797292161403629e-06 5.200604748655050905e-06 4.653186574705208355e-05 4.475308999067071760e-06 -1.316974332341433973e-05 -3.749683511556792741e-05 -1.098195645528993870e-05 1.571302819110110096e-04 2.222453751464552795e-05 3.544070396578758400e-07 5.390523613864390659e-06 1.606449644507453701e-05 -1.970816071446136386e-09 1.411298772284255980e-04 1.803295341088439455e-04 4.261964523427728581e-08 2.028435144718430255e-03 1.379292887140584898e-05 5.899715050665921833e-06 4.299869558877694706e-06 2.095747736946602284e-04 1.439241690554081811e-04 1.284836807810396919e-05 1.230146568847584321e-04 1.520549355619597152e-05 5.846471257760469005e-04 1.576470380929788684e-05 1.541964334646698032e-07 8.572798335213219261e-06 4.377893601201775128e-05 9.849536376947516593e-06 3.911923509833510572e-04 1.590743079759724310e-05
4.868533720017172812e-05 5.156634107861540474e-05 4.613758039540135844e-04 5.186474178566074524e-05 -2.940855929483077234e-04 -4.636092330653459118e-04 -9.566054554796925573e-05 1.237680629028356212e-03 2.221030433811951995e-04 4.608973908947548705e-06 4.990344978209923347e-05 3.144496174919203459e-04 -1.944821595479007557e-08 1.416718247975734318e-03 2.733546261313168912e-03 6.108356739973351945e-07 1.938686184997029036e-02 2.324703379308508931e-04 8.700187690214341695e-05 5.371074788951081861e-05 2.497027765726524042e-03 1.458408717678194881e-03 1.230146568847584321e-04 1.405724280768371349e-03 1.578286654256773629e-04 6.018036433197996617e-03 1.529483475596862721e-04 1.535208775216378269e-05 8.655750929190547400e-05 4.128465018441991423e-04 9.757924828378552128e-05 2.055442164542383723e-04 9.754963702589974656e-05
7.004913188911032673e-06 7.418199534696525970e-06 6.637267068919907784e-05 6.470310040475944121e-06 -2.999269956586875851e-05 -5.646230494391102676e-05 -1.467815024930833669e-05 1.555487358239107632e-04 3.075324978455549514e-05 5.296001149435209791e-07 7.179018080827647482e-06 2.911809114241230366e-05 -2.746217006562683816e-09 1.971457011441890377e-04 1.523606004239183055e-04 5.941570436264112138e-08 2.525156466453684460e-03 1.290836953919997821e-05 5.553699442681757511e-06 5.948586769748057853e-06 3.169240997589188483e-04 1.645058888147818768e-04 1.520549355619597152e-05 1.578286654256773629e-04 2.006712935179414417e-05 7.471738087169464476e-04 2.039181800757228419e-05 7.743219791269275100e-07 1.229048745877071309e-05 4.708697655026823143e-05 1.390527079852350091e-05 2.028813382359075484e-05 1.386777713631934125e-05
2.460438020073497890e-04 2.607233909990111401e-04 2.332784567343641757e-03 2.875696287736339055e-04 -1.630117545270738221e-03 -2.570474094855669869e-03 -4.747385321812277906e-04 5.883907285130567447e-03 1.116808361764730318e-03 2.322833693138423982e-05 2.608377496791709923e-04 7.857651787965102674e-04 -9.500357880679148334e-08 7.127742107178227510e-03 6.179083818718848937e-03 2.917191918127375446e-06 9.756431442673670074e-02 5.404170092837046234e-04 2.210886961203511764e-04 2.641900164541233589e-04 1.435588231568844970e-02 6.654957867890539357e-03 5.846471257760469005e-04 6.018036433197996617e-03 7.471738087169464476e-04 2.888012836977130529e-02 7.630110624044784658e-04 5.720786527956557137e-06 4.295525791326441673e-04 1.190938043341918922e-03 4.840305044594996574e-04 9.617137825513879038e-03 6.333840619033289992e-04
7.200859976623858857e-06 7.624613483936352269e-06 6.822023153863583309e-05 6.835891287956602912e-06 -2.760727001832356597e-05 -5.881474081289003232e-05 -1.569825075031509496e-05 1.680025491200866632e-04 3.102417182197278044e-05 4.646459464175691705e-07 7.519880692578402844e-06 9.255731205048600813e-06 -2.763466714210175400e-09 1.991118305407695661e-04 9.812041358084269834e-05 5.547695077110497177e-08 2.653326733964901131e-03 7.453360564013711941e-06 3.902406960158434071e-06 5.989208269490841625e-06 3.356566245471032561e-04 1.660909291142247698e-04 1.576470380929788684e-05 1.529483475596862721e-04 2.039181800757228419e-05 7.630110624044784658e-04 2.129033805109540489e-05 -1.048536774441743129e-06 1.242493529782626695e-05 3.183719686215638487e-05 1.411497955104205985e-05 1.586121712565279258e-04 1.649846441187412049e-05
-1.524844531553044818e-06 -1.620328618021521857e-06 -1.453224656488547500e-05 -1.802415948181978181e-07 1.331524231277525471e-06 1.674770718434332149e-06 3.855732853747487779e-06 -1.021783464342956282e-05 -5.325855733407013254e-06 -2.589617653595579497e-08 -1.571840635024132444e-06 9.032005360800738313e-04 -2.441009578010010470e-09 -1.781333863733804032e-05 -1.765140358076452173e-04 1.650362232555272461e-08 -1.546327434912521859e-04 6.035882867704190256e-07 2.051497411214088529e-07 -1.243591929818341814e-07 -9.898769282293927367e-06 1.579355246943520312e-05 1.541964334646698032e-07 1.535208775216378269e-05 7.743219791269275100e-07 5.720786527956557137e-06 -1.048536774441743129e-06 8.115113517321618998e-05 6.464874322088601718e-06 8.025921866748842934e-04 5.578849248773022367e-06 5.200450085373173499e-04 6.318192373237387010e-06
6.456133398364197201e-06 6.877107270877289904e-06 6.152855657373115187e-05 7.568757980534364391e-07 -5.561082336612721063e-06 -7.026522809489964966e-06 -1.675449139901486213e-05 4.328357701089083505e-05 2.272360026674153109e-05 8.474032285574182885e-08 6.655067749171097091e-06 9.097446816509734688e-05 -2.693959661350403169e-09 1.513631737059284465e-04 -3.587058998853463764e-05 -2.513133462036943438e-08 9.846838281002692154e-04 6.755168020254836707e-08 4.850633208222406667e-08 6.400031296289975958e-07 3.976709307639941907e-05 8.966412641593808890e-05 8.572798335213219261e-06 8.655750929190547400e-05 1.229048745877071309e-05 4.295525791326441673e-04 1.242493529782626695e-05 6.464874322088601718e-06 1.204048987283788315e-05 3.860151640390206717e-05 1.289358323548265881e-05 5.583146065647372886e-05 1.351600235932814188e-05
-2.191175939346070586e-05 -3.149595981347447682e-05 -2.818075468600500489e-04 1.520772480042514306e-05 3.449723309799871546e-04 -4.726934338301522312e-05 4.598990536132555138e-05 1.173795927277673963e-03 -8.536784912180209791e-05 -1.163229383216888616e-06 -3.048094122497327588e-05 8.890564095335430628e-03 -2.079712828612234164e-08 -4.444824691665107130e-04 -3.662910498281303495e-03 3.850296787093385805e-07 8.805242633564283952e-03 6.160078243438498435e-06 2.435223148855975944e-05 1.107169669219259378e-05 4.149522969982289149e-04 4.418280968364563465e-04 4.377893601201775128e-05 4.128465018441991423e-04 4.708697655026823143e-05 1.190938043341918922e-03 3.183719686215638487e-05 8.025921866748842934e-04 3.860151640390206717e-05 2.058181662007835949e-02 1.499206409387039403e-04 5.151495843438885433e-03 3.453595775126355169e-05
7.073931507761443857e-06 7.455622668284160804e-06 6.670835389713182691e-05 1.001916417918660211e-06 -2.931939842068905433e-06 -8.390531974396304388e-06 -1.845158295140466762e-05 6.023651001694929770e-05 2.481334859488210770e-05 8.503110123057945247e-08 7.215326335326912899e-06 8.263408575926032478e-05 -2.888480503982609632e-09 1.644573947627814791e-04 -5.476384978155562645e-05 -2.584373956739676819e-08 1.187780670466291469e-03 6.407158566881215578e-08 2.658279068131591662e-07 8.266059044822373300e-07 4.896538262344426350e-05 1.012314604996692607e-04 9.849536376947516593e-06 9.757924828378552128e-05 1.390527079852350091e-05 4.840305044594996574e-04 1.411497955104205985e-05 5.578849248773022367e-06 1.289358323548265881e-05 1.499206409387039403e-04 1.501497473767685341e-05 5.169438209096589891e-05 1.449623274111508158e-05
-1.571526815002025552e-06 -1.673900876581342404e-06 -1.497704375454314466e-05 -1.842724052321365366e-07 1.354105076289159762e-06 1.710745761865279590e-06 4.075798677771393090e-06 -1.053579273974051857e-05 -5.530270723946191717e-06 -2.077295251011893009e-08 1.474336645847431227e-04 5.811811005724995191e-03 -1.871911674190962144e-08 7.598235107446032056e-05 -1.167577030189598805e-03 7.536351471153561090e-08 2.496743568208959320e-04 3.922874606844485661e-06 1.363603947374710414e-06 2.270049892588769591e-08 -1.236893285302787069e-05 6.835228257794588244e-03 3.911923509833510572e-04 2.055442164542383723e-04 2.028813382359075484e-05 9.617137825513879038e-03 1.586121712565279258e-04 5.200450085373173499e-04 5.583146065647372886e-05 5.151495843438885433e-03 5.169438209096589891e-05 1.616961324494149421e-01 2.653881997679977556e-03
7.307321460962712903e-06 7.783342722632069803e-06 6.964060186857832266e-05 8.568340600774395511e-07 -6.296348868994992656e-06 -7.954664916046689773e-06 -1.895174225837717693e-05 4.898957094484448403e-05 2.571477976828473027e-05 9.659055147232344540e-08 9.979462364277463614e-06 9.179660294016467391e-05 -3.011298630030580485e-09 1.710969313686214709e-04 -3.851603788368580073e-05 -2.853015564409216243e-08 1.113526259918243277e-03 6.947407814079938406e-08 5.242922980019896966e-08 7.242128368214823724e-07 4.502447766068823256e-05 2.097724423528990446e-04 1.590743079759724310e-05 9.754963702589974656e-05 1.386777713631934125e-05 6.333840619033289992e-04 1.649846441187412049e-05 6.318192373237387010e-06 1.351600235932814188e-05 3.453595775126355169e-05 1.449623274111508158e-05 2.653881997679977556e-03 5.782258498606044988e-05
