par.Ct_1S0nn = 0.811499513665019
par.Ct_1S0nn = -0.149920004699164
par.Ct_1S0nn = 0.812339068950654
