theo_error.scale_from_amplitudes = yes
scaling_form = 1
eft_nu = 3.0
eft_C = 2.1603
residual_list.load = no
residual_list.load.prefix = NLOsim-575-125.theo
eft_C = 5.50230540335178375
eft_C = 4.44043315947055817
eft_C = 4.41207014024257660
