par.Ct_1S0np = -0.150622532143627
par.Ct_1S0pp = -0.148913834270203
par.C_1S0 = 1.69350481093600
par.Ct_3S1 = -0.184312039709438
par.C_3S1 = -0.217899794020048
par.C_3S1-3D1 = 0.263422413165984
par.C_3P0 = 1.29979117865505
par.C_1P1 = 1.02509005037230
par.C_3P1 = -0.336126655491496
par.C_3P2 = -0.202925280977147
par.Ct_1S0nn = -0.149910259097322
par.Ct_1S0np = -0.143086600258764
par.Ct_1S0pp = -0.140932189494627
par.C_1S0 = 1.75729375567084
par.Ct_3S1 = -0.180614027010471
par.C_3S1 = -0.168184237582468
par.C_3S1-3D1 = 0.284850547612321
par.C_3P0 = 1.33135902124827
par.C_1P1 = 1.10308640504241
par.C_3P1 = -0.331234092258718
par.C_3P2 = -0.188216920670028
par.Ct_1S0nn = -0.142170775322664
par.Ct_1S0np = -0.142465143536050
par.Ct_1S0pp = -0.140231509448123
par.C_1S0 = 1.77244093226281
par.Ct_3S1 = -0.179970886101693
par.C_3S1 = -0.168188319011235
par.C_3S1-3D1 = 0.277185571496505
par.C_3P0 = 1.33404872808296
par.C_1P1 = 1.12023776653416
par.C_3P1 = -0.327962712486153
par.C_3P2 = -0.190711241757029
par.Ct_1S0nn = -0.141518414977014
