1.063724074024077282e-03 1.089803461912473197e-03 2.420050463006914905e-03 -6.066699303437370956e-06 -1.215514818839937429e-04 -9.810427375363503012e-05 -2.500041900454465704e-04 7.794715974098269081e-04 2.440342977868377656e-04 9.753656349872860088e-07 1.077030070070543206e-03 -1.023599532735488166e-04 -2.278841517000843473e-08 1.205911685934789920e-03 -1.534822884526590350e-04 -2.796047593554326475e-07 8.773849586673930154e-03 -1.242847765746332781e-09 1.504093727841861531e-07 6.050168207246172000e-06 3.877803218877699690e-04 1.385624462009253785e-03 1.465688703234639559e-04 1.319028184828040543e-03 2.027758360133404870e-04 6.351239258787820877e-03 1.940967066249813671e-04 -2.552372998331923075e-05 1.081268594938359268e-04 -4.773545105429356566e-04 1.175219412386106001e-04 -2.582094883708488414e-05 1.221733575749835632e-04
1.089803461912473197e-03 1.116551303819084389e-03 2.479447216572905951e-03 -6.426010375820710569e-06 -1.254754774192752564e-04 -1.003484905065470773e-04 -2.560770467242071938e-04 7.951728455946743823e-04 2.499916271967828172e-04 9.997780233971684003e-07 1.103464266643310694e-03 -1.047673423425671447e-04 -2.334496235435352966e-08 1.235416931320236673e-03 -1.542322082857047066e-04 -2.867727363935179994e-07 8.971732650978274382e-03 -1.451368493905423473e-09 1.209249239840016336e-07 6.171877141340106730e-06 3.959506372828277480e-04 1.418893042131818931e-03 1.500660531258772286e-04 1.350711274856252657e-03 2.076394916210248635e-04 6.504086964104094370e-03 1.987527223168157728e-04 -2.614081097811407701e-05 1.107816441645490761e-04 -5.081186116492785376e-04 1.202252184420609163e-04 -2.645468790919887087e-05 1.251719317465298774e-04
2.420050463006914905e-03 2.479447216572905951e-03 5.505935332392145054e-03 -1.426991007842753044e-05 -2.786359110652406696e-04 -2.228376158582433166e-04 -5.686475762516293459e-04 1.765784377929158731e-03 5.551373654153165301e-04 2.220277249634532392e-06 2.450386059091548205e-03 -2.328822393596960015e-04 -5.183956328197315472e-08 2.743397815933909262e-03 -3.424932961229398918e-04 -6.368055962296707156e-07 1.992286396868006224e-02 -3.222680870277548697e-09 2.685199605078773938e-07 1.370549615874005622e-05 8.792625876770413743e-04 3.150836702186952422e-03 3.332411843435065680e-04 2.999425524249578652e-03 4.610899645562331465e-04 1.444316532757954422e-02 4.413561580896929282e-04 -5.806991696638058906e-05 2.460029212442245081e-04 -1.128344027172328281e-03 2.669757443687617495e-04 -5.874607851825688144e-05 2.779605700094693686e-04
-6.066699303437370956e-06 -6.426010375820710569e-06 -1.426991007842753044e-05 3.180359193761809664e-05 2.788991588598075115e-04 1.241174997419740712e-04 -7.885617143594962267e-06 2.733977166347355335e-04 -7.302625544982890772e-07 -4.225466690133382498e-07 -6.350744534716822813e-06 4.240435358139880107e-07 -2.019368761868392228e-10 -3.246584731816977844e-06 1.329648621007134448e-04 -7.787247827903513652e-08 1.909455717160556641e-04 -1.050940555018867435e-07 3.368975390213921283e-06 -5.833205680089038164e-06 -4.139221171915617378e-04 5.936566956302265945e-05 1.047821468679023517e-05 5.611219166104403777e-05 1.016558848590767222e-05 3.453683830943937499e-04 1.312344456946953132e-05 1.540319694783426986e-07 -6.372109356065962692e-07 1.415252394255711772e-04 6.260701260463266416e-07 1.522541033362323335e-07 -7.203993690633439357e-07
-1.215514818839937429e-04 -1.254754774192752564e-04 -2.786359110652406696e-04 2.788991588598075115e-04 3.350804869045982508e-03 2.073941220274904806e-03 -7.912642527037569190e-05 1.872133689410917026e-03 -4.808391615290881960e-05 -5.685493318840416492e-06 -1.240053707169526626e-04 8.895754456377792348e-06 -2.782669259543045866e-10 -2.023583560847320431e-04 9.716676681144737447e-04 -1.472200160466854715e-06 -1.237431308394656981e-02 -6.321166986518196574e-07 1.904568750928285642e-05 -1.165302497054066314e-04 -7.718972848595210753e-03 3.749665759440620966e-04 7.383064376772284867e-05 3.633076583495805766e-04 6.457325656621126266e-05 2.761749114517485313e-03 1.020314217007604380e-04 2.977133045030125745e-06 -1.244538971188840451e-05 6.769635909094965081e-04 -7.616232383504958979e-06 2.972931206541874783e-06 -1.406660122057600348e-05
-9.810427375363503012e-05 -1.003484905065470773e-04 -2.228376158582433166e-04 1.241174997419740712e-04 2.073941220274904806e-03 1.557526899352465813e-03 -4.163625711475961054e-05 4.948562664590639131e-04 -4.823629026367001667e-05 -3.805121929156082369e-06 -9.917264812901587531e-05 7.292421210054527233e-06 8.372336528224042926e-10 -2.020215288667268159e-04 3.073314452986837661e-04 -1.163399368475624656e-06 -1.455290849280378891e-02 -8.763775405260584277e-08 1.718430789043541854e-06 -9.395482201278642709e-05 -6.068143875731073396e-03 7.310877422250815823e-05 2.123034260268875044e-05 7.878408731648150207e-05 1.291499305907968244e-05 1.057203778366119871e-03 3.700184865090183135e-05 2.372122875873587207e-06 -9.954042185504140391e-06 -6.186536004291169491e-05 -1.182766610661460281e-05 2.377586222528089577e-06 -1.124969092182282183e-05
-2.500041900454465704e-04 -2.560770467242071938e-04 -5.686475762516293459e-04 -7.885617143594962267e-06 -7.912642527037569190e-05 -4.163625711475961054e-05 5.280562248450779411e-04 -2.342741425996221335e-04 -1.582211820062731460e-04 4.331406576071022732e-06 -2.530734578711137258e-04 2.803585108743238710e-05 2.342087564101520321e-08 -3.745759986198244577e-04 -9.760010096945389495e-06 1.555931065725160082e-06 -3.120869267114539762e-03 1.912314142582544957e-08 -7.208988833527458398e-07 2.166714455298848859e-06 1.477000482267244383e-04 -3.173106469943063929e-04 -3.530379987923661436e-05 -3.025466434277764992e-04 -4.695747535178418461e-05 -1.479538804491085154e-03 -4.638708363063629900e-05 5.851837895192442030e-06 -2.542189734847047575e-05 7.351308930234133187e-05 -2.798209381518833549e-05 6.067237105812594638e-06 -2.870749380213663676e-05
7.794715974098269081e-04 7.951728455946743823e-04 1.765784377929158731e-03 2.733977166347355335e-04 1.872133689410917026e-03 4.948562664590639131e-04 -2.342741425996221335e-04 1.059305353912759623e-01 -1.425181198091969668e-04 -1.840760545565688818e-05 7.858525685150720115e-04 -8.683308399290484887e-05 -7.830225007252561016e-09 -1.508757957014452387e-04 1.683949497079213417e-03 -7.007385415440052840e-07 1.608117490225222657e-01 -9.513724781987336403e-07 3.509670990313413168e-05 -1.218694209155511030e-05 -1.184447928956576740e-03 4.419739730892970064e-03 5.266704499635277252e-04 4.286395574707929819e-03 6.078210882721033111e-04 2.037736418191514465e-02 6.091337049023569546e-04 -1.860995461765099451e-05 7.889589451358213900e-05 1.896938015189703584e-03 1.071003082788330585e-04 -1.884019732982780064e-05 8.914351560005224692e-05
2.440342977868377656e-04 2.499916271967828172e-04 5.551373654153165301e-04 -7.302625544982890772e-07 -4.808391615290881960e-05 -4.823629026367001667e-05 -1.582211820062731460e-04 -1.425181198091969668e-04 3.285024127750109423e-04 7.621102727438303144e-06 2.470608132812065496e-04 -1.670447759162349717e-05 -1.768747905500249999e-08 1.221614263083874987e-03 -4.550964634743077822e-05 4.352464228975261966e-08 6.956181550258712376e-03 -1.006289440789972864e-08 4.064230305747859060e-07 3.144821853419318913e-06 1.978242333682886779e-04 3.498554882949133369e-04 3.710038427302053606e-05 3.330174568049949400e-04 5.080281200374769425e-05 1.590369064965157717e-03 4.814448508199779548e-05 -5.807187511636491235e-06 2.480821299232027717e-05 -9.212169659059840318e-05 2.712371760732769761e-05 -5.923088680583957753e-06 2.802544694210530783e-05
9.753656349872860088e-07 9.997780233971684003e-07 2.220277249634532392e-06 -4.225466690133382498e-07 -5.685493318840416492e-06 -3.805121929156082369e-06 4.331406576071022732e-06 -1.840760545565688818e-05 7.621102727438303144e-06 1.648517735006060557e-06 9.881221066684322912e-07 4.829500116933708013e-07 -3.538472269627426285e-11 -9.994127283328065736e-07 -3.387832426259712671e-06 -1.726937963094153708e-08 -2.456714340696208027e-05 7.703293985615515070e-10 -2.178999345651458727e-08 2.205314363390013240e-07 1.444558008152583496e-05 2.162713412364610848e-06 1.569305728409001905e-07 2.048228353962258200e-06 2.717669266100645454e-07 8.029646297037440418e-06 1.693338455049712312e-07 -2.762408372810644407e-08 9.876874009943114532e-08 -8.082795554245413927e-07 1.042990114952806121e-07 -2.368945027021002083e-08 1.120880454703169584e-07
1.077030070070543206e-03 1.103464266643310694e-03 2.450386059091548205e-03 -6.350744534716822813e-06 -1.240053707169526626e-04 -9.917264812901587531e-05 -2.530734578711137258e-04 7.858525685150720115e-04 2.470608132812065496e-04 9.881221066684322912e-07 1.091361778263862537e-03 -1.036429522482405275e-04 -2.307091084565174061e-08 1.220934020630077199e-03 -1.524247466574262791e-04 -2.834068075904292187e-07 8.866560389626191446e-03 -1.434236292411599600e-09 1.195033228857340529e-07 6.099555242275269685e-06 3.913109502848597190e-04 1.415343569892190409e-03 1.491361395371669399e-04 1.334877735789032505e-03 2.052055378290681444e-04 6.444166768912345557e-03 1.967180435720808894e-04 -2.584369528459406215e-05 1.094822391331549347e-04 -5.021632669341784521e-04 1.188160780363863624e-04 3.363817375205051339e-04 1.295579901057381260e-04
-1.023599532735488166e-04 -1.047673423425671447e-04 -2.328822393596960015e-04 4.240435358139880107e-07 8.895754456377792348e-06 7.292421210054527233e-06 2.803585108743238710e-05 -8.683308399290484887e-05 -1.670447759162349717e-05 4.829500116933708013e-07 -1.036429522482405275e-04 1.048635327135509554e+00 -3.398940437850745299e-06 5.092125257775680439e-03 -2.182246269736742017e-01 8.277687866970264585e-06 5.107674240906603241e-02 1.542894732170259483e-04 5.351646578966361503e-05 6.223407689494529851e-06 -1.148466254475870231e-04 3.479330312529154562e-02 2.257343375854938515e-03 3.330288820047808129e-02 3.932145495735438548e-03 9.071312942466470963e-02 1.727642974484816345e-03 9.385823473605781064e-02 9.877007839416121829e-03 9.353671751764006670e-01 9.150802179726393037e-03 6.100872576551454873e-01 1.010769473228152401e-02
-2.278841517000843473e-08 -2.334496235435352966e-08 -5.183956328197315472e-08 -2.019368761868392228e-10 -2.782669259543045866e-10 8.372336528224042926e-10 2.342087564101520321e-08 -7.830225007252561016e-09 -1.768747905500249999e-08 -3.538472269627426285e-11 -2.307091084565174061e-08 -3.398940437850745299e-06 1.251533675487999767e-11 -8.023343698652534514e-08 7.098587589007350209e-07 1.871119260331010161e-11 -5.712110956972895321e-07 -4.993863807847167510e-10 -2.123677973924959088e-10 -9.244038463229893611e-11 -3.836717951145951340e-09 -1.438127758719575500e-07 -1.065752899032426551e-08 -1.375051111243825714e-07 -1.728932681571808777e-08 -4.365602568016278670e-07 -9.977325367909437248e-09 -3.038657117389417360e-07 -3.438505440359650586e-08 -3.025040023533192277e-06 -3.224943449719656677e-08 -1.978158889149263107e-06 -3.543787449249459073e-08
1.205911685934789920e-03 1.235416931320236673e-03 2.743397815933909262e-03 -3.246584731816977844e-06 -2.023583560847320431e-04 -2.020215288667268159e-04 -3.745759986198244577e-04 -1.508757957014452387e-04 1.221614263083874987e-03 -9.994127283328065736e-07 1.220934020630077199e-03 5.092125257775680439e-03 -8.023343698652534514e-08 5.650111345024169153e-03 -1.261101399700760919e-03 2.139990664676196421e-06 3.225705549972953529e-02 1.170961230621354637e-06 2.095288328537878720e-06 1.320981680718219574e-05 8.272418985099834737e-04 1.875376657686497707e-03 1.916958746013022155e-04 1.785835586116597037e-03 2.673997648066681163e-04 8.214653938452049289e-03 2.444295691825143805e-04 4.355416040638417086e-04 1.715045359051115231e-04 4.127907812059216849e-03 1.789487982469072222e-04 2.988916243605621234e-03 1.885597114693838227e-04
-1.534822884526590350e-04 -1.542322082857047066e-04 -3.424932961229398918e-04 1.329648621007134448e-04 9.716676681144737447e-04 3.073314452986837661e-04 -9.760010096945389495e-06 1.683949497079213417e-03 -4.550964634743077822e-05 -3.387832426259712671e-06 -1.524247466574262791e-04 -2.182246269736742017e-01 7.098587589007350209e-07 -1.261101399700760919e-03 1.767525889975828379e-01 5.009454039608244084e-06 3.613051226775203933e-02 1.049699175047684799e-02 3.657538390005622524e-03 4.397625848878483948e-04 -6.337299840114169434e-03 1.143057308401787021e-02 7.491056856389733494e-04 1.145969964971286018e-02 2.834712538814157653e-04 2.134482975629224677e-02 2.692602096802321145e-04 -1.952943744127955822e-02 -2.073052014033818086e-03 -1.966049416227423907e-01 -1.942633548581535917e-03 -1.269754005965622878e-01 -2.123486825007929978e-03
-2.796047593554326475e-07 -2.867727363935179994e-07 -6.368055962296707156e-07 -7.787247827903513652e-08 -1.472200160466854715e-06 -1.163399368475624656e-06 1.555931065725160082e-06 -7.007385415440052840e-07 4.352464228975261966e-08 -1.726937963094153708e-08 -2.834068075904292187e-07 8.277687866970264585e-06 1.871119260331010161e-11 2.139990664676196421e-06 5.009454039608244084e-06 8.204354796953615383e-09 2.118966758344943441e-05 5.589133013060076227e-07 1.947752234341183453e-07 9.527310735651934377e-08 4.287531645618714737e-06 9.102496792383925410e-07 3.406027186996319351e-08 8.922226379169728431e-07 3.540787282945638565e-08 6.945047036693956250e-07 -2.378672299396173131e-08 7.434449925431962950e-07 4.916082465422092116e-08 7.674527942570645136e-06 4.296259921845182223e-08 4.798130752557013544e-06 4.732533180916561628e-08
8.773849586673930154e-03 8.971732650978274382e-03 1.992286396868006224e-02 1.909455717160556641e-04 -1.237431308394656981e-02 -1.455290849280378891e-02 -3.120869267114539762e-03 1.608117490225222657e-01 6.956181550258712376e-03 -2.456714340696208027e-05 8.866560389626191446e-03 5.107674240906603241e-02 -5.712110956972895321e-07 3.225705549972953529e-02 3.613051226775203933e-02 2.118966758344943441e-05 6.338148377866843486e-01 3.536131988431815212e-03 1.411610346692007993e-03 1.131805827494365832e-03 5.914712495605108089e-02 2.554150304656830489e-02 2.473556985947396661e-03 2.451859513532715640e-02 3.099393055044814826e-03 9.236305342034913102e-02 2.588142887718900866e-03 4.429332375816817137e-03 1.378895450499934656e-03 5.366072549046225354e-02 1.528359440497442309e-03 2.994012578099391683e-02 1.505923524055115649e-03
-1.242847765746332781e-09 -1.451368493905423473e-09 -3.222680870277548697e-09 -1.050940555018867435e-07 -6.321166986518196574e-07 -8.763775405260584277e-08 1.912314142582544957e-08 -9.513724781987336403e-07 -1.006289440789972864e-08 7.703293985615515070e-10 -1.434236292411599600e-09 1.542894732170259483e-04 -4.993863807847167510e-10 1.170961230621354637e-06 1.049699175047684799e-02 5.589133013060076227e-07 3.536131988431815212e-03 8.524373381573973176e-04 2.956643998687568742e-04 3.654858975567535587e-05 -4.454262510669457307e-04 1.512565584729770683e-03 9.697442596487384407e-05 1.490049788649798262e-03 8.853559433309415145e-05 3.228027173566236970e-03 4.885097933518335090e-05 1.380931364841315263e-05 1.454623428705475192e-06 1.373254721012824825e-04 1.342673050648681063e-06 8.977115470711721204e-05 1.488867257755669611e-06
1.504093727841861531e-07 1.209249239840016336e-07 2.685199605078773938e-07 3.368975390213921283e-06 1.904568750928285642e-05 1.718430789043541854e-06 -7.208988833527458398e-07 3.509670990313413168e-05 4.064230305747859060e-07 -2.178999345651458727e-08 1.195033228857340529e-07 5.351646578966361503e-05 -2.123677973924959088e-10 2.095288328537878720e-06 3.657538390005622524e-03 1.947752234341183453e-07 1.411610346692007993e-03 2.956643998687568742e-04 1.030389110471797932e-04 1.281868699158832167e-05 -1.509313862002217409e-04 5.327188628946419747e-04 3.497075608135859231e-05 5.243627866028773487e-04 3.208654828058384116e-05 1.159805330661276435e-03 1.850325386574966247e-05 4.788673863967449847e-06 5.167678068146850468e-07 6.940295337041212673e-05 6.863373472480446533e-07 3.114378205056564668e-05 5.301840875154646555e-07
6.050168207246172000e-06 6.171877141340106730e-06 1.370549615874005622e-05 -5.833205680089038164e-06 -1.165302497054066314e-04 -9.395482201278642709e-05 2.166714455298848859e-06 -1.218694209155511030e-05 3.144821853419318913e-06 2.205314363390013240e-07 6.099555242275269685e-06 6.223407689494529851e-06 -9.244038463229893611e-11 1.320981680718219574e-05 4.397625848878483948e-04 9.527310735651934377e-08 1.131805827494365832e-03 3.654858975567535587e-05 1.281868699158832167e-05 7.360426986772772859e-06 3.521879464935157326e-04 6.450533308696238324e-05 3.543310463353004337e-06 6.291669631018739816e-05 3.709834617569633614e-06 9.443079510286476216e-05 6.338202651435673222e-07 4.517094593406915365e-07 6.751730754513022919e-07 2.075929659742926345e-05 8.902700176664353049e-07 3.737624049200715366e-06 7.563269705743337245e-07
3.877803218877699690e-04 3.959506372828277480e-04 8.792625876770413743e-04 -4.139221171915617378e-04 -7.718972848595210753e-03 -6.068143875731073396e-03 1.477000482267244383e-04 -1.184447928956576740e-03 1.978242333682886779e-04 1.444558008152583496e-05 3.913109502848597190e-04 -1.148466254475870231e-04 -3.836717951145951340e-09 8.272418985099834737e-04 -6.337299840114169434e-03 4.287531645618714737e-06 5.914712495605108089e-02 -4.454262510669457307e-04 -1.509313862002217409e-04 3.521879464935157326e-04 2.410029422535299448e-02 -9.053967757177137400e-04 -1.054940401559992973e-04 -9.275095251819393590e-04 -6.759681565460655427e-05 -4.976643174013376837e-03 -1.373878421056968244e-04 -1.704456036205751125e-05 3.846662649468065795e-05 6.296988710978903680e-04 5.031427856952030189e-05 -5.938213608228986781e-05 4.355916106198064788e-05
1.385624462009253785e-03 1.418893042131818931e-03 3.150836702186952422e-03 5.936566956302265945e-05 3.749665759440620966e-04 7.310877422250815823e-05 -3.173106469943063929e-04 4.419739730892970064e-03 3.498554882949133369e-04 2.162713412364610848e-06 1.415343569892190409e-03 3.479330312529154562e-02 -1.438127758719575500e-07 1.875376657686497707e-03 1.143057308401787021e-02 9.102496792383925410e-07 2.554150304656830489e-02 1.512565584729770683e-03 5.327188628946419747e-04 6.450533308696238324e-05 -9.053967757177137400e-04 6.076563838722414540e-03 4.850350088197746433e-04 5.683207917079354313e-03 5.873771114026358521e-04 1.845566874324316639e-02 4.426341214876815863e-04 3.092732240086867868e-03 4.700891675053319027e-04 3.099634083739723212e-02 4.625916189443704096e-04 2.602113573829087020e-02 5.886973884366758416e-04
1.465688703234639559e-04 1.500660531258772286e-04 3.332411843435065680e-04 1.047821468679023517e-05 7.383064376772284867e-05 2.123034260268875044e-05 -3.530379987923661436e-05 5.266704499635277252e-04 3.710038427302053606e-05 1.569305728409001905e-07 1.491361395371669399e-04 2.257343375854938515e-03 -1.065752899032426551e-08 1.916958746013022155e-04 7.491056856389733494e-04 3.406027186996319351e-08 2.473556985947396661e-03 9.697442596487384407e-05 3.497075608135859231e-05 3.543310463353004337e-06 -1.054940401559992973e-04 4.850350088197746433e-04 4.212258043441444101e-05 4.553668153420815197e-04 5.187641263579057015e-05 1.632628058701679919e-03 4.261482009610920868e-05 1.997812400020555594e-04 3.630570014414725419e-05 2.023825489229045226e-03 3.663297301334597910e-05 1.681204770261511203e-03 4.460798068946811805e-05
1.319028184828040543e-03 1.350711274856252657e-03 2.999425524249578652e-03 5.611219166104403777e-05 3.633076583495805766e-04 7.878408731648150207e-05 -3.025466434277764992e-04 4.286395574707929819e-03 3.330174568049949400e-04 2.048228353962258200e-06 1.334877735789032505e-03 3.330288820047808129e-02 -1.375051111243825714e-07 1.785835586116597037e-03 1.145969964971286018e-02 8.922226379169728431e-07 2.451859513532715640e-02 1.490049788649798262e-03 5.243627866028773487e-04 6.291669631018739816e-05 -9.275095251819393590e-04 5.683207917079354313e-03 4.553668153420815197e-04 5.504407153768958727e-03 5.650560414400017991e-04 1.753569706038100862e-02 4.202027997240096163e-04 2.960363742035922868e-03 4.492109501414228052e-04 2.965987064911742785e-02 4.418632195878072688e-04 1.941722599876667676e-02 4.740259864568626899e-04
2.027758360133404870e-04 2.076394916210248635e-04 4.610899645562331465e-04 1.016558848590767222e-05 6.457325656621126266e-05 1.291499305907968244e-05 -4.695747535178418461e-05 6.078210882721033111e-04 5.080281200374769425e-05 2.717669266100645454e-07 2.052055378290681444e-04 3.932145495735438548e-03 -1.728932681571808777e-08 2.673997648066681163e-04 2.834712538814157653e-04 3.540787282945638565e-08 3.099393055044814826e-03 8.853559433309415145e-05 3.208654828058384116e-05 3.709834617569633614e-06 -6.759681565460655427e-05 5.873771114026358521e-04 5.187641263579057015e-05 5.650560414400017991e-04 6.824982896637601514e-05 2.071428531996921934e-03 5.505470011034252118e-05 3.488128304100371682e-04 5.785997955866020856e-05 3.504993382720048446e-03 5.759541116134257586e-05 2.294119673503205743e-03 6.141164858267127895e-05
6.351239258787820877e-03 6.504086964104094370e-03 1.444316532757954422e-02 3.453683830943937499e-04 2.761749114517485313e-03 1.057203778366119871e-03 -1.479538804491085154e-03 2.037736418191514465e-02 1.590369064965157717e-03 8.029646297037440418e-06 6.444166768912345557e-03 9.071312942466470963e-02 -4.365602568016278670e-07 8.214653938452049289e-03 2.134482975629224677e-02 6.945047036693956250e-07 9.236305342034913102e-02 3.228027173566236970e-03 1.159805330661276435e-03 9.443079510286476216e-05 -4.976643174013376837e-03 1.845566874324316639e-02 1.632628058701679919e-03 1.753569706038100862e-02 2.071428531996921934e-03 6.470627290215887062e-02 1.719480574628470685e-03 8.021180951294186803e-03 1.506369471231890772e-03 8.050254096984622854e-02 1.517318927272208809e-03 6.013129263332982893e-02 1.725936154783267546e-03
1.940967066249813671e-04 1.987527223168157728e-04 4.413561580896929282e-04 1.312344456946953132e-05 1.020314217007604380e-04 3.700184865090183135e-05 -4.638708363063629900e-05 6.091337049023569546e-04 4.814448508199779548e-05 1.693338455049712312e-07 1.967180435720808894e-04 1.727642974484816345e-03 -9.977325367909437248e-09 2.444295691825143805e-04 2.692602096802321145e-04 -2.378672299396173131e-08 2.588142887718900866e-03 4.885097933518335090e-05 1.850325386574966247e-05 6.338202651435673222e-07 -1.373878421056968244e-04 4.426341214876815863e-04 4.261482009610920868e-05 4.202027997240096163e-04 5.505470011034252118e-05 1.719480574628470685e-03 4.890064260748490680e-05 1.516404492091812507e-04 3.618485617643347254e-05 1.538354955421844094e-03 3.733551683153667498e-05 1.140542954459883773e-03 4.122051448146371984e-05
-2.552372998331923075e-05 -2.614081097811407701e-05 -5.806991696638058906e-05 1.540319694783426986e-07 2.977133045030125745e-06 2.372122875873587207e-06 5.851837895192442030e-06 -1.860995461765099451e-05 -5.807187511636491235e-06 -2.762408372810644407e-08 -2.584369528459406215e-05 9.385823473605781064e-02 -3.038657117389417360e-07 4.355416040638417086e-04 -1.952943744127955822e-02 7.434449925431962950e-07 4.429332375816817137e-03 1.380931364841315263e-05 4.788673863967449847e-06 4.517094593406915365e-07 -1.704456036205751125e-05 3.092732240086867868e-03 1.997812400020555594e-04 2.960363742035922868e-03 3.488128304100371682e-04 8.021180951294186803e-03 1.516404492091812507e-04 8.401047536005531655e-03 8.823650391699965371e-04 8.372642478891267892e-02 8.172253363014078198e-04 5.460543299520437266e-02 9.027962466258377880e-04
1.081268594938359268e-04 1.107816441645490761e-04 2.460029212442245081e-04 -6.372109356065962692e-07 -1.244538971188840451e-05 -9.954042185504140391e-06 -2.542189734847047575e-05 7.889589451358213900e-05 2.480821299232027717e-05 9.876874009943114532e-08 1.094822391331549347e-04 9.877007839416121829e-03 -3.438505440359650586e-08 1.715045359051115231e-04 -2.073052014033818086e-03 4.916082465422092116e-08 1.378895450499934656e-03 1.454623428705475192e-06 5.167678068146850468e-07 6.751730754513022919e-07 3.846662649468065795e-05 4.700891675053319027e-04 3.630570014414725419e-05 4.492109501414228052e-04 5.785997955866020856e-05 1.506369471231890772e-03 3.618485617643347254e-05 8.823650391699965371e-04 1.042190388975009288e-04 8.768665718231075448e-03 9.831728853297824517e-05 5.749832247816017566e-03 1.078349358477751808e-04
-4.773545105429356566e-04 -5.081186116492785376e-04 -1.128344027172328281e-03 1.415252394255711772e-04 6.769635909094965081e-04 -6.186536004291169491e-05 7.351308930234133187e-05 1.896938015189703584e-03 -9.212169659059840318e-05 -8.082795554245413927e-07 -5.021632669341784521e-04 9.353671751764006670e-01 -3.025040023533192277e-06 4.127907812059216849e-03 -1.966049416227423907e-01 7.674527942570645136e-06 5.366072549046225354e-02 1.373254721012824825e-04 6.940295337041212673e-05 2.075929659742926345e-05 6.296988710978903680e-04 3.099634083739723212e-02 2.023825489229045226e-03 2.965987064911742785e-02 3.504993382720048446e-03 8.050254096984622854e-02 1.538354955421844094e-03 8.372642478891267892e-02 8.768665718231075448e-03 8.471457850472086104e-01 8.237792369641882065e-03 5.442168850494865096e-01 8.969740725125432274e-03
1.175219412386106001e-04 1.202252184420609163e-04 2.669757443687617495e-04 6.260701260463266416e-07 -7.616232383504958979e-06 -1.182766610661460281e-05 -2.798209381518833549e-05 1.071003082788330585e-04 2.712371760732769761e-05 1.042990114952806121e-07 1.188160780363863624e-04 9.150802179726393037e-03 -3.224943449719656677e-08 1.789487982469072222e-04 -1.942633548581535917e-03 4.296259921845182223e-08 1.528359440497442309e-03 1.342673050648681063e-06 6.863373472480446533e-07 8.902700176664353049e-07 5.031427856952030189e-05 4.625916189443704096e-04 3.663297301334597910e-05 4.418632195878072688e-04 5.759541116134257586e-05 1.517318927272208809e-03 3.733551683153667498e-05 8.172253363014078198e-04 9.831728853297824517e-05 8.237792369641882065e-03 9.414185756043822102e-05 5.328010502093524087e-03 1.019006951874055903e-04
-2.582094883708488414e-05 -2.645468790919887087e-05 -5.874607851825688144e-05 1.522541033362323335e-07 2.972931206541874783e-06 2.377586222528089577e-06 6.067237105812594638e-06 -1.884019732982780064e-05 -5.923088680583957753e-06 -2.368945027021002083e-08 3.363817375205051339e-04 6.100872576551454873e-01 -1.978158889149263107e-06 2.988916243605621234e-03 -1.269754005965622878e-01 4.798130752557013544e-06 2.994012578099391683e-02 8.977115470711721204e-05 3.114378205056564668e-05 3.737624049200715366e-06 -5.938213608228986781e-05 2.602113573829087020e-02 1.681204770261511203e-03 1.941722599876667676e-02 2.294119673503205743e-03 6.013129263332982893e-02 1.140542954459883773e-03 5.460543299520437266e-02 5.749832247816017566e-03 5.442168850494865096e-01 5.328010502093524087e-03 5.139228208245776308e-01 8.448912987589112314e-03
1.221733575749835632e-04 1.251719317465298774e-04 2.779605700094693686e-04 -7.203993690633439357e-07 -1.406660122057600348e-05 -1.124969092182282183e-05 -2.870749380213663676e-05 8.914351560005224692e-05 2.802544694210530783e-05 1.120880454703169584e-07 1.295579901057381260e-04 1.010769473228152401e-02 -3.543787449249459073e-08 1.885597114693838227e-04 -2.123486825007929978e-03 4.732533180916561628e-08 1.505923524055115649e-03 1.488867257755669611e-06 5.301840875154646555e-07 7.563269705743337245e-07 4.355916106198064788e-05 5.886973884366758416e-04 4.460798068946811805e-05 4.740259864568626899e-04 6.141164858267127895e-05 1.725936154783267546e-03 4.122051448146371984e-05 9.027962466258377880e-04 1.078349358477751808e-04 8.969740725125432274e-03 1.019006951874055903e-04 8.448912987589112314e-03 1.530938148433252802e-04
