theo_error.scale_from_amplitudes = yes
scaling_form = 1
eft_nu = 3.0
eft_C = 2.1603
residual_list.load = no
residual_list.load.prefix = NLOsim-525-158.theo
eft_C = 3.47120426595211029
eft_C = 3.29273916780948639
