5.636348785783673132e-09 7.990701408185353504e-10 -5.646680926773933713e-07 -1.470829848797141013e-08 1.415721680903057751e-07 9.923351971584217085e-08 2.731454662694330259e-07 -1.318512982834552377e-07 -5.273194502349555606e-07 -1.358775200462160962e-09 2.392062250014957910e-09 2.002424711437690084e-07 5.695056541258488529e-11 -5.138074300939265026e-06 -4.415049247425860002e-07 4.237156970518072547e-10 -1.872570008089957736e-05 5.652681297170633850e-11 7.832862024602272539e-09 -9.843477488066333998e-09 -6.268565986660027203e-07 -1.062962811881527004e-06 -9.549909992722429814e-08 -1.044267531360478545e-06 -1.482334787640278624e-07 -5.326034816931909461e-06 -1.470349363406445159e-07 5.066108693416264108e-08 -2.144913073971646037e-07 5.880153997791784306e-06 -1.829780026297089559e-07 5.357918950803529738e-08 -2.428271571961716344e-07
7.990701408185353504e-10 1.819030109708620457e-10 -1.216736653270978767e-07 -2.643991322660571612e-09 1.173695734717150217e-08 2.505774104464513989e-08 6.084418251499146311e-08 -1.004881760101931906e-07 -1.152318193548123220e-07 -1.677442458439643869e-10 5.154372726637985424e-10 7.071811288879306881e-08 1.239670860376994389e-11 -1.116270519470499174e-06 6.572149186646265654e-08 8.029783958367108317e-11 -5.328783146216240072e-06 5.209708947881172642e-12 -2.404234756410597577e-10 -2.909044807250486633e-09 -1.580366164147919393e-07 -2.606970461243577541e-07 -2.483649023031625442e-08 -2.539824617368501956e-07 -3.622623755891158902e-08 -1.277267857306089977e-06 -3.615687099620368371e-08 1.338033880207132991e-08 -4.595532853512991466e-08 2.073850583928395335e-07 -4.997680524892026434e-08 1.154514741887911616e-08 -5.232395922518971375e-08
-5.646680926773933713e-07 -1.216736653270978767e-07 8.598544290991663936e-05 1.863418344133388916e-06 -8.259705679299185423e-06 -1.766649545189285053e-05 -4.324057298532413111e-05 7.111201267075267763e-05 8.156353720080055834e-05 8.785132249186849914e-08 -3.642538593961932738e-07 -3.051347358659277045e-05 -8.850043949020905799e-09 7.896629006447766427e-04 -4.636084042049573166e-05 -5.763094994872038612e-08 3.769391247111758114e-03 -3.711134623850618901e-09 1.708968423082108389e-07 2.051234520086800353e-06 1.114206364844987871e-04 1.841634527757020140e-04 1.754833836501286338e-05 1.799134752229058370e-04 2.564069335102999356e-05 9.029769769306284031e-04 2.555622431395607213e-05 -7.713051617412115449e-06 3.266204670093992240e-05 -1.464904264737561463e-04 3.531871954829321199e-05 -8.158828877258403664e-06 3.697676729539899765e-05
-1.470829848797141013e-08 -2.643991322660571612e-09 1.863418344133388916e-06 5.478467041473606105e-06 -2.911149036991349113e-05 -4.939525826739823495e-05 1.587018012681739888e-06 -3.025404491095353210e-05 3.026856971259350117e-06 3.197606930000781637e-07 -7.893863199976263702e-09 -5.089424316215639806e-07 -6.594133466705058385e-11 3.367550935202769688e-05 -3.040759242675307274e-05 8.123339538159059306e-08 3.439646851482926356e-04 6.272119285833749324e-09 -7.153743469890586359e-08 5.629934393058134217e-06 3.115885333959603882e-04 7.018776676696823476e-05 5.271220942233828081e-06 6.620634379319242382e-05 7.533241675792530418e-06 4.025807806938367099e-04 8.667151253967358943e-06 -1.689674127983360892e-07 7.076361024001240678e-07 -9.477895538903119275e-06 7.026537895504135918e-07 -1.768126194623019575e-07 8.013354836955953416e-07
1.415721680903057751e-07 1.173695734717150217e-08 -8.259705679299185423e-06 -2.911149036991349113e-05 1.888021857925257455e-04 2.445001086335157371e-04 -1.180914732864144692e-05 2.596256504780934085e-04 -1.045084473020434438e-05 -1.976806351167339117e-06 3.498998864625726730e-08 2.137327235939397725e-06 -2.003070092468655169e-10 -1.320785226319935550e-04 2.968968013164625637e-04 -3.969682902707173196e-07 6.053575723439950582e-04 -1.552001396061362093e-07 4.435174808471164195e-06 -2.708528413351558349e-05 -1.542754185326829751e-03 -3.201673051105007745e-04 -1.939078084168617650e-05 -3.028826673762282057e-04 -3.169819777834766150e-05 -1.857442614412971186e-03 -3.575561744396939213e-05 7.533472570205220815e-07 -3.136168138866308426e-06 2.368250421619662435e-04 -1.175159334836790058e-06 7.837317914908245994e-07 -3.551964198776116363e-06
9.923351971584217085e-08 2.505774104464513989e-08 -1.766649545189285053e-05 -4.939525826739823495e-05 2.445001086335157371e-04 4.548352514760737480e-04 -1.252999282920071168e-05 2.206825160981267040e-04 -3.025968153650356287e-05 -2.736717267031149686e-06 7.483928596028795000e-08 4.887620040234672457e-06 8.847542023058912392e-10 -3.283267155769568338e-04 2.029038350073069426e-04 -7.507013348150724227e-07 -4.383525237442400906e-03 1.440247943134745801e-08 -1.489821594416660054e-06 -5.225279093962237098e-05 -2.868905118346557967e-03 -6.606420807742769373e-04 -5.206865288246714801e-05 -6.227041725574978788e-04 -7.231210629780402267e-05 -3.778252960386571224e-03 -8.357329479139782955e-05 1.599614687620847751e-06 -6.709126758410766652e-06 -1.270971089997942704e-05 -7.682707437773192769e-06 1.676305992909354322e-06 -7.597214937117312530e-06
2.731454662694330259e-07 6.084418251499146311e-08 -4.324057298532413111e-05 1.587018012681739888e-06 -1.180914732864144692e-05 -1.252999282920071168e-05 1.383640064312700998e-04 -6.812018463783271098e-05 -8.130465309530017742e-05 6.311600306243594714e-06 1.831768850560934660e-07 1.801259157848738177e-05 1.457154358497542205e-08 -4.338458820885827093e-04 -9.034398055478073540e-06 7.602754376455243324e-07 -2.470956715014329709e-03 1.174795514566924145e-08 -4.228014328517617277e-07 1.350627773695595619e-06 7.908330963490525518e-05 -5.302598115296264914e-05 -6.469723394118721008e-06 -5.323682960564844318e-05 -8.824608793080692800e-06 -2.345342348464417195e-04 -8.778589616600884039e-06 3.791722392378954880e-06 -1.643445668966594139e-05 4.607860687816112957e-05 -1.803581559810549733e-05 4.102932119701530763e-06 -1.859496853058189875e-05
-1.318512982834552377e-07 -1.004881760101931906e-07 7.111201267075267763e-05 -3.025404491095353210e-05 2.596256504780934085e-04 2.206825160981267040e-04 -6.812018463783271098e-05 1.014882887211361953e-02 -4.041100837685201070e-05 -1.954620841496479633e-05 -3.012466318501141179e-07 -3.254371972440612073e-05 -5.312795720537007367e-09 -2.121490544078732444e-04 7.327435242914994307e-04 -4.356648862768840728e-07 7.654817928375097502e-02 -3.382144728203228007e-07 1.216488027291911778e-05 -2.288369369456797218e-05 -1.393344004793042185e-03 1.172008404784094607e-04 3.635355827911430573e-05 1.363042172793250809e-04 1.843182785128820951e-05 1.015893237472313812e-04 1.519094272501742133e-05 -6.343683259916146893e-06 2.701604661505024640e-05 7.336947356905137302e-04 3.771951008109135410e-05 -6.747546129476141916e-06 3.058066872073563473e-05
-5.273194502349555606e-07 -1.152318193548123220e-07 8.156353720080055834e-05 3.026856971259350117e-06 -1.045084473020434438e-05 -3.025968153650356287e-05 -8.130465309530017742e-05 -4.041100837685201070e-05 3.123624994237679140e-04 1.154515980302605219e-05 -3.455216628066026155e-07 -2.088773144758716258e-05 -2.181355339800480651e-08 2.623248206997081701e-03 -5.833366669354853810e-05 1.465611973282636594e-07 9.675087542656272965e-03 -1.588522198183556465e-08 6.304399959559223754e-07 3.578123195761675807e-06 1.908085900813703156e-04 2.421479072088606984e-04 2.261245269312631818e-05 2.355556523647363721e-04 3.152058313514886152e-05 1.180250104401055601e-03 3.073095192049369597e-05 -7.269599541958942684e-06 3.098735414267910344e-05 -1.177609799971964140e-04 3.371342010553481257e-05 -7.739251204909334953e-06 3.507519218134763709e-05
-1.358775200462160962e-09 -1.677442458439643869e-10 8.785132249186849914e-08 3.197606930000781637e-07 -1.976806351167339117e-06 -2.736717267031149686e-06 6.311600306243594714e-06 -1.954620841496479633e-05 1.154515980302605219e-05 5.012140812802168227e-06 -3.721581489584058127e-10 1.299791615857870525e-06 1.218128731057313777e-10 6.759145977978237279e-05 -7.499829399509433766e-06 -3.369085020204489201e-08 1.198261075997333913e-04 1.304122663135138289e-09 -3.720296750687864231e-08 3.055541359424433714e-07 1.726691926318726957e-05 7.927644764237669277e-06 5.401252633799774733e-07 7.567802766724174065e-06 7.976556290220560862e-07 4.032767766882275193e-05 7.118316929158349840e-07 -1.888889209234205944e-08 3.219635900606741400e-08 -2.143937702090155323e-06 1.623196683641461348e-08 -8.335875034142864979e-09 3.777916119799668976e-08
2.392062250014957910e-09 5.154372726637985424e-10 -3.642538593961932738e-07 -7.893863199976263702e-09 3.498998864625726730e-08 7.483928596028795000e-08 1.831768850560934660e-07 -3.012466318501141179e-07 -3.455216628066026155e-07 -3.721581489584058127e-10 5.900917060633944006e-08 1.292620022803694841e-07 3.749079559471583296e-11 -3.345191342250789413e-06 1.963950463767281876e-07 2.441377892474543176e-10 -1.596799717334873708e-05 1.572120888988785432e-11 -7.239578266126404887e-10 -8.689495165490913184e-09 -4.720031145083315879e-07 3.507025831425989647e-06 1.574256456390980374e-07 -7.621543308904306962e-07 -1.086197988244571214e-07 2.302671285685284291e-06 -1.428130397307558697e-08 3.267423792080503503e-08 -1.383638458321410502e-07 6.205667075944791387e-07 -1.496181152183594859e-07 9.532104194470376391e-05 1.445929711447679665e-06
2.002424711437690084e-07 7.071811288879306881e-08 -3.051347358659277045e-05 -5.089424316215639806e-07 2.137327235939397725e-06 4.887620040234672457e-06 1.801259157848738177e-05 -3.254371972440612073e-05 -2.088773144758716258e-05 1.299791615857870525e-06 1.292620022803694841e-07 4.383506482009085869e-04 1.521976630695866757e-09 -1.788733923809865281e-04 -5.120325619197837541e-05 5.097339208613314767e-08 -1.129865438017071478e-03 6.570365692422304662e-07 1.696174560200735584e-07 -5.381683886393380167e-07 -3.135001170222929013e-05 -4.408798042944836123e-05 -4.955226127448919860e-06 -4.125537539709811540e-05 -6.912624303539533161e-06 -2.430739701279434274e-04 -7.777496159809648948e-06 4.085271957442684643e-05 -6.876320529994314144e-06 3.564069441198420142e-04 -8.793302026362775412e-06 2.050129051718638359e-04 -9.004522294211353054e-06
5.695056541258488529e-11 1.239670860376994389e-11 -8.850043949020905799e-09 -6.594133466705058385e-11 -2.003070092468655169e-10 8.847542023058912392e-10 1.457154358497542205e-08 -5.312795720537007367e-09 -2.181355339800480651e-08 1.218128731057313777e-10 3.749079559471583296e-11 1.521976630695866757e-09 2.249653712549376315e-12 -1.704999263778870943e-07 3.128566527311836441e-09 4.388705708015380508e-11 -7.136337954051307968e-07 -7.642313587013316117e-13 -6.553996712352867211e-11 -1.135988517429894878e-10 -5.572119575218572401e-09 -1.919210696796199299e-08 -1.910687191455398893e-09 -1.881310230381316594e-08 -2.677237698100159943e-09 -9.187552082981028008e-08 -2.635568655253083492e-09 6.531726985815572637e-10 -3.379008723924010392e-09 1.103549505996691992e-08 -3.677890348199622487e-09 1.346331240723754328e-10 -3.820194332387942085e-09
-5.138074300939265026e-06 -1.116270519470499174e-06 7.896629006447766427e-04 3.367550935202769688e-05 -1.320785226319935550e-04 -3.283267155769568338e-04 -4.338458820885827093e-04 -2.121490544078732444e-04 2.623248206997081701e-03 6.759145977978237279e-05 -3.345191342250789413e-06 -1.788733923809865281e-04 -1.704999263778870943e-07 2.352473532035009862e-02 -5.860715875629716586e-04 4.297480989307889177e-06 8.707175832725365383e-02 3.163121725402835080e-08 5.188364006052678077e-06 3.850436848858457153e-05 2.070391981818990243e-03 2.357054484386535143e-03 2.179195293750631115e-04 2.290564838815630812e-03 3.065953130119649273e-04 1.156073171065246860e-02 3.002843758806875239e-04 -6.752803686611708717e-05 3.003733332459365343e-04 -1.194190365097945287e-03 3.259291804773885434e-04 -5.534446373653370175e-05 3.399817835375446300e-04
-4.415049247425860002e-07 6.572149186646265654e-08 -4.636084042049573166e-05 -3.040759242675307274e-05 2.968968013164625637e-04 2.029038350073069426e-04 -9.034398055478073540e-06 7.327435242914994307e-04 -5.833366669354853810e-05 -7.499829399509433766e-06 1.963950463767281876e-07 -5.120325619197837541e-05 3.128566527311836441e-09 -5.860715875629716586e-04 4.511943691969640471e-03 -1.545857949445481968e-07 7.086277154114055052e-03 2.475445571247670423e-04 1.036302424380592611e-04 -8.078967005282913791e-06 -1.486224577677297889e-03 1.852498328322399815e-04 2.157299718101701584e-05 1.883807058277886136e-04 2.016172727045017392e-07 -4.766899772643917277e-04 -7.712100433934929993e-06 -1.628616503294966308e-06 -1.834891575657010375e-05 -1.880510116425847863e-03 -3.868526872163772850e-05 -3.336558607807071458e-05 -2.070609726858990899e-05
4.237156970518072547e-10 8.029783958367108317e-11 -5.763094994872038612e-08 8.123339538159059306e-08 -3.969682902707173196e-07 -7.507013348150724227e-07 7.602754376455243324e-07 -4.356648862768840728e-07 1.465611973282636594e-07 -3.369085020204489201e-08 2.441377892474543176e-10 5.097339208613314767e-08 4.388705708015380508e-11 4.297480989307889177e-06 -1.545857949445481968e-07 9.061012347364459307e-09 1.700125137626093440e-05 1.403399503275717632e-08 8.004686118903140389e-09 8.703636229349953893e-08 4.723467232370840661e-06 1.124557465153870915e-06 8.472690351013290520e-08 1.056629566380966270e-06 1.162101834413287379e-07 6.314121720227713209e-06 1.308474878150969994e-07 5.931936168380309833e-09 -2.178763127417072244e-08 2.242286832946156653e-07 -2.239276084130622400e-08 1.247837584586266343e-08 -2.464053628963845590e-08
-1.872570008089957736e-05 -5.328783146216240072e-06 3.769391247111758114e-03 3.439646851482926356e-04 6.053575723439950582e-04 -4.383525237442400906e-03 -2.470956715014329709e-03 7.654817928375097502e-02 9.675087542656272965e-03 1.198261075997333913e-04 -1.596799717334873708e-05 -1.129865438017071478e-03 -7.136337954051307968e-07 8.707175832725365383e-02 7.086277154114055052e-03 1.700125137626093440e-05 1.035510377221655842e+00 1.870587475569453391e-05 2.942559305228929453e-04 5.566626078955057202e-04 2.759736082503096849e-02 1.775521057590777330e-02 1.900565997451247142e-03 1.715614571628960514e-02 2.270102982938642343e-03 8.919069962496024850e-02 2.403758546037803277e-03 -3.352945347475911296e-04 1.432157686891782260e-03 8.970233950588896860e-03 1.701544416882598250e-03 -3.476913086380404878e-04 1.621174060990461996e-03
5.652681297170633850e-11 5.209708947881172642e-12 -3.711134623850618901e-09 6.272119285833749324e-09 -1.552001396061362093e-07 1.440247943134745801e-08 1.174795514566924145e-08 -3.382144728203228007e-07 -1.588522198183556465e-08 1.304122663135138289e-09 1.572120888988785432e-11 6.570365692422304662e-07 -7.642313587013316117e-13 3.163121725402835080e-08 2.475445571247670423e-04 1.403399503275717632e-08 1.870587475569453391e-05 1.971462206901028764e-05 6.910928372737776902e-06 9.447249609106085383e-07 -1.634159870401296968e-05 3.880099642383918546e-05 2.088586755169543516e-06 3.823819340776048523e-05 1.932239845567773718e-06 9.107875658156521772e-05 9.821577769449095438e-07 5.880032935729191015e-08 6.045124652741156340e-09 6.869379891650751738e-07 6.394788506293123861e-09 3.800012776448843404e-07 6.137928942757701827e-09
7.832862024602272539e-09 -2.404234756410597577e-10 1.708968423082108389e-07 -7.153743469890586359e-08 4.435174808471164195e-06 -1.489821594416660054e-06 -4.228014328517617277e-07 1.216488027291911778e-05 6.304399959559223754e-07 -3.720296750687864231e-08 -7.239578266126404887e-10 1.696174560200735584e-07 -6.553996712352867211e-11 5.188364006052678077e-06 1.036302424380592611e-04 8.004686118903140389e-09 2.942559305228929453e-04 6.910928372737776902e-06 2.915924750665319498e-06 5.962416834298078253e-07 3.638054048967036462e-06 1.902904495465044556e-05 1.698327367094899420e-06 1.841974585073392789e-05 1.578413739368995260e-06 6.043279193281573180e-05 1.465835402221649781e-06 5.576488554616672838e-09 6.757425192151681997e-08 2.276128880296983485e-05 3.000856468544507498e-07 1.172006724212072035e-07 7.620948912790863688e-08
-9.843477488066333998e-09 -2.909044807250486633e-09 2.051234520086800353e-06 5.629934393058134217e-06 -2.708528413351558349e-05 -5.225279093962237098e-05 1.350627773695595619e-06 -2.288369369456797218e-05 3.578123195761675807e-06 3.055541359424433714e-07 -8.689495165490913184e-09 -5.381683886393380167e-07 -1.135988517429894878e-10 3.850436848858457153e-05 -8.078967005282913791e-06 8.703636229349953893e-08 5.566626078955057202e-04 9.447249609106085383e-07 5.962416834298078253e-07 6.066268377237844951e-06 3.287983567827844063e-04 7.838337328380543477e-05 6.234137580816401384e-06 7.394292526327984406e-05 8.527152118812670112e-06 4.415155944947320513e-04 9.810350945785665784e-06 -1.827868909274873185e-07 7.793614080791024854e-07 5.786107124218611128e-06 9.349956528651449982e-07 -1.761534505085708308e-07 8.824795142579518491e-07
-6.268565986660027203e-07 -1.580366164147919393e-07 1.114206364844987871e-04 3.115885333959603882e-04 -1.542754185326829751e-03 -2.868905118346557967e-03 7.908330963490525518e-05 -1.393344004793042185e-03 1.908085900813703156e-04 1.726691926318726957e-05 -4.720031145083315879e-07 -3.135001170222929013e-05 -5.572119575218572401e-09 2.070391981818990243e-03 -1.486224577677297889e-03 4.723467232370840661e-06 2.759736082503096849e-02 -1.634159870401296968e-05 3.638054048967036462e-06 3.287983567827844063e-04 1.810939148069731774e-02 4.134694553340318400e-03 3.266066213680452433e-04 3.895897056417981560e-03 4.544399559529511880e-04 2.375473947039522318e-02 5.262306405971046942e-04 -1.013554149155360595e-05 4.230773699606530432e-05 7.714429208899057310e-05 4.842294529073859401e-05 -1.087672880699556025e-05 4.790859389466576191e-05
-1.062962811881527004e-06 -2.606970461243577541e-07 1.841634527757020140e-04 7.018776676696823476e-05 -3.201673051105007745e-04 -6.606420807742769373e-04 -5.302598115296264914e-05 1.172008404784094607e-04 2.421479072088606984e-04 7.927644764237669277e-06 3.507025831425989647e-06 -4.408798042944836123e-05 -1.919210696796199299e-08 2.357054484386535143e-03 1.852498328322399815e-04 1.124557465153870915e-06 1.775521057590777330e-02 3.880099642383918546e-05 1.902904495465044556e-05 7.838337328380543477e-05 4.134694553340318400e-03 1.691827783106337937e-03 1.326440015400598676e-04 1.308470820783711559e-03 1.573240169045640930e-04 7.716934930589228886e-03 1.784256602981727877e-04 -1.503017007045594488e-05 7.014594312223219365e-05 7.470030780649266917e-05 7.954680783718297179e-05 7.102162013391477569e-03 1.989652298296977300e-04
-9.549909992722429814e-08 -2.483649023031625442e-08 1.754833836501286338e-05 5.271220942233828081e-06 -1.939078084168617650e-05 -5.206865288246714801e-05 -6.469723394118721008e-06 3.635355827911430573e-05 2.261245269312631818e-05 5.401252633799774733e-07 1.574256456390980374e-07 -4.955226127448919860e-06 -1.910687191455398893e-09 2.179195293750631115e-04 2.157299718101701584e-05 8.472690351013290520e-08 1.900565997451247142e-03 2.088586755169543516e-06 1.698327367094899420e-06 6.234137580816401384e-06 3.266066213680452433e-04 1.326440015400598676e-04 1.134944785714814562e-05 1.099836253674835130e-04 1.381987756593878552e-05 6.365161111633807489e-04 1.554004737800212605e-05 -1.490824417326783763e-06 6.676478262713286943e-06 2.129064965643598188e-05 7.719497511092349807e-06 3.831995934871535478e-04 1.402126951210418956e-05
-1.044267531360478545e-06 -2.539824617368501956e-07 1.799134752229058370e-04 6.620634379319242382e-05 -3.028826673762282057e-04 -6.227041725574978788e-04 -5.323682960564844318e-05 1.363042172793250809e-04 2.355556523647363721e-04 7.567802766724174065e-06 -7.621543308904306962e-07 -4.125537539709811540e-05 -1.881310230381316594e-08 2.290564838815630812e-03 1.883807058277886136e-04 1.056629566380966270e-06 1.715614571628960514e-02 3.823819340776048523e-05 1.841974585073392789e-05 7.394292526327984406e-05 3.895897056417981560e-03 1.308470820783711559e-03 1.099836253674835130e-04 1.248525766662445012e-03 1.500928818694457936e-04 6.907245567931965570e-03 1.631915396522472359e-04 -1.451139915540536381e-05 6.854540515513115326e-05 5.804272160902018891e-05 7.756230346317905151e-05 -7.502052223074779183e-06 7.756406313884848375e-05
-1.482334787640278624e-07 -3.622623755891158902e-08 2.564069335102999356e-05 7.533241675792530418e-06 -3.169819777834766150e-05 -7.231210629780402267e-05 -8.824608793080692800e-06 1.843182785128820951e-05 3.152058313514886152e-05 7.976556290220560862e-07 -1.086197988244571214e-07 -6.912624303539533161e-06 -2.677237698100159943e-09 3.065953130119649273e-04 2.016172727045017392e-07 1.162101834413287379e-07 2.270102982938642343e-03 1.932239845567773718e-06 1.578413739368995260e-06 8.527152118812670112e-06 4.544399559529511880e-04 1.573240169045640930e-04 1.381987756593878552e-05 1.500928818694457936e-04 1.882023794727623474e-05 8.404267689479692294e-04 2.056054730139015129e-05 -2.147064013894476913e-06 9.758962011693351121e-06 9.075694710775495787e-06 1.106033438789549861e-05 -1.533172367031484447e-06 1.104473008507611615e-05
-5.326034816931909461e-06 -1.277267857306089977e-06 9.029769769306284031e-04 4.025807806938367099e-04 -1.857442614412971186e-03 -3.778252960386571224e-03 -2.345342348464417195e-04 1.015893237472313812e-04 1.180250104401055601e-03 4.032767766882275193e-05 2.302671285685284291e-06 -2.430739701279434274e-04 -9.187552082981028008e-08 1.156073171065246860e-02 -4.766899772643917277e-04 6.314121720227713209e-06 8.919069962496024850e-02 9.107875658156521772e-05 6.043279193281573180e-05 4.415155944947320513e-04 2.375473947039522318e-02 7.716934930589228886e-03 6.365161111633807489e-04 6.907245567931965570e-03 8.404267689479692294e-04 4.002422612317699940e-02 9.383381519041519500e-04 -7.617096764744141994e-05 3.436137520369960362e-04 4.822409669132739392e-05 3.868010057932617430e-04 1.010695495860423898e-02 5.598399316732911597e-04
-1.470349363406445159e-07 -3.615687099620368371e-08 2.555622431395607213e-05 8.667151253967358943e-06 -3.575561744396939213e-05 -8.357329479139782955e-05 -8.778589616600884039e-06 1.519094272501742133e-05 3.073095192049369597e-05 7.118316929158349840e-07 -1.428130397307558697e-08 -7.777496159809648948e-06 -2.635568655253083492e-09 3.002843758806875239e-04 -7.712100433934929993e-06 1.308474878150969994e-07 2.403758546037803277e-03 9.821577769449095438e-07 1.465835402221649781e-06 9.810350945785665784e-06 5.262306405971046942e-04 1.784256602981727877e-04 1.554004737800212605e-05 1.631915396522472359e-04 2.056054730139015129e-05 9.383381519041519500e-04 2.286954521893028324e-05 -2.216158938440089916e-06 9.717365044956914464e-06 1.023452131732374546e-05 1.103429214404979267e-05 1.539008817085511414e-04 1.362096377090401220e-05
5.066108693416264108e-08 1.338033880207132991e-08 -7.713051617412115449e-06 -1.689674127983360892e-07 7.533472570205220815e-07 1.599614687620847751e-06 3.791722392378954880e-06 -6.343683259916146893e-06 -7.269599541958942684e-06 -1.888889209234205944e-08 3.267423792080503503e-08 4.085271957442684643e-05 6.531726985815572637e-10 -6.752803686611708717e-05 -1.628616503294966308e-06 5.931936168380309833e-09 -3.352945347475911296e-04 5.880032935729191015e-08 5.576488554616672838e-09 -1.827868909274873185e-07 -1.013554149155360595e-05 -1.503017007045594488e-05 -1.490824417326783763e-06 -1.451139915540536381e-05 -2.147064013894476913e-06 -7.617096764744141994e-05 -2.216158938440089916e-06 4.094809365798748830e-06 -2.508985953331324355e-06 4.035680358863793132e-05 -2.833899366287082456e-06 1.876488243073562833e-05 -2.949532344805568886e-06
-2.144913073971646037e-07 -4.595532853512991466e-08 3.266204670093992240e-05 7.076361024001240678e-07 -3.136168138866308426e-06 -6.709126758410766652e-06 -1.643445668966594139e-05 2.701604661505024640e-05 3.098735414267910344e-05 3.219635900606741400e-08 -1.383638458321410502e-07 -6.876320529994314144e-06 -3.379008723924010392e-09 3.003733332459365343e-04 -1.834891575657010375e-05 -2.178763127417072244e-08 1.432157686891782260e-03 6.045124652741156340e-09 6.757425192151681997e-08 7.793614080791024854e-07 4.230773699606530432e-05 7.014594312223219365e-05 6.676478262713286943e-06 6.854540515513115326e-05 9.758962011693351121e-06 3.436137520369960362e-04 9.717365044956914464e-06 -2.508985953331324355e-06 1.245913034012710599e-05 -5.217564703338323294e-05 1.345862329342279045e-05 -7.999900874722618467e-07 1.409266665753820245e-05
5.880153997791784306e-06 2.073850583928395335e-07 -1.464904264737561463e-04 -9.477895538903119275e-06 2.368250421619662435e-04 -1.270971089997942704e-05 4.607860687816112957e-05 7.336947356905137302e-04 -1.177609799971964140e-04 -2.143937702090155323e-06 6.205667075944791387e-07 3.564069441198420142e-04 1.103549505996691992e-08 -1.194190365097945287e-03 -1.880510116425847863e-03 2.242286832946156653e-07 8.970233950588896860e-03 6.869379891650751738e-07 2.276128880296983485e-05 5.786107124218611128e-06 7.714429208899057310e-05 7.470030780649266917e-05 2.129064965643598188e-05 5.804272160902018891e-05 9.075694710775495787e-06 4.822409669132739392e-05 1.023452131732374546e-05 4.035680358863793132e-05 -5.217564703338323294e-05 1.306172968416572169e-02 6.798999363106161473e-05 1.904281933047317595e-04 -5.939997567217687182e-05
-1.829780026297089559e-07 -4.997680524892026434e-08 3.531871954829321199e-05 7.026537895504135918e-07 -1.175159334836790058e-06 -7.682707437773192769e-06 -1.803581559810549733e-05 3.771951008109135410e-05 3.371342010553481257e-05 1.623196683641461348e-08 -1.496181152183594859e-07 -8.793302026362775412e-06 -3.677890348199622487e-09 3.259291804773885434e-04 -3.868526872163772850e-05 -2.239276084130622400e-08 1.701544416882598250e-03 6.394788506293123861e-09 3.000856468544507498e-07 9.349956528651449982e-07 4.842294529073859401e-05 7.954680783718297179e-05 7.719497511092349807e-06 7.756230346317905151e-05 1.106033438789549861e-05 3.868010057932617430e-04 1.103429214404979267e-05 -2.833899366287082456e-06 1.345862329342279045e-05 6.798999363106161473e-05 1.579073048921833229e-05 -1.182886699422840610e-06 1.523246466181187164e-05
5.357918950803529738e-08 1.154514741887911616e-08 -8.158828877258403664e-06 -1.768126194623019575e-07 7.837317914908245994e-07 1.676305992909354322e-06 4.102932119701530763e-06 -6.747546129476141916e-06 -7.739251204909334953e-06 -8.335875034142864979e-09 9.532104194470376391e-05 2.050129051718638359e-04 1.346331240723754328e-10 -5.534446373653370175e-05 -3.336558607807071458e-05 1.247837584586266343e-08 -3.476913086380404878e-04 3.800012776448843404e-07 1.172006724212072035e-07 -1.761534505085708308e-07 -1.087672880699556025e-05 7.102162013391477569e-03 3.831995934871535478e-04 -7.502052223074779183e-06 -1.533172367031484447e-06 1.010695495860423898e-02 1.539008817085511414e-04 1.876488243073562833e-05 -7.999900874722618467e-07 1.904281933047317595e-04 -1.182886699422840610e-06 1.582612258930324867e-01 2.656185114597261077e-03
-2.428271571961716344e-07 -5.232395922518971375e-08 3.697676729539899765e-05 8.013354836955953416e-07 -3.551964198776116363e-06 -7.597214937117312530e-06 -1.859496853058189875e-05 3.058066872073563473e-05 3.507519218134763709e-05 3.777916119799668976e-08 1.445929711447679665e-06 -9.004522294211353054e-06 -3.820194332387942085e-09 3.399817835375446300e-04 -2.070609726858990899e-05 -2.464053628963845590e-08 1.621174060990461996e-03 6.137928942757701827e-09 7.620948912790863688e-08 8.824795142579518491e-07 4.790859389466576191e-05 1.989652298296977300e-04 1.402126951210418956e-05 7.756406313884848375e-05 1.104473008507611615e-05 5.598399316732911597e-04 1.362096377090401220e-05 -2.949532344805568886e-06 1.409266665753820245e-05 -5.939997567217687182e-05 1.523246466181187164e-05 2.656185114597261077e-03 6.064464166948393601e-05
