2.895089476503316401e-03 2.961451360010300144e-03 5.654180022236244933e-03 1.177934814069980481e-05 -1.942180832413935580e-04 -2.068864251851124168e-04 -5.010378797565676924e-04 1.890530917220176622e-03 6.380100362376211380e-04 2.205655128553279354e-07 2.929114520901200669e-03 -1.803750766343315914e-04 -5.118181080847484312e-08 2.381099533488770324e-03 -2.739798408334331945e-04 -3.430629568724983364e-07 2.072388088459701377e-02 -1.645275861870923823e-08 8.568661020738468378e-07 1.333731089312587735e-05 1.020987177674630760e-03 2.780960562860662014e-03 2.972259177482700944e-04 2.643798320146501912e-03 4.085127256261527869e-04 1.261142299453973589e-02 3.845123620491671160e-04 -4.566162602829495381e-05 1.937354157378019326e-04 -8.377765725526881320e-04 2.106986774252475646e-04 -4.625414651606054298e-05 2.188215693575450897e-04
2.961451360010300144e-03 3.029375554630757503e-03 5.783864577235339928e-03 1.179644915767298436e-05 -1.998656182391506542e-04 -2.114328338305780750e-04 -5.124440892130671926e-04 1.928326872247607647e-03 6.525877903373428169e-04 2.272892830144655348e-07 2.996296837645729544e-03 -1.843872157953990146e-04 -5.235115099248392781e-08 2.435574689253388984e-03 -2.767172392944327393e-04 -3.512695916873271550e-07 2.117661038890296388e-02 -1.700856292633313757e-08 8.358223426828947454e-07 1.361572919908020859e-05 1.042834962186379045e-03 2.843885873254641330e-03 3.039222682970047114e-04 2.703633998466963180e-03 4.177479841684312634e-04 1.289715085814664708e-02 3.932034910788824293e-04 -4.669778635571162891e-05 1.981800848211082568e-04 -8.797082839137049248e-04 2.153153670422800544e-04 -4.731503392753371893e-05 2.238404717863208375e-04
5.654180022236244933e-03 5.783864577235339928e-03 1.104290011058656207e-02 2.252244537344234504e-05 -3.815968067233540227e-04 -4.036811466862401669e-04 -9.783831792765764271e-04 3.681670489352303639e-03 1.245957341607490136e-03 4.341778063272928653e-07 5.720709093020296364e-03 -3.522811719375411603e-04 -9.995087867396872424e-08 4.650137628754615580e-03 -5.283259656368812819e-04 -6.706535313067419545e-07 4.043158846453591415e-02 -3.247343678987869341e-08 1.595790518266276822e-06 2.599601909764485882e-05 1.991047264314454567e-03 5.429716800268821059e-03 5.802665218552169888e-04 5.161934867277968159e-03 7.975888439953450829e-04 2.462400448624374460e-02 7.507274541248878377e-04 -8.917953930467586283e-05 3.783750773676011173e-04 -1.679592349613280751e-03 4.110929674881522015e-04 -9.033669208771825433e-05 4.273696137997135642e-04
1.177934814069980481e-05 1.179644915767298436e-05 2.252244537344234504e-05 2.043267289178595856e-05 4.280747926853859127e-05 -5.840266815557074149e-05 -3.690297823431169729e-06 2.076334692439417537e-04 7.708734961426697577e-06 -2.742657265611625446e-08 1.166761962479264743e-05 -6.308372564643257815e-07 -4.464506460833095131e-10 2.657991686799997716e-05 8.924638698717871738e-05 5.922488271776178122e-08 1.830106385045352554e-03 -9.009098268649280429e-08 3.029724791804319844e-06 4.799336016261380962e-06 3.299246025447121443e-04 4.726349666679086309e-05 7.595159395381466284e-06 4.350852458020719194e-05 8.160326932778724297e-06 2.061998872212689551e-04 8.138788338608484490e-06 -1.806878137370791964e-07 7.718344090639648074e-07 1.369690519432511285e-04 2.172806282072382246e-06 -1.842453696329541131e-07 8.716377658661137746e-07
-1.942180832413935580e-04 -1.998656182391506542e-04 -3.815968067233540227e-04 4.280747926853859127e-05 2.616813157451755578e-03 1.877420323006249439e-03 -7.979244905554334455e-05 3.932673795718297054e-03 -6.456395212192143711e-05 -4.827679434487415898e-06 -1.976839689056969235e-04 9.151732022380856812e-06 4.757414658456851234e-11 -2.609452019848058370e-04 9.838859995935694738e-04 -1.529392578283122344e-06 -9.258370419747230171e-03 -5.639916246669893425e-07 1.663129018163016644e-05 -1.119791169994897742e-04 -8.900148085097345924e-03 2.589738690681575150e-04 6.115239441889997916e-05 2.578886295400501980e-04 5.091339495310203452e-05 2.064295108848927980e-03 8.768175173890960889e-05 3.123309050048977379e-06 -1.307079624286095731e-05 7.201960537978957045e-04 -7.912275817021482749e-06 3.121661234347911469e-06 -1.476812053754555313e-05
-2.068864251851124168e-04 -2.114328338305780750e-04 -4.036811466862401669e-04 -5.840266815557074149e-05 1.877420323006249439e-03 1.749403307055179312e-03 -4.647616869406175121e-05 2.174334755108173461e-03 -8.590464909074494847e-05 -3.696397145471409839e-06 -2.091246306135659629e-04 1.009092855904318022e-05 2.053863931400682002e-09 -3.265309431664244156e-04 3.755682030016895207e-04 -1.477710977859663015e-06 -1.559136859472549756e-02 -3.385161658669590283e-08 -5.200887681878213221e-07 -1.102860883687108618e-04 -8.532894284211079219e-03 -8.505789045632448919e-06 1.409113656556948570e-05 7.593293669543726976e-06 3.436404741501163963e-06 7.023207081898342335e-04 3.262900689854807341e-05 3.287560335595890520e-06 -1.382894421830347661e-05 -4.857843863291885387e-05 -1.607306433964807065e-05 3.302322673587504277e-06 -1.562280325189707543e-05
-5.010378797565676924e-04 -5.124440892130671926e-04 -9.783831792765764271e-04 -3.690297823431169729e-06 -7.979244905554334455e-05 -4.647616869406175121e-05 5.574989110340353420e-04 -6.952462884193197357e-04 -2.448156052993840813e-04 7.560102801645444337e-06 -5.068456197280885251e-04 3.591028207374268651e-05 3.000551981003518308e-08 -5.279729226721228746e-04 -1.028927437026658063e-05 1.544351921011483823e-06 -5.763685607822283119e-03 2.252262836143563869e-08 -8.419532438346095714e-07 2.612848392858025732e-06 2.139148668414297440e-04 -4.811337477302110436e-04 -5.348193585524891214e-05 -4.584619924616141528e-04 -7.122588937182386393e-05 -2.211836736147362262e-03 -6.885184291302076296e-05 7.733132707481380551e-06 -3.354068207918247595e-05 9.965255643253949033e-05 -3.688937905871635993e-05 8.003685546574241752e-06 -3.786426004838695352e-05
1.890530917220176622e-03 1.928326872247607647e-03 3.681670489352303639e-03 2.076334692439417537e-04 3.932673795718297054e-03 2.174334755108173461e-03 -6.952462884193197357e-04 1.859857274590457632e-01 -1.715744177359652793e-04 -6.097421486994185596e-05 1.907267623090276240e-03 -1.492319108136079336e-04 -2.937026753767664607e-08 3.567720730948506936e-04 2.788089763886187483e-03 -2.336487341632708752e-06 2.605986724100106122e-01 -1.226991714822290560e-06 4.509183277238604953e-05 -1.201237945420984845e-04 -9.922468716947645609e-03 9.063883562054614665e-03 1.068169767618144285e-03 8.779742221316919754e-03 1.262671160366775781e-03 4.226540823357479576e-02 1.278459303703746198e-03 -2.954167828998967659e-05 1.261687092673078247e-04 2.529114647579184128e-03 1.664170630295719615e-04 -3.011798804583219635e-05 1.424837750421543677e-04
6.380100362376211380e-04 6.525877903373428169e-04 1.245957341607490136e-03 7.708734961426697577e-06 -6.456395212192143711e-05 -8.590464909074494847e-05 -2.448156052993840813e-04 -1.715744177359652793e-04 5.771482334392483843e-04 9.526842584799131002e-06 6.454608320522761894e-04 -2.951791061971183674e-05 -3.060379634758327377e-08 1.725262727834035205e-03 -7.686354923738373558e-05 1.635931974334245368e-07 1.237889437026416101e-02 -2.015981243937022667e-08 8.152112020495734748e-07 5.708382995356376928e-06 4.308094471759836759e-04 6.665205165649653717e-04 7.140861276261413243e-05 6.334458683576581900e-04 9.739599438663763234e-05 3.011805315014663437e-03 9.129608378168773851e-05 -9.994713557991249776e-06 4.269852537045079420e-05 -1.579564512737599547e-04 4.668299581743477658e-05 -1.019258198403128973e-05 4.821960740035175635e-05
2.205655128553279354e-07 2.272892830144655348e-07 4.341778063272928653e-07 -2.742657265611625446e-08 -4.827679434487415898e-06 -3.696397145471409839e-06 7.560102801645444337e-06 -6.097421486994185596e-05 9.526842584799131002e-06 2.133435849258855494e-06 2.249232447790831107e-07 7.822027950517406673e-07 7.178075485299393927e-11 -3.200822229645437389e-06 -4.447131730656346204e-06 -1.839852270347599812e-08 -8.967983812616786695e-05 7.965728750584125553e-10 -2.348977542031361539e-08 2.239085785226542433e-07 1.766185998546206690e-05 9.456903679715180983e-07 6.711655619187112957e-09 8.520925374061676442e-07 9.373231595619639587e-08 2.801457344531295957e-06 -9.435609802693224582e-09 -1.007387522793058850e-08 1.420213276042697113e-08 -1.054509764361156295e-06 6.768266453968211572e-09 -3.551801275596724858e-09 1.680304988308769946e-08
2.929114520901200669e-03 2.996296837645729544e-03 5.720709093020296364e-03 1.166761962479264743e-05 -1.976839689056969235e-04 -2.091246306135659629e-04 -5.068456197280885251e-04 1.907267623090276240e-03 6.454608320522761894e-04 2.249232447790831107e-07 2.964756356379326906e-03 -1.824971776816960956e-04 -5.177896157345303879e-08 2.408976297006400983e-03 -2.736961419038979508e-04 -3.474280955538603451e-07 2.094534528593500200e-02 -1.682267187650926584e-08 8.266898402575635038e-07 1.346708394941121109e-05 1.031450259943743775e-03 2.827982729673756031e-03 3.015728825124410601e-04 2.674109829582351633e-03 4.131861835788491820e-04 1.277496462692539678e-02 3.892492083909832750e-04 -4.619893291641134580e-05 1.960149710667008700e-04 -8.701028833710660595e-04 2.129642805454347320e-04 3.846228423721998716e-04 2.283623980072550493e-04
-1.803750766343315914e-04 -1.843872157953990146e-04 -3.522811719375411603e-04 -6.308372564643257815e-07 9.151732022380856812e-06 1.009092855904318022e-05 3.591028207374268651e-05 -1.492319108136079336e-04 -2.951791061971183674e-05 7.822027950517406673e-07 -1.824971776816960956e-04 2.978493590699417215e+00 -9.784897951930618995e-06 1.501950781135231484e-02 -6.210426507969558640e-01 2.476943064695239026e-05 1.486206284494166752e-01 3.724329560504487839e-04 1.292993056716572667e-04 1.567495013289369409e-05 -3.074458138718758125e-04 9.610516275908016770e-02 6.297086131870442867e-03 9.193194273876238720e-02 1.103465657784611850e-02 2.471978837553146235e-01 4.732784397961644837e-03 2.666998874696827060e-01 2.795966013628002275e-02 2.659747643744431844e+00 2.590307007576821141e-02 1.733011295326603030e+00 2.860969332758010394e-02
-5.118181080847484312e-08 -5.235115099248392781e-08 -9.995087867396872424e-08 -4.464506460833095131e-10 4.757414658456851234e-11 2.053863931400682002e-09 3.000551981003518308e-08 -2.937026753767664607e-08 -3.060379634758327377e-08 7.178075485299393927e-11 -5.177896157345303879e-08 -9.784897951930618995e-06 3.447400707493989245e-11 -1.388816855197816701e-07 2.044051235714073626e-06 -3.515826315148626128e-11 -1.216425626803138333e-06 -1.224727681188519340e-09 -4.881967468596933088e-10 -2.061127442955250665e-10 -1.009114899846931751e-08 -3.674038738825237748e-07 -2.628856252431131054e-08 -3.511778572170544762e-07 -4.384248695644952590e-08 -1.046988421910880937e-06 -2.274246569583147358e-08 -8.756258382170740599e-07 -9.534679438224572691e-08 -8.727977040715556337e-06 -8.891413106845993915e-08 -5.694225623962094677e-06 -9.793067322792299726e-08
2.381099533488770324e-03 2.435574689253388984e-03 4.650137628754615580e-03 2.657991686799997716e-05 -2.609452019848058370e-04 -3.265309431664244156e-04 -5.279729226721228746e-04 3.567720730948506936e-04 1.725262727834035205e-03 -3.200822229645437389e-06 2.408976297006400983e-03 1.501950781135231484e-02 -1.388816855197816701e-07 6.351937522082123401e-03 -3.397533470030112811e-03 2.775516220273810931e-06 4.534749157926977470e-02 2.940782739270294178e-06 3.699049145048345618e-06 2.166664751323848137e-05 1.628880317654420214e-03 2.955362360705579561e-03 2.958865592616929789e-04 2.811673247771550449e-03 4.167695432223936561e-04 1.239835347764811462e-02 3.622089420228572203e-04 1.318563691400995727e-03 3.015647313826788005e-04 1.289465606701480777e-02 3.056291115670101035e-04 8.772903251855569684e-03 3.254907044159419203e-04
-2.739798408334331945e-04 -2.767172392944327393e-04 -5.283259656368812819e-04 8.924638698717871738e-05 9.838859995935694738e-04 3.755682030016895207e-04 -1.028927437026658063e-05 2.788089763886187483e-03 -7.686354923738373558e-05 -4.447131730656346204e-06 -2.736961419038979508e-04 -6.210426507969558640e-01 2.044051235714073626e-06 -3.397533470030112811e-03 2.546889325369654511e-01 1.206859891040960525e-06 2.090157030210825981e-02 9.933401658587272948e-03 3.464692052385233857e-03 4.106243300941309071e-04 -8.360523736486814156e-03 -2.463274106240760652e-03 -1.426758261572542465e-04 -1.853251499550692682e-03 -1.248775177698899360e-03 -1.389351782128283447e-02 -3.812326450844230651e-04 -5.560597660032275125e-02 -5.850621779866865824e-03 -5.565086094123471439e-01 -5.442658251342832355e-03 -3.613630324325346477e-01 -5.988990058373840075e-03
-3.430629568724983364e-07 -3.512695916873271550e-07 -6.706535313067419545e-07 5.922488271776178122e-08 -1.529392578283122344e-06 -1.477710977859663015e-06 1.544351921011483823e-06 -2.336487341632708752e-06 1.635931974334245368e-07 -1.839852270347599812e-08 -3.474280955538603451e-07 2.476943064695239026e-05 -3.515826315148626128e-11 2.775516220273810931e-06 1.206859891040960525e-06 9.485001482637176902e-09 2.664409220075275741e-05 5.402231406708166474e-07 1.895847594843838766e-07 1.170602902947975192e-07 6.863352581464014016e-06 1.440380034357673217e-06 6.894100772178539544e-08 1.392015818706170485e-06 9.911977932068317571e-08 2.098337347797428520e-06 7.604721740307877528e-10 2.219254279469544596e-06 2.092133865330524245e-07 2.236943266632316106e-05 1.919623007017883283e-07 1.439364253466853691e-05 2.116878970511485143e-07
2.072388088459701377e-02 2.117661038890296388e-02 4.043158846453591415e-02 1.830106385045352554e-03 -9.258370419747230171e-03 -1.559136859472549756e-02 -5.763685607822283119e-03 2.605986724100106122e-01 1.237889437026416101e-02 -8.967983812616786695e-05 2.094534528593500200e-02 1.486206284494166752e-01 -1.216425626803138333e-06 4.534749157926977470e-02 2.090157030210825981e-02 2.664409220075275741e-05 9.472737350166188230e-01 3.961786771214544610e-03 1.595534239524482078e-03 1.233424846149044820e-03 7.654404715682615323e-02 4.368978331361013379e-02 4.322486613754675938e-03 4.185917439144495877e-02 5.552619783499598491e-03 1.669538101128900109e-01 4.690738993897005348e-03 1.308712638284998710e-02 2.792199028321907736e-03 1.401820575758476184e-01 2.927972849335139585e-03 8.682200081188913565e-02 3.004199948260746766e-03
-1.645275861870923823e-08 -1.700856292633313757e-08 -3.247343678987869341e-08 -9.009098268649280429e-08 -5.639916246669893425e-07 -3.385161658669590283e-08 2.252262836143563869e-08 -1.226991714822290560e-06 -2.015981243937022667e-08 7.965728750584125553e-10 -1.682267187650926584e-08 3.724329560504487839e-04 -1.224727681188519340e-09 2.940782739270294178e-06 9.933401658587272948e-03 5.402231406708166474e-07 3.961786771214544610e-03 8.092151750443210079e-04 2.808766571318786960e-04 3.487639496372323567e-05 -5.521837038931251378e-04 1.434384714773055550e-03 9.382036029569755292e-05 1.412805910678797180e-03 8.592986415685441521e-05 3.057251025151924793e-03 4.777853617506572687e-05 3.334797982427218510e-05 3.496466409884193889e-06 3.325672701711489916e-04 3.236504642770485687e-06 2.167022443844173385e-04 3.577913167135729924e-06
8.568661020738468378e-07 8.358223426828947454e-07 1.595790518266276822e-06 3.029724791804319844e-06 1.663129018163016644e-05 -5.200887681878213221e-07 -8.419532438346095714e-07 4.509183277238604953e-05 8.152112020495734748e-07 -2.348977542031361539e-08 8.266898402575635038e-07 1.292993056716572667e-04 -4.881967468596933088e-10 3.699049145048345618e-06 3.464692052385233857e-03 1.895847594843838766e-07 1.595534239524482078e-03 2.808766571318786960e-04 9.799328667218522564e-05 1.232272188973568187e-05 -1.817567594715695223e-04 5.056428974078036077e-04 3.389138562132230692e-05 4.976176276126330908e-04 3.119023791272785992e-05 1.098855715420322954e-03 1.809562795197241190e-05 1.156953515184389392e-05 1.269466521510199580e-06 1.378085805098103937e-04 1.398207658357338053e-06 7.525026770203806746e-05 1.304849166305538158e-06
1.333731089312587735e-05 1.361572919908020859e-05 2.599601909764485882e-05 4.799336016261380962e-06 -1.119791169994897742e-04 -1.102860883687108618e-04 2.612848392858025732e-06 -1.201237945420984845e-04 5.708382995356376928e-06 2.239085785226542433e-07 1.346708394941121109e-05 1.567495013289369409e-05 -2.061127442955250665e-10 2.166664751323848137e-05 4.106243300941309071e-04 1.170602902947975192e-07 1.233424846149044820e-03 3.487639496372323567e-05 1.232272188973568187e-05 8.525101520057887423e-06 5.168682688213538205e-04 6.522841641754907659e-05 3.646533190244013312e-06 6.308721732200625750e-05 3.991511474569033914e-06 1.014807048104080726e-04 5.639202157983323335e-07 1.250550979477939918e-06 1.043912848352735955e-06 2.586454538113283473e-05 1.254527052841429293e-06 9.288407653377312096e-06 1.162992932361005980e-06
1.020987177674630760e-03 1.042834962186379045e-03 1.991047264314454567e-03 3.299246025447121443e-04 -8.900148085097345924e-03 -8.532894284211079219e-03 2.139148668414297440e-04 -9.922468716947645609e-03 4.308094471759836759e-04 1.766185998546206690e-05 1.031450259943743775e-03 -3.074458138718758125e-04 -1.009114899846931751e-08 1.628880317654420214e-03 -8.360523736486814156e-03 6.863352581464014016e-06 7.654404715682615323e-02 -5.521837038931251378e-04 -1.817567594715695223e-04 5.168682688213538205e-04 4.211035533219147087e-02 -8.226285342514737340e-04 -1.130730175807147090e-04 -8.942794996906243757e-04 -5.521816795599118191e-05 -4.951247876940413281e-03 -1.692440031291981076e-04 -3.926588434643659992e-05 6.578985899947107155e-05 3.369768684379266131e-04 8.014719625527876902e-05 -1.661216468603096512e-04 7.458048156847659101e-05
2.780960562860662014e-03 2.843885873254641330e-03 5.429716800268821059e-03 4.726349666679086309e-05 2.589738690681575150e-04 -8.505789045632448919e-06 -4.811337477302110436e-04 9.063883562054614665e-03 6.665205165649653717e-04 9.456903679715180983e-07 2.827982729673756031e-03 9.610516275908016770e-02 -3.674038738825237748e-07 2.955362360705579561e-03 -2.463274106240760652e-03 1.440380034357673217e-06 4.368978331361013379e-02 1.434384714773055550e-03 5.056428974078036077e-04 6.522841641754907659e-05 -8.226285342514737340e-04 8.854372432656399533e-03 7.154826551968365960e-04 8.340718514443901110e-03 9.532779796966540844e-04 2.750161969479144458e-02 6.695192081735225125e-04 8.576920136782144669e-03 1.090208740795330089e-03 8.562758449485463608e-02 1.044418310553207798e-03 6.157324679364586939e-02 1.225769771277439519e-03
2.972259177482700944e-04 3.039222682970047114e-04 5.802665218552169888e-04 7.595159395381466284e-06 6.115239441889997916e-05 1.409113656556948570e-05 -5.348193585524891214e-05 1.068169767618144285e-03 7.140861276261413243e-05 6.711655619187112957e-09 3.015728825124410601e-04 6.297086131870442867e-03 -2.628856252431131054e-08 2.958865592616929789e-04 -1.426758261572542465e-04 6.894100772178539544e-08 4.322486613754675938e-03 9.382036029569755292e-05 3.389138562132230692e-05 3.646533190244013312e-06 -1.130730175807147090e-04 7.154826551968365960e-04 6.240158740484885692e-05 6.756890849770307711e-04 8.264368715870252634e-05 2.430781279911918211e-03 6.366169545522636531e-05 5.608125988795506023e-04 7.919299862386541388e-05 5.618646094066820883e-03 7.719342677754585712e-05 4.027870784544283940e-03 8.892940865234766703e-05
2.643798320146501912e-03 2.703633998466963180e-03 5.161934867277968159e-03 4.350852458020719194e-05 2.578886295400501980e-04 7.593293669543726976e-06 -4.584619924616141528e-04 8.779742221316919754e-03 6.334458683576581900e-04 8.520925374061676442e-07 2.674109829582351633e-03 9.193194273876238720e-02 -3.511778572170544762e-07 2.811673247771550449e-03 -1.853251499550692682e-03 1.392015818706170485e-06 4.185917439144495877e-02 1.412805910678797180e-03 4.976176276126330908e-04 6.308721732200625750e-05 -8.942794996906243757e-04 8.340718514443901110e-03 6.756890849770307711e-04 8.037463602557488179e-03 9.141930434627132396e-04 2.617655798599168027e-02 6.369567384426305483e-04 8.204651192741213919e-03 1.041761973284885835e-03 8.190273898464191238e-02 9.977649417662541164e-04 5.354330374082783700e-02 1.084819577020037541e-03
4.085127256261527869e-04 4.177479841684312634e-04 7.975888439953450829e-04 8.160326932778724297e-06 5.091339495310203452e-05 3.436404741501163963e-06 -7.122588937182386393e-05 1.262671160366775781e-03 9.739599438663763234e-05 9.373231595619639587e-08 4.131861835788491820e-04 1.103465657784611850e-02 -4.384248695644952590e-08 4.167695432223936561e-04 -1.248775177698899360e-03 9.911977932068317571e-08 5.552619783499598491e-03 8.592986415685441521e-05 3.119023791272785992e-05 3.991511474569033914e-06 -5.521816795599118191e-05 9.532779796966540844e-04 8.264368715870252634e-05 9.141930434627132396e-04 1.157330213320119334e-04 3.284885274019534035e-03 8.583315261989415620e-05 9.838796957120107909e-04 1.311955563282616634e-04 9.829937228054976342e-03 1.266389416443964254e-04 6.428678117235418592e-03 1.371547399313656989e-04
1.261142299453973589e-02 1.289715085814664708e-02 2.462400448624374460e-02 2.061998872212689551e-04 2.064295108848927980e-03 7.023207081898342335e-04 -2.211836736147362262e-03 4.226540823357479576e-02 3.011805315014663437e-03 2.801457344531295957e-06 1.277496462692539678e-02 2.471978837553146235e-01 -1.046988421910880937e-06 1.239835347764811462e-02 -1.389351782128283447e-02 2.098337347797428520e-06 1.669538101128900109e-01 3.057251025151924793e-03 1.098855715420322954e-03 1.014807048104080726e-04 -4.951247876940413281e-03 2.750161969479144458e-02 2.430781279911918211e-03 2.617655798599168027e-02 3.284885274019534035e-03 9.626093915375195931e-02 2.553614655522896439e-03 2.200545221429566975e-02 3.172553576094623660e-03 2.196639001745838149e-01 3.093102781203900965e-03 1.509771443555720238e-01 3.447367729519054333e-03
3.845123620491671160e-04 3.932034910788824293e-04 7.507274541248878377e-04 8.138788338608484490e-06 8.768175173890960889e-05 3.262900689854807341e-05 -6.885184291302076296e-05 1.278459303703746198e-03 9.129608378168773851e-05 -9.435609802693224582e-09 3.892492083909832750e-04 4.732784397961644837e-03 -2.274246569583147358e-08 3.622089420228572203e-04 -3.812326450844230651e-04 7.604721740307877528e-10 4.690738993897005348e-03 4.777853617506572687e-05 1.809562795197241190e-05 5.639202157983323335e-07 -1.692440031291981076e-04 6.695192081735225125e-04 6.366169545522636531e-05 6.369567384426305483e-04 8.583315261989415620e-05 2.553614655522896439e-03 7.179399669247601068e-05 4.198530505041328650e-04 7.039392912128723356e-05 4.204709538659950029e-03 7.001350580125956810e-05 2.886855189434496104e-03 7.678976613858773772e-05
-4.566162602829495381e-05 -4.669778635571162891e-05 -8.917953930467586283e-05 -1.806878137370791964e-07 3.123309050048977379e-06 3.287560335595890520e-06 7.733132707481380551e-06 -2.954167828998967659e-05 -9.994713557991249776e-06 -1.007387522793058850e-08 -4.619893291641134580e-05 2.666998874696827060e-01 -8.756258382170740599e-07 1.318563691400995727e-03 -5.560597660032275125e-02 2.219254279469544596e-06 1.308712638284998710e-02 3.334797982427218510e-05 1.156953515184389392e-05 1.250550979477939918e-06 -3.926588434643659992e-05 8.576920136782144669e-03 5.608125988795506023e-04 8.204651192741213919e-03 9.838796957120107909e-04 2.200545221429566975e-02 4.198530505041328650e-04 2.388111183893973019e-02 2.501568610342654909e-03 2.381659740258445790e-01 2.317248432161764325e-03 1.551764992470037463e-01 2.559517643877899651e-03
1.937354157378019326e-04 1.981800848211082568e-04 3.783750773676011173e-04 7.718344090639648074e-07 -1.307079624286095731e-05 -1.382894421830347661e-05 -3.354068207918247595e-05 1.261687092673078247e-04 4.269852537045079420e-05 1.420213276042697113e-08 1.960149710667008700e-04 2.795966013628002275e-02 -9.534679438224572691e-08 3.015647313826788005e-04 -5.850621779866865824e-03 2.092133865330524245e-07 2.792199028321907736e-03 3.496466409884193889e-06 1.269466521510199580e-06 1.043912848352735955e-06 6.578985899947107155e-05 1.090208740795330089e-03 7.919299862386541388e-05 1.041761973284885835e-03 1.311955563282616634e-04 3.172553576094623660e-03 7.039392912128723356e-05 2.501568610342654909e-03 2.756547964337122342e-04 2.492037521870154801e-02 2.574718102967859428e-04 1.627206535601885551e-02 2.834530055313847288e-04
-8.377765725526881320e-04 -8.797082839137049248e-04 -1.679592349613280751e-03 1.369690519432511285e-04 7.201960537978957045e-04 -4.857843863291885387e-05 9.965255643253949033e-05 2.529114647579184128e-03 -1.579564512737599547e-04 -1.054509764361156295e-06 -8.701028833710660595e-04 2.659747643744431844e+00 -8.727977040715556337e-06 1.289465606701480777e-02 -5.565086094123471439e-01 2.236943266632316106e-05 1.401820575758476184e-01 3.325672701711489916e-04 1.378085805098103937e-04 2.586454538113283473e-05 3.369768684379266131e-04 8.562758449485463608e-02 5.618646094066820883e-03 8.190273898464191238e-02 9.829937228054976342e-03 2.196639001745838149e-01 4.204709538659950029e-03 2.381659740258445790e-01 2.492037521870154801e-02 2.388033045535168597e+00 2.320105720516925374e-02 1.547578697453537488e+00 2.549543841762609564e-02
2.106986774252475646e-04 2.153153670422800544e-04 4.110929674881522015e-04 2.172806282072382246e-06 -7.912275817021482749e-06 -1.607306433964807065e-05 -3.688937905871635993e-05 1.664170630295719615e-04 4.668299581743477658e-05 6.768266453968211572e-09 2.129642805454347320e-04 2.590307007576821141e-02 -8.891413106845993915e-08 3.056291115670101035e-04 -5.442658251342832355e-03 1.919623007017883283e-07 2.927972849335139585e-03 3.236504642770485687e-06 1.398207658357338053e-06 1.254527052841429293e-06 8.014719625527876902e-05 1.044418310553207798e-03 7.719342677754585712e-05 9.977649417662541164e-04 1.266389416443964254e-04 3.093102781203900965e-03 7.001350580125956810e-05 2.317248432161764325e-03 2.574718102967859428e-04 2.320105720516925374e-02 2.419563879474667797e-04 1.507618297358154398e-02 2.649717804613798441e-04
-4.625414651606054298e-05 -4.731503392753371893e-05 -9.033669208771825433e-05 -1.842453696329541131e-07 3.121661234347911469e-06 3.302322673587504277e-06 8.003685546574241752e-06 -3.011798804583219635e-05 -1.019258198403128973e-05 -3.551801275596724858e-09 3.846228423721998716e-04 1.733011295326603030e+00 -5.694225623962094677e-06 8.772903251855569684e-03 -3.613630324325346477e-01 1.439364253466853691e-05 8.682200081188913565e-02 2.167022443844173385e-04 7.525026770203806746e-05 9.288407653377312096e-06 -1.661216468603096512e-04 6.157324679364586939e-02 4.027870784544283940e-03 5.354330374082783700e-02 6.428678117235418592e-03 1.509771443555720238e-01 2.886855189434496104e-03 1.551764992470037463e-01 1.627206535601885551e-02 1.547578697453537488e+00 1.507618297358154398e-02 1.167778691881947939e+00 1.922287513681473700e-02
2.188215693575450897e-04 2.238404717863208375e-04 4.273696137997135642e-04 8.716377658661137746e-07 -1.476812053754555313e-05 -1.562280325189707543e-05 -3.786426004838695352e-05 1.424837750421543677e-04 4.821960740035175635e-05 1.680304988308769946e-08 2.283623980072550493e-04 2.860969332758010394e-02 -9.793067322792299726e-08 3.254907044159419203e-04 -5.988990058373840075e-03 2.116878970511485143e-07 3.004199948260746766e-03 3.577913167135729924e-06 1.304849166305538158e-06 1.162992932361005980e-06 7.458048156847659101e-05 1.225769771277439519e-03 8.892940865234766703e-05 1.084819577020037541e-03 1.371547399313656989e-04 3.447367729519054333e-03 7.678976613858773772e-05 2.559517643877899651e-03 2.834530055313847288e-04 2.549543841762609564e-02 2.649717804613798441e-04 1.922287513681473700e-02 3.331443912683682983e-04
