2.750276958330054064e-05 2.861433648584429183e-05 1.407011158951815472e-04 -1.633708827968130352e-07 -1.459767953706483508e-05 -1.195914038564876440e-05 -2.284484980328450453e-05 5.894502322373120526e-05 2.883423681727877128e-05 6.481798703834306158e-08 2.804336094597353814e-05 -1.562671307356922913e-05 -2.897077199501433455e-09 1.442778011972891241e-04 -2.496283453357262721e-05 -3.670250246653619960e-08 1.121729962858362831e-03 1.032596658565339126e-09 -1.049121913931287015e-08 8.907880685239044139e-07 4.510112786696308506e-05 1.512752905485744890e-04 1.497668797304153723e-05 1.451800307589617186e-04 2.120879428496951998e-05 7.298661686702984531e-04 2.164247881382986021e-05 -3.851861284820807194e-06 1.628307902294906265e-05 -6.747831691371878509e-05 1.773728796971576092e-05 -3.926374020742063963e-06 1.842138531306145130e-05
2.861433648584429183e-05 2.977959147001852890e-05 1.464306524695017052e-04 -2.097195093343305947e-07 -1.553139269844979191e-05 -1.238968075978277991e-05 -2.375260235140093455e-05 6.042412996137702398e-05 2.999548705786444133e-05 6.762873649640946704e-08 2.918532390187870276e-05 -1.620621482357572748e-05 -3.013870314959224868e-09 1.501319399364642088e-04 -2.431605146178686736e-05 -3.834403470056901944e-08 1.158838053396716661e-03 9.641553462690352180e-10 -2.859829616851285466e-08 9.140677474226120129e-07 4.644230034109617751e-05 1.570051617953959746e-04 1.553297366954382847e-05 1.506893657537696580e-04 2.201209196028657938e-05 7.577255542708052514e-04 2.246186047335436059e-05 -4.003643901039873221e-06 1.694667276612977263e-05 -8.068074832523992944e-05 1.835942051493788868e-05 -4.086261193016371767e-06 1.917152862379011691e-05
1.407011158951815472e-04 1.464306524695017052e-04 7.200221566046503211e-04 -1.031254700813507571e-06 -7.637116334940708469e-05 -6.092251783127381598e-05 -1.167917331703805135e-04 2.971152563719357017e-04 1.474910690083881164e-04 3.327070292637909301e-07 1.435087497230999631e-04 -7.996753071944162161e-05 -1.481855671926090174e-08 7.382173580813059226e-04 -1.195664174939304724e-04 -1.885333246391210562e-07 5.698155522895604307e-03 4.741210635539014508e-09 -1.406331441178408439e-07 4.494647597384243680e-06 2.283658471637704085e-04 7.720187042697724579e-04 7.637801572910898028e-05 7.409566543866619084e-04 1.082361846303584043e-04 3.725844974312774414e-03 1.104482726636719654e-04 -1.971152232554104956e-05 8.332682225268818682e-05 -3.967202463327396708e-04 9.027610395729482697e-05 -2.009277802855064643e-05 9.426937019203815817e-05
-1.633708827968130352e-07 -2.097195093343305947e-07 -1.031254700813507571e-06 2.707729410945175364e-06 4.298646680755318831e-05 1.446798567085634365e-05 -1.221046419643789269e-06 3.886675647736327789e-05 -1.433696996119354184e-07 -1.172365745188262051e-07 -2.055409981516293201e-07 7.295914409285334444e-08 -4.456253168244008340e-11 -4.482330184157808659e-07 3.992182171274370544e-05 -7.717643302399758960e-09 2.862116602928734118e-04 -3.341418422915153864e-08 1.099363083742393705e-06 -5.340105744784675439e-07 -3.702772946470378668e-05 1.558250983576135100e-05 2.725075534534401497e-06 1.454117372292406548e-05 2.598151782027714667e-06 8.352222358355797639e-05 3.321367605384357071e-06 2.902009866072155475e-08 -1.192635551987990055e-07 4.814760202360027431e-05 3.265036993505634217e-07 2.877796413674792039e-08 -1.350176939159804198e-07
-1.459767953706483508e-05 -1.553139269844979191e-05 -7.637116334940708469e-05 4.298646680755318831e-05 1.561687105802468537e-03 1.041715338251036687e-03 -3.018917863924872006e-05 3.589764307091130148e-04 -5.024273721691744043e-05 -5.689595690766328444e-06 -1.522165681519381219e-05 5.979815850092467636e-06 6.945187033048952878e-10 -1.645647203876104232e-04 6.318721881134190584e-04 -8.564988158840435384e-07 -5.335444001084858716e-03 -4.389949315287185305e-07 1.336943351011384722e-05 -7.136425824673756915e-05 -3.727711566759268295e-03 2.271958070325632499e-05 2.527248299692075659e-05 2.321595039791091755e-05 1.211335139105208352e-05 4.151770568166534051e-04 2.959649414122306963e-05 2.113420005986222059e-06 -8.835945366414012762e-06 4.488892111105764532e-04 -5.678221507419196070e-06 2.131196684919822155e-06 -9.998944343223510519e-06
-1.195914038564876440e-05 -1.238968075978277991e-05 -6.092251783127381598e-05 1.446798567085634365e-05 1.041715338251036687e-03 8.272491875115216709e-04 -1.650309911958272425e-05 -3.063944459453641397e-05 -4.506523935533000640e-05 -4.162112122960204238e-06 -1.214256295275327305e-05 4.842768345426662650e-06 1.056655545873240982e-09 -1.478061864509196729e-04 2.116263394199099804e-04 -7.190920189149940836e-07 -7.594515185292681839e-03 -8.499220500698152364e-08 2.105934770553103360e-06 -6.093141344349877332e-05 -3.097661704913354068e-03 -1.242045725831873444e-04 -2.052340807682770954e-06 -1.140427708651975381e-04 -1.302262105414216175e-05 -3.948267309023046397e-04 -3.616006745485576026e-06 1.681416426144783960e-06 -7.049042504801780000e-06 -3.395249946086874402e-05 -8.285269513460959514e-06 1.700090221782359473e-06 -7.976320358732867861e-06
-2.284484980328450453e-05 -2.375260235140093455e-05 -1.167917331703805135e-04 -1.221046419643789269e-06 -3.018917863924872006e-05 -1.650309911958272425e-05 2.194150418787796722e-04 -4.882582017196874624e-05 -6.588612643190262536e-05 3.259948418907104944e-06 -2.327794422926132212e-05 1.562254057893317318e-05 1.212949413311677400e-08 -4.987016339633588546e-05 -8.561664826807549995e-06 9.201961028464276787e-07 -1.192773513966508079e-03 1.181612700832575701e-08 -4.462924723846532010e-07 1.013520720240219289e-06 5.528325111727142596e-05 -1.162709586329146907e-04 -1.259058211545685380e-05 -1.118176773006288884e-04 -1.676682160502466438e-05 -5.698308691548621338e-04 -1.795904290917663435e-05 3.109989027544054750e-06 -1.352513432899007343e-05 3.651282392627917128e-05 -1.490998108261506298e-05 3.259164108200874600e-06 -1.529103379475256271e-05
5.894502322373120526e-05 6.042412996137702398e-05 2.971152563719357017e-04 3.886675647736327789e-05 3.589764307091130148e-04 -3.063944459453641397e-05 -4.882582017196874624e-05 2.494130718742118211e-02 -6.839694687788096716e-05 -4.374095426026415891e-06 5.921850956179124825e-05 -3.678958498819760882e-05 -1.937572276264735852e-09 -1.257211644896847832e-04 7.358499639272881492e-04 -1.404119847774146957e-07 7.385119849900016742e-02 -4.631469686762236458e-07 1.699326641112072149e-05 1.079238624010467406e-05 3.899773612757645230e-04 1.163760626433836889e-03 1.400011788262672742e-04 1.136512344241130505e-03 1.499456963409387562e-04 5.464904970841718244e-03 1.579904518535102528e-04 -8.145628845296635083e-06 3.438338100321501335e-05 9.401646649028051837e-04 4.782707486195872192e-05 -8.291232208671486499e-06 3.890000861181472228e-05
2.883423681727877128e-05 2.999548705786444133e-05 1.474910690083881164e-04 -1.433696996119354184e-07 -5.024273721691744043e-05 -4.506523935533000640e-05 -6.588612643190262536e-05 -6.839694687788096716e-05 2.353951030660044667e-04 7.028640828249052473e-06 2.939667719189298963e-05 -1.103427489212318690e-05 -1.140414315725649077e-08 7.719495972895123017e-04 -3.837032794618466038e-05 8.302000097454551040e-08 4.864253158584002507e-03 -3.317528075899683020e-09 1.645261962099547680e-07 3.458965795718849283e-06 1.732525293009840517e-04 1.906784435133140258e-04 1.856155061577964934e-05 1.828557835033359376e-04 2.598178820341317979e-05 9.027222198205053392e-04 2.565280455825562106e-05 -4.003215969829883777e-06 1.707244365067940762e-05 -6.544798842420580397e-05 1.864389943940290191e-05 -4.115852940584382242e-06 1.931036435036995633e-05
6.481798703834306158e-08 6.762873649640946704e-08 3.327070292637909301e-07 -1.172365745188262051e-07 -5.689595690766328444e-06 -4.162112122960204238e-06 3.259948418907104944e-06 -4.374095426026415891e-06 7.028640828249052473e-06 1.767188172666027377e-06 6.631236185687681120e-08 5.112694748795712904e-07 3.616807905658502064e-13 -3.863463692407312256e-06 -3.531316922055891202e-06 -1.804882672031091473e-08 -4.206352595525246149e-06 1.049644602355196745e-09 -2.981872610512031837e-08 2.969383092793057967e-07 1.527467161920676171e-05 1.935489799032318000e-06 9.926568179321990303e-08 1.847616022136080283e-06 1.981205372263443219e-07 7.607423528433369170e-06 9.924467457438222152e-08 -1.327037129035745794e-08 3.807251467224893948e-08 -4.290481933606378863e-07 3.936061119495469393e-08 -9.284448296267325569e-09 4.355988467785629122e-08
2.804336094597353814e-05 2.918532390187870276e-05 1.435087497230999631e-04 -2.055409981516293201e-07 -1.522165681519381219e-05 -1.214256295275327305e-05 -2.327794422926132212e-05 5.921850956179124825e-05 2.939667719189298963e-05 6.631236185687681120e-08 2.884648683081863336e-05 -1.593845445827289593e-05 -2.953509871849214898e-09 1.471352639781454746e-04 -2.383097093058712384e-05 -3.757687378356156117e-08 1.135708349135606090e-03 9.449781569063170577e-10 -2.802981338400583116e-08 8.958352895530411162e-07 4.551595656510208524e-05 1.618017381877727271e-04 1.569327499612254670e-05 1.476812374378455193e-04 2.157272437885562807e-05 7.531719849438540861e-04 2.219460968187231088e-05 -3.928734550915482040e-06 1.660800014304036562e-05 -7.907093694105895828e-05 1.799307242137762969e-05 1.922728180011548270e-04 2.198416903250776644e-05
-1.562671307356922913e-05 -1.620621482357572748e-05 -7.996753071944162161e-05 7.295914409285334444e-08 5.979815850092467636e-06 4.842768345426662650e-06 1.562254057893317318e-05 -3.678958498819760882e-05 -1.103427489212318690e-05 5.112694748795712904e-07 -1.593845445827289593e-05 3.983522022086928571e-02 -1.295449690618013036e-07 2.557868898863264453e-04 -8.096999365739963178e-03 3.685226528084632545e-07 1.946632636839643743e-03 1.881185495614519999e-05 6.552434150361006015e-06 4.657735189673727950e-07 -2.715479666559335897e-05 1.439082950939743781e-03 8.450424933534416273e-05 1.384449400011849435e-03 1.455487552283363402e-04 3.889719405580642671e-03 6.621186245163408280e-05 3.564221929088482160e-03 3.791748207626240152e-04 3.542780168479748443e-02 3.504395725697550330e-04 2.311761127202055163e-02 3.874811062942309166e-04
-2.897077199501433455e-09 -3.013870314959224868e-09 -1.481855671926090174e-08 -4.456253168244008340e-11 6.945187033048952878e-10 1.056655545873240982e-09 1.212949413311677400e-08 -1.937572276264735852e-09 -1.140414315725649077e-08 3.616807905658502064e-13 -2.953509871849214898e-09 -1.295449690618013036e-07 1.419315078122849594e-12 -3.536996280652603131e-08 2.828129406581830607e-08 3.307553114783298469e-11 -2.655311048799455280e-07 -6.247573676264510019e-11 -4.658189435021154380e-11 -9.425385855658420620e-11 -4.367002604373364610e-09 -2.157771923846678655e-08 -1.983417330301712948e-09 -2.072477736820927239e-08 -2.837365742772681849e-09 -9.392521470863967279e-08 -2.635355341816511176e-09 -1.132907659622571185e-08 -2.994538533277988707e-09 -1.100403157610336946e-07 -3.061116068634125397e-09 -7.570675494582005589e-08 -3.250604482560181097e-09
1.442778011972891241e-04 1.501319399364642088e-04 7.382173580813059226e-04 -4.482330184157808659e-07 -1.645647203876104232e-04 -1.478061864509196729e-04 -4.987016339633588546e-05 -1.257211644896847832e-04 7.719495972895123017e-04 -3.863463692407312256e-06 1.471352639781454746e-04 2.557868898863264453e-04 -3.536996280652603131e-08 3.495359549124126344e-03 -2.092287598660390921e-04 2.072153517287237431e-06 2.065752478760610883e-02 5.542353950635843179e-07 7.459664291752697700e-07 1.137460477227443810e-05 5.681135615916356896e-04 9.173722295644790373e-04 8.930092677995539365e-05 8.797522184112566666e-04 1.258685130868101893e-04 4.352617104467440372e-03 1.251269328284775018e-04 8.824376262530806989e-06 8.859827288914615671e-05 -9.250046533128302622e-05 9.574270494615894805e-05 1.674319774297360021e-04 9.988872821583549551e-05
-2.496283453357262721e-05 -2.431605146178686736e-05 -1.195664174939304724e-04 3.992182171274370544e-05 6.318721881134190584e-04 2.116263394199099804e-04 -8.561664826807549995e-06 7.358499639272881492e-04 -3.837032794618466038e-05 -3.531316922055891202e-06 -2.383097093058712384e-05 -8.096999365739963178e-03 2.828129406581830607e-08 -2.092287598660390921e-04 4.151744942144798556e-02 1.865178411022000287e-06 1.404029788597251777e-02 3.110566618888727965e-03 1.098690622803604302e-03 1.280770134141796389e-04 -1.946510113349020528e-03 5.591588823168254681e-03 3.571263821058308992e-04 5.505041467483822934e-03 3.108584254394380843e-04 1.267891162836582396e-02 1.997885178841898835e-04 -7.219673004846196163e-04 -9.293048843250488358e-05 -9.148757783703033442e-03 -1.076659252624299131e-04 -4.712391717598528144e-03 -9.683958188825012102e-05
-3.670250246653619960e-08 -3.834403470056901944e-08 -1.885333246391210562e-07 -7.717643302399758960e-09 -8.564988158840435384e-07 -7.190920189149940836e-07 9.201961028464276787e-07 -1.404119847774146957e-07 8.302000097454551040e-08 -1.804882672031091473e-08 -3.757687378356156117e-08 3.685226528084632545e-07 3.307553114783298469e-11 2.072153517287237431e-06 1.865178411022000287e-06 6.514641971165255576e-09 1.456535191536598904e-05 1.659384999686728311e-07 5.800692919712678664e-08 6.126387070468305525e-08 2.651469889711414799e-06 3.012855911344878290e-07 8.301420394012301953e-09 2.901863137399468060e-07 1.087091484171547054e-08 4.367851382584347030e-07 -7.157202934548193537e-09 3.488701096610787601e-08 -1.857538507437890232e-08 5.760206629864443645e-07 -1.893464575025176653e-08 2.002070020051986594e-07 -2.132769022356493435e-08
1.121729962858362831e-03 1.158838053396716661e-03 5.698155522895604307e-03 2.862116602928734118e-04 -5.335444001084858716e-03 -7.594515185292681839e-03 -1.192773513966508079e-03 7.385119849900016742e-02 4.864253158584002507e-03 -4.206352595525246149e-06 1.135708349135606090e-03 1.946632636839643743e-03 -2.655311048799455280e-07 2.065752478760610883e-02 1.404029788597251777e-02 1.456535191536598904e-05 4.455463051791614948e-01 8.668534587917232567e-04 4.653023098876402997e-04 6.880882341884906510e-04 3.098224032818493526e-02 1.342594109359230431e-02 1.365931584556823435e-03 1.287596321088771596e-02 1.696749084641809621e-03 5.858208332723317813e-02 1.667854031955150846e-03 6.850478095523813375e-05 6.839161307363397389e-04 9.366865062076599330e-03 8.355885319505332743e-04 1.295769709856718112e-03 7.710800203548733283e-04
1.032596658565339126e-09 9.641553462690352180e-10 4.741210635539014508e-09 -3.341418422915153864e-08 -4.389949315287185305e-07 -8.499220500698152364e-08 1.181612700832575701e-08 -4.631469686762236458e-07 -3.317528075899683020e-09 1.049644602355196745e-09 9.449781569063170577e-10 1.881185495614519999e-05 -6.247573676264510019e-11 5.542353950635843179e-07 3.110566618888727965e-03 1.659384999686728311e-07 8.668534587917232567e-04 2.512457942507468072e-04 8.740478107617462343e-05 1.096758409553352682e-05 -1.135494320437728619e-04 4.697161648008257233e-04 2.814288470663955450e-05 4.624788856462449800e-04 2.614732589271032845e-05 1.045352081677185241e-03 1.485454809345404577e-05 1.682297904917792375e-06 1.840308741183534601e-07 1.682341471655747999e-05 1.708621263058221113e-07 1.093949379054392026e-05 1.889557068638668870e-07
-1.049121913931287015e-08 -2.859829616851285466e-08 -1.406331441178408439e-07 1.099363083742393705e-06 1.336943351011384722e-05 2.105934770553103360e-06 -4.462924723846532010e-07 1.699326641112072149e-05 1.645261962099547680e-07 -2.981872610512031837e-08 -2.802981338400583116e-08 6.552434150361006015e-06 -4.658189435021154380e-11 7.459664291752697700e-07 1.098690622803604302e-03 5.800692919712678664e-08 4.653023098876402997e-04 8.740478107617462343e-05 3.088203337770482920e-05 3.891406740579251967e-06 -4.000157041597808159e-05 1.708802216684207512e-04 1.099456761506416835e-05 1.678550255926685938e-04 1.030031568765141929e-05 4.022612719459230861e-04 6.639786784539918984e-06 5.894803415686541675e-07 4.759093950942873206e-08 2.707647674110796545e-05 2.441666809562174752e-07 3.810066500842613744e-06 4.711348368192007189e-08
8.907880685239044139e-07 9.140677474226120129e-07 4.494647597384243680e-06 -5.340105744784675439e-07 -7.136425824673756915e-05 -6.093141344349877332e-05 1.013520720240219289e-06 1.079238624010467406e-05 3.458965795718849283e-06 2.969383092793057967e-07 8.958352895530411162e-07 4.657735189673727950e-07 -9.425385855658420620e-11 1.137460477227443810e-05 1.280770134141796389e-04 6.126387070468305525e-08 6.880882341884906510e-04 1.096758409553352682e-05 3.891406740579251967e-06 5.082149823138666079e-06 2.269036018439692798e-04 3.351234423152187498e-05 1.979641414540466053e-06 3.218311219575337281e-05 2.714688930653263044e-06 9.436900290158298991e-05 1.650259881271167169e-06 -5.014454504416786524e-08 5.281125901447713845e-07 1.382103830908724466e-05 7.200584911536360891e-07 3.543323638771991978e-07 5.967241253896686074e-07
4.510112786696308506e-05 4.644230034109617751e-05 2.283658471637704085e-04 -3.702772946470378668e-05 -3.727711566759268295e-03 -3.097661704913354068e-03 5.528325111727142596e-05 3.899773612757645230e-04 1.732525293009840517e-04 1.527467161920676171e-05 4.551595656510208524e-05 -2.715479666559335897e-05 -4.367002604373364610e-09 5.681135615916356896e-04 -1.946510113349020528e-03 2.651469889711414799e-06 3.098224032818493526e-02 -1.135494320437728619e-04 -4.000157041597808159e-05 2.269036018439692798e-04 1.177192535396502128e-02 3.764581291380800915e-04 1.422337172388319371e-05 3.331704216920992456e-04 5.665095982380684108e-05 1.636360360732670629e-03 3.043847467452070701e-05 -7.098264953625260772e-06 2.633629900896009528e-05 4.594543154810848146e-04 3.423456957876074101e-05 -1.157085938521920788e-05 2.980945712219126078e-05
1.512752905485744890e-04 1.570051617953959746e-04 7.720187042697724579e-04 1.558250983576135100e-05 2.271958070325632499e-05 -1.242045725831873444e-04 -1.162709586329146907e-04 1.163760626433836889e-03 1.906784435133140258e-04 1.935489799032318000e-06 1.618017381877727271e-04 1.439082950939743781e-03 -2.157771923846678655e-08 9.173722295644790373e-04 5.591588823168254681e-03 3.012855911344878290e-07 1.342594109359230431e-02 4.697161648008257233e-04 1.708802216684207512e-04 3.351234423152187498e-05 3.764581291380800915e-04 2.174532450557092791e-03 1.751039666299359190e-04 1.857448838585678153e-03 1.938249261217127046e-04 7.204057989134074816e-03 1.811375235958015330e-04 1.151386652804802359e-04 1.042060100786974640e-04 1.446906467337419604e-03 1.155534757668203052e-04 7.261819282205718082e-03 2.204650560678465300e-04
1.497668797304153723e-05 1.553297366954382847e-05 7.637801572910898028e-05 2.725075534534401497e-06 2.527248299692075659e-05 -2.052340807682770954e-06 -1.259058211545685380e-05 1.400011788262672742e-04 1.856155061577964934e-05 9.926568179321990303e-08 1.569327499612254670e-05 8.450424933534416273e-05 -1.983417330301712948e-09 8.930092677995539365e-05 3.571263821058308992e-04 8.301420394012301953e-09 1.365931584556823435e-03 2.814288470663955450e-05 1.099456761506416835e-05 1.979641414540466053e-06 1.422337172388319371e-05 1.751039666299359190e-04 1.573040054796422902e-05 1.541955274638081826e-04 1.815963852119116520e-05 6.531539053655673055e-04 1.795705347994400541e-05 6.219482710107794770e-06 9.745400761197311681e-06 1.048690180484264432e-04 1.103414214462773817e-05 4.312127994174310601e-04 1.710485895167596467e-05
1.451800307589617186e-04 1.506893657537696580e-04 7.409566543866619084e-04 1.454117372292406548e-05 2.321595039791091755e-05 -1.140427708651975381e-04 -1.118176773006288884e-04 1.136512344241130505e-03 1.828557835033359376e-04 1.847616022136080283e-06 1.476812374378455193e-04 1.384449400011849435e-03 -2.072477736820927239e-08 8.797522184112566666e-04 5.505041467483822934e-03 2.901863137399468060e-07 1.287596321088771596e-02 4.624788856462449800e-04 1.678550255926685938e-04 3.218311219575337281e-05 3.331704216920992456e-04 1.857448838585678153e-03 1.541955274638081826e-04 1.801198229904843809e-03 1.867148311743576814e-04 6.616139852194108731e-03 1.682916949447293856e-04 1.107993150274215287e-04 1.000444092580882947e-04 1.379153470861935096e-03 1.108136057772588786e-04 8.306315148867058316e-04 1.116662320726460644e-04
2.120879428496951998e-05 2.201209196028657938e-05 1.082361846303584043e-04 2.598151782027714667e-06 1.211335139105208352e-05 -1.302262105414216175e-05 -1.676682160502466438e-05 1.499456963409387562e-04 2.598178820341317979e-05 1.981205372263443219e-07 2.157272437885562807e-05 1.455487552283363402e-04 -2.837365742772681849e-09 1.258685130868101893e-04 3.108584254394380843e-04 1.087091484171547054e-08 1.696749084641809621e-03 2.614732589271032845e-05 1.030031568765141929e-05 2.714688930653263044e-06 5.665095982380684108e-05 1.938249261217127046e-04 1.815963852119116520e-05 1.867148311743576814e-04 2.312302832629424060e-05 7.998194886604570496e-04 2.254130577325051015e-05 1.111863139476578206e-05 1.406160320487471605e-05 1.528754582325010864e-04 1.569136795261674250e-05 8.843121160993060853e-05 1.574531049923095361e-05
7.298661686702984531e-04 7.577255542708052514e-04 3.725844974312774414e-03 8.352222358355797639e-05 4.151770568166534051e-04 -3.948267309023046397e-04 -5.698308691548621338e-04 5.464904970841718244e-03 9.027222198205053392e-04 7.607423528433369170e-06 7.531719849438540861e-04 3.889719405580642671e-03 -9.392521470863967279e-08 4.352617104467440372e-03 1.267891162836582396e-02 4.367851382584347030e-07 5.858208332723317813e-02 1.045352081677185241e-03 4.022612719459230861e-04 9.436900290158298991e-05 1.636360360732670629e-03 7.204057989134074816e-03 6.531539053655673055e-04 6.616139852194108731e-03 7.998194886604570496e-04 2.827344568904223421e-02 7.824294779376589175e-04 2.824750133801671678e-04 4.731138978739528626e-04 4.006510437236786293e-03 5.275118923913260215e-04 1.092059991227572677e-02 6.696135399128602976e-04
2.164247881382986021e-05 2.246186047335436059e-05 1.104482726636719654e-04 3.321367605384357071e-06 2.959649414122306963e-05 -3.616006745485576026e-06 -1.795904290917663435e-05 1.579904518535102528e-04 2.565280455825562106e-05 9.924467457438222152e-08 2.219460968187231088e-05 6.621186245163408280e-05 -2.635355341816511176e-09 1.251269328284775018e-04 1.997885178841898835e-04 -7.157202934548193537e-09 1.667854031955150846e-03 1.485454809345404577e-05 6.639786784539918984e-06 1.650259881271167169e-06 3.043847467452070701e-05 1.811375235958015330e-04 1.795705347994400541e-05 1.682916949447293856e-04 2.254130577325051015e-05 7.824294779376589175e-04 2.300958395780569439e-05 3.988984725351137313e-06 1.354673404077251359e-05 8.319019781687108685e-05 1.527020038341895535e-05 1.884835655208739493e-04 1.762168113346146805e-05
-3.851861284820807194e-06 -4.003643901039873221e-06 -1.971152232554104956e-05 2.902009866072155475e-08 2.113420005986222059e-06 1.681416426144783960e-06 3.109989027544054750e-06 -8.145628845296635083e-06 -4.003215969829883777e-06 -1.327037129035745794e-08 -3.928734550915482040e-06 3.564221929088482160e-03 -1.132907659622571185e-08 8.824376262530806989e-06 -7.219673004846196163e-04 3.488701096610787601e-08 6.850478095523813375e-05 1.682297904917792375e-06 5.894803415686541675e-07 -5.014454504416786524e-08 -7.098264953625260772e-06 1.151386652804802359e-04 6.219482710107794770e-06 1.107993150274215287e-04 1.111863139476578206e-05 2.824750133801671678e-04 3.988984725351137313e-06 3.191271102486076022e-04 3.245985751911375697e-05 3.175591170307219893e-03 2.976871894145749107e-05 2.067980609579669372e-03 3.301183000176816773e-05
1.628307902294906265e-05 1.694667276612977263e-05 8.332682225268818682e-05 -1.192635551987990055e-07 -8.835945366414012762e-06 -7.049042504801780000e-06 -1.352513432899007343e-05 3.438338100321501335e-05 1.707244365067940762e-05 3.807251467224893948e-08 1.660800014304036562e-05 3.791748207626240152e-04 -2.994538533277988707e-09 8.859827288914615671e-05 -9.293048843250488358e-05 -1.857538507437890232e-08 6.839161307363397389e-04 1.840308741183534601e-07 4.759093950942873206e-08 5.281125901447713845e-07 2.633629900896009528e-05 1.042060100786974640e-04 9.745400761197311681e-06 1.000444092580882947e-04 1.406160320487471605e-05 4.731138978739528626e-04 1.354673404077251359e-05 3.245985751911375697e-05 1.343168522194019063e-05 2.992270418987785546e-04 1.396352627424734593e-05 2.231443032695337703e-04 1.479126935990815873e-05
-6.747831691371878509e-05 -8.068074832523992944e-05 -3.967202463327396708e-04 4.814760202360027431e-05 4.488892111105764532e-04 -3.395249946086874402e-05 3.651282392627917128e-05 9.401646649028051837e-04 -6.544798842420580397e-05 -4.290481933606378863e-07 -7.907093694105895828e-05 3.542780168479748443e-02 -1.100403157610336946e-07 -9.250046533128302622e-05 -9.148757783703033442e-03 5.760206629864443645e-07 9.366865062076599330e-03 1.682341471655747999e-05 2.707647674110796545e-05 1.382103830908724466e-05 4.594543154810848146e-04 1.446906467337419604e-03 1.048690180484264432e-04 1.379153470861935096e-03 1.528754582325010864e-04 4.006510437236786293e-03 8.319019781687108685e-05 3.175591170307219893e-03 2.992270418987785546e-04 4.425652264857011381e-02 3.912687429423067505e-04 2.058855419298107059e-02 3.023180086202128213e-04
1.773728796971576092e-05 1.835942051493788868e-05 9.027610395729482697e-05 3.265036993505634217e-07 -5.678221507419196070e-06 -8.285269513460959514e-06 -1.490998108261506298e-05 4.782707486195872192e-05 1.864389943940290191e-05 3.936061119495469393e-08 1.799307242137762969e-05 3.504395725697550330e-04 -3.061116068634125397e-09 9.574270494615894805e-05 -1.076659252624299131e-04 -1.893464575025176653e-08 8.355885319505332743e-04 1.708621263058221113e-07 2.441666809562174752e-07 7.200584911536360891e-07 3.423456957876074101e-05 1.155534757668203052e-04 1.103414214462773817e-05 1.108136057772588786e-04 1.569136795261674250e-05 5.275118923913260215e-04 1.527020038341895535e-05 2.976871894145749107e-05 1.396352627424734593e-05 3.912687429423067505e-04 1.573855555407120571e-05 2.071103682794819844e-04 1.542840936449042111e-05
-3.926374020742063963e-06 -4.086261193016371767e-06 -2.009277802855064643e-05 2.877796413674792039e-08 2.131196684919822155e-06 1.700090221782359473e-06 3.259164108200874600e-06 -8.291232208671486499e-06 -4.115852940584382242e-06 -9.284448296267325569e-09 1.922728180011548270e-04 2.311761127202055163e-02 -7.570675494582005589e-08 1.674319774297360021e-04 -4.712391717598528144e-03 2.002070020051986594e-07 1.295769709856718112e-03 1.093949379054392026e-05 3.810066500842613744e-06 3.543323638771991978e-07 -1.157085938521920788e-05 7.261819282205718082e-03 4.312127994174310601e-04 8.306315148867058316e-04 8.843121160993060853e-05 1.092059991227572677e-02 1.884835655208739493e-04 2.067980609579669372e-03 2.231443032695337703e-04 2.058855419298107059e-02 2.071103682794819844e-04 1.719023222302957510e-01 2.805968118951827385e-03
1.842138531306145130e-05 1.917152862379011691e-05 9.426937019203815817e-05 -1.350176939159804198e-07 -9.998944343223510519e-06 -7.976320358732867861e-06 -1.529103379475256271e-05 3.890000861181472228e-05 1.931036435036995633e-05 4.355988467785629122e-08 2.198416903250776644e-05 3.874811062942309166e-04 -3.250604482560181097e-09 9.988872821583549551e-05 -9.683958188825012102e-05 -2.132769022356493435e-08 7.710800203548733283e-04 1.889557068638668870e-07 4.711348368192007189e-08 5.967241253896686074e-07 2.980945712219126078e-05 2.204650560678465300e-04 1.710485895167596467e-05 1.116662320726460644e-04 1.574531049923095361e-05 6.696135399128602976e-04 1.762168113346146805e-05 3.301183000176816773e-05 1.479126935990815873e-05 3.023180086202128213e-04 1.542840936449042111e-05 2.805968118951827385e-03 5.828244039390415330e-05
