6.722537220015376198e-05 6.970666440613607865e-05 2.992552866075887433e-04 2.914931641555537292e-06 -1.946394681024359681e-05 -2.542268402789110693e-05 -6.255268436187856151e-05 1.928876512191945211e-04 9.165042675751495160e-05 4.277476611128898125e-08 6.843091711555784765e-05 -2.738398155173291007e-05 -7.814764432756130743e-09 4.174668063950691182e-04 -4.305868186077506371e-05 -5.202423016176188256e-08 3.276859773253488171e-03 -2.622509890760747257e-09 1.514113698901605762e-07 1.998647374254634115e-06 1.446619369489908621e-04 2.906737156773750289e-04 2.948891561534383804e-05 2.785114419942490930e-04 4.116673655333656347e-05 1.367863661002086378e-03 4.102334442149215747e-05 -6.930578682870121942e-06 2.939395606759070479e-05 -1.197165554223694913e-04 3.203508330567487946e-05 -7.091294384109432568e-06 3.324595259935731698e-05
6.970666440613607865e-05 7.229042321140285348e-05 3.103473138077365661e-04 2.976387571090982259e-06 -2.059729272988970511e-05 -2.628513849232625972e-05 -6.483379345257486389e-05 1.980495731757887063e-04 9.502103522934768863e-05 4.538414861232063917e-08 7.096733878610347326e-05 -2.833557443034086809e-05 -8.102021769699496381e-09 4.328613171748003008e-04 -4.284356005786298376e-05 -5.410535932639212799e-08 3.386257336334296507e-03 -2.807686081878228312e-09 1.360151291564211331e-07 2.060400506806775731e-06 1.494035141922466620e-04 3.009999728486398448e-04 3.052204115095008948e-05 2.884160343233069441e-04 4.262710986966696371e-05 1.416676993181358079e-03 4.247705408096928324e-05 -7.181819016596325543e-06 3.048404020161987342e-05 -1.358314031131814472e-04 3.311036715422512007e-05 -7.354136291046261617e-06 3.447822827510989220e-05
2.992552866075887433e-04 3.103473138077365661e-04 1.332341396060625826e-03 1.277789323032280626e-05 -8.842662674070974217e-05 -1.128446969369156956e-04 -2.783303699725372797e-04 8.502349902284287190e-04 4.079291062807860555e-04 1.951190137608534685e-07 3.046674452338289196e-04 -1.219178969297225425e-04 -3.478128738219770459e-08 1.858293129309350564e-03 -1.839312439055646071e-04 -2.322649993192979289e-07 1.453735642703930624e-02 -1.205319769187504883e-08 5.839086256595852779e-07 8.845497708747053413e-06 6.414039044776221644e-04 1.292212875865523169e-03 1.310331143573904367e-04 1.238183294867000513e-03 1.830003561632778284e-04 6.081880285398469192e-03 1.823566395154721271e-04 -3.085633751872559173e-05 1.308674686842236257e-04 -5.831339543992165603e-04 1.421449723799171996e-04 -3.157178998141025683e-05 1.480172978787732318e-04
2.914931641555537292e-06 2.976387571090982259e-06 1.277789323032280626e-05 1.431580812069073592e-05 -8.498099388222642679e-05 -1.200663379121372351e-04 1.925518522889660395e-06 -6.239669052520230232e-05 8.162323031682428167e-06 2.890025870417429164e-07 2.921929842804561414e-06 -9.359474464288766699e-07 -2.856551288865859882e-10 3.764313034458260579e-05 -1.291654769002959100e-06 1.276717934002374905e-07 1.735908052375920640e-03 -2.570332230239677611e-08 1.011388650504720972e-06 9.527391284118657221e-06 6.856518296594885835e-04 5.224556431954283531e-05 4.881094253428438540e-06 4.788836981884477732e-05 6.817746137378064616e-06 2.317980955550103211e-04 6.203872270570059533e-06 -2.976294788214529870e-07 1.254915626266688514e-06 4.461185010768166088e-05 1.845239248287741536e-06 -3.027909831628513940e-07 1.419568013222543339e-06
-1.946394681024359681e-05 -2.059729272988970511e-05 -8.842662674070974217e-05 -8.498099388222642679e-05 1.152755141861395776e-03 1.005403576124214073e-03 -4.398610392114459347e-05 1.758143573510460682e-03 -4.039315763491375293e-05 -3.532386208339524048e-06 -2.022057900429824842e-05 6.061054244376448458e-06 3.864949897757530674e-12 -2.062991168525439827e-04 6.608333242471364040e-04 -1.023189779295253330e-06 -5.959783214430445369e-03 -3.598224939445971594e-07 1.044995412682198336e-05 -7.416615196162571800e-05 -5.586410401947478760e-03 -1.719750239611447470e-04 5.051818482536123980e-06 -1.539250306400991963e-04 -1.165208217967318499e-05 -6.178640704771476422e-04 2.438317158593319262e-06 2.076182025173400390e-06 -8.682661780548921984e-06 4.830116905152037057e-04 -5.168453776025492066e-06 2.095399042586439875e-06 -9.823811216430981266e-06
-2.542268402789110693e-05 -2.628513849232625972e-05 -1.128446969369156956e-04 -1.200663379121372351e-04 1.005403576124214073e-03 1.139118904354305579e-03 -3.084691587264062223e-05 1.149827837938938689e-03 -6.481849240239784260e-05 -3.244058221029368278e-06 -2.580427631057027535e-05 8.077789189274251099e-06 1.631988144150696209e-09 -3.079664008556423117e-04 3.057470510977243440e-04 -1.190550851009573583e-06 -1.259750157315421906e-02 -1.046320507619833777e-08 -1.052714789337328187e-06 -8.785579146101513929e-05 -6.435064534017484635e-03 -3.757979090550990259e-04 -2.557568090622925261e-05 -3.427824661297913128e-04 -4.416928462675559220e-05 -1.601805494379863202e-03 -3.430508217309922824e-05 2.635888602592100156e-06 -1.108169519461462094e-05 -3.646811891666818309e-05 -1.286346592083565369e-05 2.674021148163244207e-06 -1.253655194530418904e-05
-6.255268436187856151e-05 -6.483379345257486389e-05 -2.783303699725372797e-04 1.925518522889660395e-06 -4.398610392114459347e-05 -3.084691587264062223e-05 3.720915003380910122e-04 -3.735352368749511663e-04 -1.853055016781224946e-04 6.820051975460731818e-06 -6.364600169389371658e-05 2.938320725290780142e-05 2.442158624092524622e-08 -4.877078152365444882e-04 -9.851729570925817555e-06 1.258645573812983010e-06 -4.684744724599589766e-03 1.866545310039387286e-08 -6.914657347890920494e-07 2.165676593408772571e-06 1.683694292611450489e-04 -2.452505900051313108e-04 -2.671988902075239327e-05 -2.361869432357139188e-04 -3.561121748397244938e-05 -1.160042065078335316e-03 -3.655727446110551088e-05 6.307760627884496780e-06 -2.735294250869470500e-05 8.011898113140895352e-05 -3.009487712000561801e-05 6.595447692464946748e-06 -3.092128594273565312e-05
1.928876512191945211e-04 1.980495731757887063e-04 8.502349902284287190e-04 -6.239669052520230232e-05 1.758143573510460682e-03 1.149827837938938689e-03 -3.735352368749511663e-04 8.292046850748549525e-02 -1.123147635328874917e-04 -4.377419936390481797e-05 1.944238339266645310e-04 -9.907182070146578542e-05 -1.916602671300319447e-08 1.262860624540157581e-04 1.917936771852549833e-03 -1.530297647243931962e-06 1.804238561040945599e-01 -8.452138692522360242e-07 3.086042601433198514e-05 -7.921745501029979388e-05 -6.234353768919524176e-03 3.412223508272122559e-03 4.111611984313310480e-04 3.360918651115272441e-03 4.450839357436276920e-04 1.633976350045896614e-02 4.807477603683724425e-04 -1.956645694008911788e-05 8.352609982514573486e-05 1.771652566004585511e-03 1.112914224502857606e-04 -2.014756924979569318e-05 9.445738621330766640e-05
9.165042675751495160e-05 9.502103522934768863e-05 4.079291062807860555e-04 8.162323031682428167e-06 -4.039315763491375293e-05 -6.481849240239784260e-05 -1.853055016781224946e-04 -1.123147635328874917e-04 5.105089996111638207e-04 9.926874196820416397e-06 9.328143598521893237e-05 -2.757515281394466418e-05 -2.865887953458045925e-08 1.907795858683922468e-03 -7.298549641866789795e-05 1.596650033398722662e-07 1.216268581888505992e-02 -1.939775089955639733e-08 7.817661430612942453e-07 5.213275185534704587e-06 3.720801092165619030e-04 4.718452236546126586e-04 4.774935922876997378e-05 4.516185121912184592e-04 6.555563603291170041e-05 2.213650876647862108e-03 6.483175122108645228e-05 -9.384603713171227844e-06 4.007480018855367901e-05 -1.494110279761752058e-04 4.380084328817634325e-05 -9.666480459631669801e-06 4.531913833520269939e-05
4.277476611128898125e-08 4.538414861232063917e-08 1.951190137608534685e-07 2.890025870417429164e-07 -3.532386208339524048e-06 -3.244058221029368278e-06 6.820051975460731818e-06 -4.377419936390481797e-05 9.926874196820416397e-06 2.534207827353570542e-06 4.461800227392184275e-08 8.641168498997441676e-07 7.700980352476208510e-11 3.937666606145579339e-06 -4.973712701681043008e-06 -2.068757120854668353e-08 -5.697384952351945404e-05 8.814730262403087210e-10 -2.570551669908121591e-08 2.416858148919355382e-07 1.809102149428533187e-05 3.380040700444952418e-06 2.229007357999609807e-07 3.171063325491782100e-06 3.801904455150190520e-07 1.510479675807319390e-05 2.829441615797393897e-07 -1.178497412461236969e-08 1.841304517943823420e-08 -1.259961176846626999e-06 9.540433940560631670e-09 -4.623632152503826032e-09 2.167686845665781602e-08
6.843091711555784765e-05 7.096733878610347326e-05 3.046674452338289196e-04 2.921929842804561414e-06 -2.022057900429824842e-05 -2.580427631057027535e-05 -6.364600169389371658e-05 1.944238339266645310e-04 9.328143598521893237e-05 4.461800227392184275e-08 6.997078224997533517e-05 -2.787905134201028586e-05 -7.953461477673405978e-09 4.249371984359601694e-04 -4.205968706299976031e-05 -5.311220094870042292e-08 3.324267530961089873e-03 -2.756213203717230687e-09 1.335227966012966439e-07 2.022706189805492365e-06 1.466702824951690793e-04 3.039698249905310387e-04 3.047387670995097220e-05 2.831362459304456801e-04 4.184682030746551470e-05 1.401788679410852180e-03 4.189197271920980876e-05 -7.055940428555968050e-06 2.992555621714411263e-05 -1.333456519786951173e-04 3.250439092853341322e-05 2.114623719747227141e-04 3.740844534150009846e-05
-2.738398155173291007e-05 -2.833557443034086809e-05 -1.219178969297225425e-04 -9.359474464288766699e-07 6.061054244376448458e-06 8.077789189274251099e-06 2.938320725290780142e-05 -9.907182070146578542e-05 -2.757515281394466418e-05 8.641168498997441676e-07 -2.787905134201028586e-05 1.097521095742898523e-01 -3.614404214662109885e-07 1.319606711534879488e-03 -2.242922557299936726e-02 1.222072764963471183e-06 6.757941791962904926e-03 4.809158468220515537e-05 1.669670938527492509e-05 1.518546640640941933e-06 -7.997896678118616596e-05 3.901963608108172804e-03 2.367351371640088185e-04 3.747718770943242548e-03 4.072854679008999518e-04 1.048652964422484846e-02 1.877863310372549074e-04 9.823391498522326612e-03 1.053024958208936086e-03 9.759033476487261050e-02 9.765685642719634969e-04 6.377994072304893347e-02 1.078602461482813454e-03
-7.814764432756130743e-09 -8.102021769699496381e-09 -3.478128738219770459e-08 -2.856551288865859882e-10 3.864949897757530674e-12 1.631988144150696209e-09 2.442158624092524622e-08 -1.916602671300319447e-08 -2.865887953458045925e-08 7.700980352476208510e-11 -7.953461477673405978e-09 -3.614404214662109885e-07 3.510798059068308788e-12 -1.079735825874812241e-07 7.763115585404571357e-08 4.176769914283879345e-11 -7.693632141489532458e-07 -1.597786162856887631e-10 -1.194151148840618909e-10 -1.513977188490713300e-10 -9.610284133621514617e-09 -4.872837426863765538e-08 -4.493919933409537596e-09 -4.675546617007765835e-08 -6.413069412769966194e-09 -2.031934214384898227e-07 -5.698276322495964599e-09 -3.181960214300080243e-08 -6.954364897156350205e-09 -3.116195678982760564e-07 -7.025200019128330909e-09 -2.109969354898805744e-07 -7.491369382403242245e-09
4.174668063950691182e-04 4.328613171748003008e-04 1.858293129309350564e-03 3.764313034458260579e-05 -2.062991168525439827e-04 -3.079664008556423117e-04 -4.877078152365444882e-04 1.262860624540157581e-04 1.907795858683922468e-03 3.937666606145579339e-06 4.249371984359601694e-04 1.319606711534879488e-03 -1.079735825874812241e-07 8.334337725292942714e-03 -5.941340477045912137e-04 2.951679086868705759e-06 5.290666825992597355e-02 1.342921493865890680e-06 3.591216265090372112e-06 2.465074340892794584e-05 1.761816650207846582e-03 2.165355487185030917e-03 2.165302545621313997e-04 2.072332652035592266e-03 2.996400275961708971e-04 1.005877512797442863e-02 2.937537550864829277e-04 8.767553201937337002e-05 1.967029505315613267e-04 5.714225525026015362e-04 2.122591772967967526e-04 8.039467747177869283e-04 2.209694558330885922e-04
-4.305868186077506371e-05 -4.284356005786298376e-05 -1.839312439055646071e-04 -1.291654769002959100e-06 6.608333242471364040e-04 3.057470510977243440e-04 -9.851729570925817555e-06 1.917936771852549833e-03 -7.298549641866789795e-05 -4.973712701681043008e-06 -4.205968706299976031e-05 -2.242922557299936726e-02 7.763115585404571357e-08 -5.941340477045912137e-04 5.715659580217458818e-02 2.243459699838543791e-06 2.358164733232404400e-02 4.114015538932916036e-03 1.449102589158066806e-03 1.631671454657030460e-04 -4.531687655635670275e-03 6.788344322015338848e-03 4.387396259091867865e-04 6.703019372201239612e-03 3.555279108194509615e-04 1.472196378047840523e-02 2.291004513072726254e-04 -2.004194224503969609e-03 -2.358821465294076421e-04 -2.183570084134986780e-02 -2.409305256120056193e-04 -1.304848742612195120e-02 -2.439567789738564816e-04
-5.202423016176188256e-08 -5.410535932639212799e-08 -2.322649993192979289e-07 1.276717934002374905e-07 -1.023189779295253330e-06 -1.190550851009573583e-06 1.258645573812983010e-06 -1.530297647243931962e-06 1.596650033398722662e-07 -2.068757120854668353e-08 -5.311220094870042292e-08 1.222072764963471183e-06 4.176769914283879345e-11 2.951679086868705759e-06 2.243459699838543791e-06 9.097681303796276725e-09 2.423660959343758032e-05 2.245527533028933867e-07 8.048096852214890179e-08 1.021034952520441628e-07 6.574937822677939461e-06 7.237149459550415641e-07 4.061431346804251356e-08 6.838538759409091854e-07 5.411135976135257941e-08 2.130410739799245953e-06 3.062548648287136840e-08 1.107372634696428393e-07 -1.138626842264747035e-08 1.314093652285017795e-06 -1.256810318374544130e-08 6.923636507475860839e-07 -1.404152795973666872e-08
3.276859773253488171e-03 3.386257336334296507e-03 1.453735642703930624e-02 1.735908052375920640e-03 -5.959783214430445369e-03 -1.259750157315421906e-02 -4.684744724599589766e-03 1.804238561040945599e-01 1.216268581888505992e-02 -5.697384952351945404e-05 3.324267530961089873e-03 6.757941791962904926e-03 -7.693632141489532458e-07 5.290666825992597355e-02 2.358164733232404400e-02 2.423660959343758032e-05 9.637388517779930108e-01 1.747389822896185021e-03 8.436529203551435159e-04 1.114806769956361342e-03 7.173089897456352837e-02 3.014450622453404560e-02 3.048045107071651119e-03 2.891212710797228663e-02 3.815842095567218914e-03 1.322376433314846889e-01 3.733479916965802385e-03 3.758253165752288008e-04 1.505174377723348875e-03 1.372912130659985006e-02 1.747694078561599224e-03 4.274464818939607488e-03 1.694133638093558904e-03
-2.622509890760747257e-09 -2.807686081878228312e-09 -1.205319769187504883e-08 -2.570332230239677611e-08 -3.598224939445971594e-07 -1.046320507619833777e-08 1.866545310039387286e-08 -8.452138692522360242e-07 -1.939775089955639733e-08 8.814730262403087210e-10 -2.756213203717230687e-09 4.809158468220515537e-05 -1.597786162856887631e-10 1.342921493865890680e-06 4.114015538932916036e-03 2.245527533028933867e-07 1.747389822896185021e-03 3.320358152001595480e-04 1.155945667095592219e-04 1.466506665645117438e-05 -2.374873475170059876e-04 6.181189234344267643e-04 3.813062703662525502e-05 6.084846524545808790e-04 3.547825195460920943e-05 1.374544903821341667e-03 2.055698756869480808e-05 4.303668732504341683e-06 4.655164016337709322e-07 4.303454618115841457e-05 4.337865666097054914e-07 2.796789501752828296e-05 4.775909033955131644e-07
1.514113698901605762e-07 1.360151291564211331e-07 5.839086256595852779e-07 1.011388650504720972e-06 1.044995412682198336e-05 -1.052714789337328187e-06 -6.914657347890920494e-07 3.086042601433198514e-05 7.817661430612942453e-07 -2.570551669908121591e-08 1.335227966012966439e-07 1.669670938527492509e-05 -1.194151148840618909e-10 3.591216265090372112e-06 1.449102589158066806e-03 8.048096852214890179e-08 8.436529203551435159e-04 1.155945667095592219e-04 4.074246546069601167e-05 5.333577619419831328e-06 -7.271083139901683842e-05 2.224897674294357044e-04 1.449759933343603808e-05 2.186240641802438553e-04 1.357855179473299112e-05 5.145775325914247415e-04 8.607509892268805964e-06 1.485706881238890286e-06 2.199426387323389521e-07 3.735024628310935083e-05 4.309800849205794935e-07 9.727373964891114478e-06 2.316825767388198242e-07
1.998647374254634115e-06 2.060400506806775731e-06 8.845497708747053413e-06 9.527391284118657221e-06 -7.416615196162571800e-05 -8.785579146101513929e-05 2.165676593408772571e-06 -7.921745501029979388e-05 5.213275185534704587e-06 2.416858148919355382e-07 2.022706189805492365e-06 1.518546640640941933e-06 -1.513977188490713300e-10 2.465074340892794584e-05 1.631671454657030460e-04 1.021034952520441628e-07 1.114806769956361342e-03 1.466506665645117438e-05 5.333577619419831328e-06 7.467678913477493375e-06 4.870251247600105703e-04 5.834087127101881978e-05 4.010993026560585162e-06 5.522663130119615660e-05 5.324370843817233916e-06 1.944800104900750847e-04 3.973295120893694950e-06 -1.362661725695879069e-08 8.895841365749337481e-07 1.132893992325053302e-05 1.090625216194241360e-06 1.043752947084169408e-06 1.004159184221650964e-06
1.446619369489908621e-04 1.494035141922466620e-04 6.414039044776221644e-04 6.856518296594885835e-04 -5.586410401947478760e-03 -6.435064534017484635e-03 1.683694292611450489e-04 -6.234353768919524176e-03 3.720801092165619030e-04 1.809102149428533187e-05 1.466702824951690793e-04 -7.997896678118616596e-05 -9.610284133621514617e-09 1.761816650207846582e-03 -4.531687655635670275e-03 6.574937822677939461e-06 7.173089897456352837e-02 -2.374873475170059876e-04 -7.271083139901683842e-05 4.870251247600105703e-04 3.655653818299592350e-02 1.737197090129214642e-03 1.269304153766842266e-04 1.553672177817791173e-03 2.337653943248730833e-04 8.346300146976492682e-03 1.906037552381211375e-04 -1.801841426449801324e-05 6.265854271514061840e-05 3.566555466091830395e-04 7.453327634566613057e-05 -3.495517734326798005e-05 7.091885303853645616e-05
2.906737156773750289e-04 3.009999728486398448e-04 1.292212875865523169e-03 5.224556431954283531e-05 -1.719750239611447470e-04 -3.757979090550990259e-04 -2.452505900051313108e-04 3.412223508272122559e-03 4.718452236546126586e-04 3.380040700444952418e-06 3.039698249905310387e-04 3.901963608108172804e-03 -4.872837426863765538e-08 2.165355487185030917e-03 6.788344322015338848e-03 7.237149459550415641e-07 3.014450622453404560e-02 6.181189234344267643e-04 2.224897674294357044e-04 5.834087127101881978e-05 1.737197090129214642e-03 3.031970113829290762e-03 2.502436912835564759e-04 2.703425505849142707e-03 2.918463827576639534e-04 1.030773046782629265e-02 2.618636789821311359e-04 3.295737248479444132e-04 1.659135612549238116e-04 3.491058556125292527e-03 1.787548687962458183e-04 8.449852053409041830e-03 2.836172118529718027e-04
2.948891561534383804e-05 3.052204115095008948e-05 1.310331143573904367e-04 4.881094253428438540e-06 5.051818482536123980e-06 -2.557568090622925261e-05 -2.671988902075239327e-05 4.111611984313310480e-04 4.774935922876997378e-05 2.229007357999609807e-07 3.047387670995097220e-05 2.367351371640088185e-04 -4.493919933409537596e-09 2.165302545621313997e-04 4.387396259091867865e-04 4.061431346804251356e-08 3.048045107071651119e-03 3.813062703662525502e-05 1.449759933343603808e-05 4.010993026560585162e-06 1.269304153766842266e-04 2.502436912835564759e-04 2.265292703481648810e-05 2.275490658775288139e-04 2.721760622014176049e-05 9.375424088661594383e-04 2.571320551976718225e-05 1.920276554022340337e-05 1.528218777113953236e-05 2.282975719621529597e-04 1.684236495015805805e-05 5.112069793375311529e-04 2.305406343321119822e-05
2.785114419942490930e-04 2.884160343233069441e-04 1.238183294867000513e-03 4.788836981884477732e-05 -1.539250306400991963e-04 -3.427824661297913128e-04 -2.361869432357139188e-04 3.360918651115272441e-03 4.516185121912184592e-04 3.171063325491782100e-06 2.831362459304456801e-04 3.747718770943242548e-03 -4.675546617007765835e-08 2.072332652035592266e-03 6.703019372201239612e-03 6.838538759409091854e-07 2.891212710797228663e-02 6.084846524545808790e-04 2.186240641802438553e-04 5.522663130119615660e-05 1.553672177817791173e-03 2.703425505849142707e-03 2.275490658775288139e-04 2.617070554260487753e-03 2.808500460071933582e-04 9.630879232204198753e-03 2.462734740431587088e-04 3.165949997281264122e-04 1.590625898435640091e-04 3.341801219147630744e-03 1.712526909587215465e-04 2.213576247878149515e-03 1.759654645033917916e-04
4.116673655333656347e-05 4.262710986966696371e-05 1.830003561632778284e-04 6.817746137378064616e-06 -1.165208217967318499e-05 -4.416928462675559220e-05 -3.561121748397244938e-05 4.450839357436276920e-04 6.555563603291170041e-05 3.801904455150190520e-07 4.184682030746551470e-05 4.072854679008999518e-04 -6.413069412769966194e-09 2.996400275961708971e-04 3.555279108194509615e-04 5.411135976135257941e-08 3.815842095567218914e-03 3.547825195460920943e-05 1.357855179473299112e-05 5.324370843817233916e-06 2.337653943248730833e-04 2.918463827576639534e-04 2.721760622014176049e-05 2.808500460071933582e-04 3.518114624567888430e-05 1.179807126869224492e-03 3.295325841261279487e-05 3.367677958208544430e-05 2.208674405258300932e-05 3.674153803327417055e-04 2.402548861317755491e-05 2.419630968120620976e-04 2.454828341229413775e-05
1.367863661002086378e-03 1.416676993181358079e-03 6.081880285398469192e-03 2.317980955550103211e-04 -6.178640704771476422e-04 -1.601805494379863202e-03 -1.160042065078335316e-03 1.633976350045896614e-02 2.213650876647862108e-03 1.510479675807319390e-05 1.401788679410852180e-03 1.048652964422484846e-02 -2.031934214384898227e-07 1.005877512797442863e-02 1.472196378047840523e-02 2.130410739799245953e-06 1.322376433314846889e-01 1.374544903821341667e-03 5.145775325914247415e-04 1.944800104900750847e-04 8.346300146976492682e-03 1.030773046782629265e-02 9.375424088661594383e-04 9.630879232204198753e-03 1.179807126869224492e-03 4.029387111968306401e-02 1.106971665216139114e-03 8.461800335059601382e-04 7.044268943421500007e-04 9.185955560767410794e-03 7.679511970015304384e-04 1.427051652229554754e-02 9.157916561211981721e-04
4.102334442149215747e-05 4.247705408096928324e-05 1.823566395154721271e-04 6.203872270570059533e-06 2.438317158593319262e-06 -3.430508217309922824e-05 -3.655727446110551088e-05 4.807477603683724425e-04 6.483175122108645228e-05 2.829441615797393897e-07 4.189197271920980876e-05 1.877863310372549074e-04 -5.698276322495964599e-09 2.937537550864829277e-04 2.291004513072726254e-04 3.062548648287136840e-08 3.733479916965802385e-03 2.055698756869480808e-05 8.607509892268805964e-06 3.973295120893694950e-06 1.906037552381211375e-04 2.618636789821311359e-04 2.571320551976718225e-05 2.462734740431587088e-04 3.295325841261279487e-05 1.106971665216139114e-03 3.215289524444695407e-05 1.404866639934745931e-05 1.989330335370116155e-05 1.739109095386179174e-04 2.199006019581929461e-05 2.537644899459303078e-04 2.456158698749319588e-05
-6.930578682870121942e-06 -7.181819016596325543e-06 -3.085633751872559173e-05 -2.976294788214529870e-07 2.076182025173400390e-06 2.635888602592100156e-06 6.307760627884496780e-06 -1.956645694008911788e-05 -9.384603713171227844e-06 -1.178497412461236969e-08 -7.055940428555968050e-06 9.823391498522326612e-03 -3.181960214300080243e-08 8.767553201937337002e-05 -2.004194224503969609e-03 1.107372634696428393e-07 3.758253165752288008e-04 4.303668732504341683e-06 1.485706881238890286e-06 -1.362661725695879069e-08 -1.801841426449801324e-05 3.295737248479444132e-04 1.920276554022340337e-05 3.165949997281264122e-04 3.367677958208544430e-05 8.461800335059601382e-04 1.404866639934745931e-05 8.795481416944263362e-04 9.227505296566793688e-05 8.742030232856339705e-03 8.526451363445910461e-05 5.708075742274424172e-03 9.430713898767414298e-05
2.939395606759070479e-05 3.048404020161987342e-05 1.308674686842236257e-04 1.254915626266688514e-06 -8.682661780548921984e-06 -1.108169519461462094e-05 -2.735294250869470500e-05 8.352609982514573486e-05 4.007480018855367901e-05 1.841304517943823420e-08 2.992555621714411263e-05 1.053024958208936086e-03 -6.954364897156350205e-09 1.967029505315613267e-04 -2.358821465294076421e-04 -1.138626842264747035e-08 1.505174377723348875e-03 4.655164016337709322e-07 2.199426387323389521e-07 8.895841365749337481e-07 6.265854271514061840e-05 1.659135612549238116e-04 1.528218777113953236e-05 1.590625898435640091e-04 2.208674405258300932e-05 7.044268943421500007e-04 1.989330335370116155e-05 9.227505296566793688e-05 2.318982859726199551e-05 8.893255995438417109e-04 2.356590129546623754e-05 6.158569617390380379e-04 2.513812005090203209e-05
-1.197165554223694913e-04 -1.358314031131814472e-04 -5.831339543992165603e-04 4.461185010768166088e-05 4.830116905152037057e-04 -3.646811891666818309e-05 8.011898113140895352e-05 1.771652566004585511e-03 -1.494110279761752058e-04 -1.259961176846626999e-06 -1.333456519786951173e-04 9.759033476487261050e-02 -3.116195678982760564e-07 5.714225525026015362e-04 -2.183570084134986780e-02 1.314093652285017795e-06 1.372912130659985006e-02 4.303454618115841457e-05 3.735024628310935083e-05 1.132893992325053302e-05 3.566555466091830395e-04 3.491058556125292527e-03 2.282975719621529597e-04 3.341801219147630744e-03 3.674153803327417055e-04 9.185955560767410794e-03 1.739109095386179174e-04 8.742030232856339705e-03 8.893255995438417109e-04 9.961305580944385119e-02 9.389642965109475537e-04 5.673921912383131372e-02 9.066077265771207636e-04
3.203508330567487946e-05 3.311036715422512007e-05 1.421449723799171996e-04 1.845239248287741536e-06 -5.168453776025492066e-06 -1.286346592083565369e-05 -3.009487712000561801e-05 1.112914224502857606e-04 4.380084328817634325e-05 9.540433940560631670e-09 3.250439092853341322e-05 9.765685642719634969e-04 -7.025200019128330909e-09 2.122591772967967526e-04 -2.409305256120056193e-04 -1.256810318374544130e-08 1.747694078561599224e-03 4.337865666097054914e-07 4.309800849205794935e-07 1.090625216194241360e-06 7.453327634566613057e-05 1.787548687962458183e-04 1.684236495015805805e-05 1.712526909587215465e-04 2.402548861317755491e-05 7.679511970015304384e-04 2.199006019581929461e-05 8.526451363445910461e-05 2.356590129546623754e-05 9.389642965109475537e-04 2.525685927458582814e-05 5.721475215151223832e-04 2.564707746741243913e-05
-7.091294384109432568e-06 -7.354136291046261617e-06 -3.157178998141025683e-05 -3.027909831628513940e-07 2.095399042586439875e-06 2.674021148163244207e-06 6.595447692464946748e-06 -2.014756924979569318e-05 -9.666480459631669801e-06 -4.623632152503826032e-09 2.114623719747227141e-04 6.377994072304893347e-02 -2.109969354898805744e-07 8.039467747177869283e-04 -1.304848742612195120e-02 6.923636507475860839e-07 4.274464818939607488e-03 2.796789501752828296e-05 9.727373964891114478e-06 1.043752947084169408e-06 -3.495517734326798005e-05 8.449852053409041830e-03 5.112069793375311529e-04 2.213576247878149515e-03 2.419630968120620976e-04 1.427051652229554754e-02 2.537644899459303078e-04 5.708075742274424172e-03 6.158569617390380379e-04 5.673921912383131372e-02 5.721475215151223832e-04 1.956571728627935214e-01 3.211506522856726921e-03
3.324595259935731698e-05 3.447822827510989220e-05 1.480172978787732318e-04 1.419568013222543339e-06 -9.823811216430981266e-06 -1.253655194530418904e-05 -3.092128594273565312e-05 9.445738621330766640e-05 4.531913833520269939e-05 2.167686845665781602e-08 3.740844534150009846e-05 1.078602461482813454e-03 -7.491369382403242245e-09 2.209694558330885922e-04 -2.439567789738564816e-04 -1.404152795973666872e-08 1.694133638093558904e-03 4.775909033955131644e-07 2.316825767388198242e-07 1.004159184221650964e-06 7.091885303853645616e-05 2.836172118529718027e-04 2.305406343321119822e-05 1.759654645033917916e-04 2.454828341229413775e-05 9.157916561211981721e-04 2.456158698749319588e-05 9.430713898767414298e-05 2.513812005090203209e-05 9.066077265771207636e-04 2.564707746741243913e-05 3.211506522856726921e-03 6.933589533771972136e-05
