par.Ct_1S0np = -0.150622532143627
par.Ct_1S0pp = -0.148913834270203
par.C_1S0 = 1.69350481093600
par.Ct_3S1 = -0.184312039709438
par.C_3S1 = -0.217899794020048
par.C_3S1-3D1 = 0.263422413165984
par.C_3P0 = 1.29979117865505
par.C_1P1 = 1.02509005037230
par.C_3P1 = -0.336126655491496
par.C_3P2 = -0.202925280977147
par.Ct_1S0nn = -0.149910259097322
par.Ct_1S0np = -0.143086600258764
par.Ct_1S0pp = -0.140932189494627
par.C_1S0 = 1.75729375567084
par.Ct_3S1 = -0.180614027010471
par.C_3S1 = -0.168184237582468
par.C_3S1-3D1 = 0.284850547612321
par.C_3P0 = 1.33135902124827
par.C_1P1 = 1.10308640504241
par.C_3P1 = -0.331234092258718
par.C_3P2 = -0.188216920670028
par.Ct_1S0nn = -0.142170775322664
par.Ct_1S0np = -0.138885843142354
par.Ct_1S0pp = -0.136242829428535
par.C_1S0 = 1.84598670657867
par.Ct_3S1 = -0.162977033900335
par.C_3S1 = -0.268977807088396
par.C_3S1-3D1 = 0.121292643871783
par.C_3P0 = 1.32389118716231
par.C_1P1 = 1.24624568389770
par.C_3P1 = -0.361035189516654
par.C_3P2 = -0.216812921463037
par.Ct_1S0nn = -0.137769824368948
par.Ct_1S0np = -0.139865929748984
par.Ct_1S0pp = -0.137330280682974
par.C_1S0 = 1.82761583432166
par.Ct_3S1 = -0.164207052305693
par.C_3S1 = -0.265583292024901
par.C_3S1-3D1 = 0.131135597161143
par.C_3P0 = 1.32722961542067
par.C_1P1 = 1.23550551715874
par.C_3P1 = -0.344357236520476
par.C_3P2 = -0.213489992278639
par.Ct_1S0nn = -0.138796477801020
