9.969211347502617824e-09 1.218282969399207235e-08 7.935503625154215054e-07 1.208671775706750510e-08 -8.293398535096727306e-09 -1.529930212546099734e-07 -2.601330388210364966e-07 6.567471691968703643e-07 3.690895113591413389e-07 -2.172808269975056796e-10 9.828450356098523915e-09 -2.576630187788631880e-07 -4.867394451402394000e-11 3.637920277697905286e-06 -1.208924277430886142e-06 -5.372660631572303925e-10 2.388672832640761172e-05 5.970712124076475188e-11 8.695582913191447895e-09 1.943581606676243583e-08 8.607692298782609941e-07 1.784845321762456938e-06 1.688641757515223281e-07 1.735364777141181295e-06 2.408935396336361334e-07 8.860475080070470959e-06 2.435763532747259450e-07 -6.322089314982967588e-08 2.669000600827775061e-07 3.899015911515087590e-06 3.392625733274939052e-07 -6.597140007694948636e-08 3.022240440428031898e-07
1.218282969399207235e-08 1.901698642730024556e-08 1.237989832330485160e-06 2.054592417513270397e-08 -1.543769409597761037e-07 -2.065721149253579731e-07 -3.936022921960965779e-07 6.759415062421963261e-07 5.683648503109882585e-07 2.620263616177354167e-11 1.533301751617365043e-08 -3.725148129775937360e-07 -7.493264897225504800e-11 5.647174219542680967e-06 -6.086065809407827954e-07 -9.286675944749928059e-10 3.027312132254782613e-05 1.237346727442742686e-11 -2.526589268201405270e-10 2.297243730886172249e-08 1.110987215984193767e-06 2.511154589496053100e-06 2.299094910638350021e-07 2.451444408209991421e-06 3.402514209097829566e-07 1.263561629649270765e-05 3.431460923586338662e-07 -9.601288438078539880e-08 4.166582843051794021e-07 -1.999917736484939568e-06 4.495796877210421524e-07 -1.029196461595501012e-07 4.714890336950983527e-07
7.935503625154215054e-07 1.237989832330485160e-06 8.063885183515550974e-05 1.338527702057182649e-06 -1.005805000737970784e-05 -1.345751608516439736e-05 -2.562235452814441732e-05 4.403152381291214578e-05 3.701452882355162798e-05 3.227864763218710068e-09 9.987456240613944050e-07 -2.617566974915086950e-05 -4.873220524128017230e-09 3.677996979000527238e-04 -3.964751562184060238e-05 -6.042633481235229016e-08 1.971741796791813897e-03 8.081644068516412235e-10 -1.653306306908003351e-08 1.496561138598259636e-06 7.237696604243551250e-05 1.635716381267252311e-04 1.497567558871805058e-05 1.596328944559397543e-04 2.215856807574924917e-05 8.229859444285518924e-04 2.235055804766043742e-05 -6.425004529511543650e-06 2.712173292204151189e-05 -1.302725974907929416e-04 2.928419828802773065e-05 -6.703869354050610107e-06 3.071134619778528760e-05
1.208671775706750510e-08 2.054592417513270397e-08 1.338527702057182649e-06 3.214121903135827879e-06 -2.527159413044675069e-05 -3.188666420526406470e-05 6.483269766795054192e-07 -3.204606863210447668e-06 2.256460142409667441e-06 3.056051309867620013e-07 1.657822072972211199e-08 -3.126676356845490560e-07 -7.235920246054901445e-11 1.802015142510521943e-05 -1.854970318353731942e-05 4.363338051340759341e-08 1.716025900157607236e-04 7.266793361384864917e-09 -1.576797804180992901e-07 3.513385438561759885e-06 1.709761330091781454e-04 3.748294906149456546e-05 2.524584696368105173e-06 3.553057464486043712e-05 3.826699861617800798e-06 2.140848192546986864e-04 4.130571112803570971e-06 -1.074874139997615151e-07 4.501060128521810922e-07 -4.765938567637194308e-06 4.604196995100651979e-07 -1.112778101021640166e-07 5.097789305983470245e-07
-8.293398535096727306e-09 -1.543769409597761037e-07 -1.005805000737970784e-05 -2.527159413044675069e-05 2.386993610566068530e-04 2.354370241357589999e-04 -7.442694300474076701e-06 1.029544893654890398e-04 -1.494879596249975314e-05 -2.561731486693394347e-06 -1.245731208077758008e-07 2.308278550526265277e-06 2.826765073891479784e-10 -1.230614127545469783e-04 2.890910404691245258e-04 -3.117071550168238011e-07 5.559921589703329357e-04 -1.839433728441492179e-07 5.475049792016152370e-06 -2.475816162450145716e-05 -1.243743257030110799e-03 -2.383656924051219116e-04 -1.086669127245717097e-05 -2.271255697712112821e-04 -2.142930834286574046e-05 -1.377988715355665025e-03 -2.175735458389744617e-05 8.102008394561686028e-07 -3.381949268112313356e-06 2.337643273723574873e-04 -1.507981949834985449e-06 8.361707994530804537e-07 -3.830613269181095612e-06
-1.529930212546099734e-07 -2.065721149253579731e-07 -1.345751608516439736e-05 -3.188666420526406470e-05 2.354370241357589999e-04 3.221779180838559432e-04 -5.536385744726055473e-06 2.095058196956960925e-06 -2.345276000036729117e-05 -2.971169296122646595e-06 -1.666769180725630605e-07 3.159289115774913579e-06 8.271936032129444729e-10 -1.858896351876191994e-04 1.293797889388575170e-04 -4.448570429734409592e-07 -2.430141771533204324e-03 -1.587764600222938868e-08 -5.078686658714469734e-08 -3.595029143798894876e-05 -1.734648870632422152e-03 -3.933691672384643091e-04 -2.847649023858627763e-05 -3.724300818292780374e-04 -4.127057712194407536e-05 -2.240471028865945614e-03 -4.507300333823682564e-05 1.079715681384397990e-06 -4.525453503304636792e-06 -2.757461185744469859e-05 -5.373361367949333587e-06 1.118783658395868046e-06 -5.125301589097839528e-06
-2.601330388210364966e-07 -3.936022921960965779e-07 -2.562235452814441732e-05 6.483269766795054192e-07 -7.442694300474076701e-06 -5.536385744726055473e-06 9.129083151187923693e-05 -1.000149626230995738e-05 -2.979708986853610812e-05 2.728517507275649812e-06 -3.173434874227402254e-07 1.004959026577186644e-05 7.579006617541718180e-09 -5.087476397674489106e-05 -6.309418848385105088e-06 5.725200115189943262e-07 -6.297102382228254858e-04 7.569806979312201937e-09 -2.805770696690604696e-07 5.405946414956658922e-07 2.859175961485152712e-05 -3.495513146163424197e-05 -3.997962146850385712e-06 -3.458009309031282667e-05 -5.439333666453825536e-06 -1.713732767785200526e-04 -5.822434297995622586e-06 1.984140193576339630e-06 -8.623787526833535672e-06 2.223165698482544708e-05 -9.493746065615877623e-06 2.130101227767942569e-06 -9.758286265345568971e-06
6.567471691968703643e-07 6.759415062421963261e-07 4.403152381291214578e-05 -3.204606863210447668e-06 1.029544893654890398e-04 2.095058196956960925e-06 -1.000149626230995738e-05 5.343151837428830250e-03 -2.542086537953644278e-05 -1.667744383674192798e-06 5.453486840164689546e-07 -1.581450727721151682e-05 -4.655549535817624519e-10 -1.298129059014498934e-04 3.672079947682233979e-04 -7.552389003888225982e-08 3.772233528536159120e-02 -2.320104081607514434e-07 8.398269774848737563e-06 2.070150041166718141e-06 2.505560576109895580e-05 2.734254911555131164e-04 3.708246383771508499e-05 2.708496873346256657e-04 3.334014821191459991e-05 1.266194265616453962e-03 3.575440423243546507e-05 -3.518402450352250351e-06 1.480830494538331269e-05 4.648061600279390420e-04 2.127432456837843986e-05 -3.660538020865528122e-06 1.676942739957060785e-05
3.690895113591413389e-07 5.683648503109882585e-07 3.701452882355162798e-05 2.256460142409667441e-06 -1.494879596249975314e-05 -2.345276000036729117e-05 -2.979708986853610812e-05 -2.542086537953644278e-05 1.371750167399916225e-04 6.952010400108732906e-06 4.584402908512126453e-07 -7.748503477965628809e-06 -8.341261013233240928e-09 9.786052219354821578e-04 -3.028628327367702478e-05 6.806944877980352811e-08 4.007222762916799567e-03 -3.980558183234262456e-09 1.849758920518304557e-07 2.666716745144305500e-06 1.270572876050526478e-04 1.162377275412180584e-04 1.021548510333829027e-05 1.127226787913734608e-04 1.440184287657997533e-05 5.845896419213321123e-04 1.415742748338971565e-05 -2.923552716213423347e-06 1.245202457430393655e-05 -4.819503061256638453e-05 1.355631093563954257e-05 -3.077183761769191269e-06 1.409700142273614295e-05
-2.172808269975056796e-10 2.620263616177354167e-11 3.227864763218710068e-09 3.056051309867620013e-07 -2.561731486693394347e-06 -2.971169296122646595e-06 2.728517507275649812e-06 -1.667744383674192798e-06 6.952010400108732906e-06 2.749145142538293809e-06 3.997844381411468727e-11 7.159665527836859050e-07 3.497330222376971636e-12 2.314963565488729601e-05 -4.627820101792083319e-06 -2.644470657633258126e-08 9.714655797135734474e-05 1.197364914752768706e-09 -3.181294031523808389e-08 3.226750024742053636e-07 1.585724629128012976e-05 5.098944730192449117e-06 3.290258222240290051e-07 4.879748266302680038e-06 4.842434300796743032e-07 2.654508945158243015e-05 4.333438010873520844e-07 -5.817940414799684317e-09 4.969002445295335468e-10 -6.025657880775790553e-07 -4.717458656190861186e-09 -2.683468721750926418e-10 1.229333875257866037e-09
9.828450356098523915e-09 1.533301751617365043e-08 9.987456240613944050e-07 1.657822072972211199e-08 -1.245731208077758008e-07 -1.666769180725630605e-07 -3.173434874227402254e-07 5.453486840164689546e-07 4.584402908512126453e-07 3.997844381411468727e-11 7.748148887971409967e-08 -3.241965259163493578e-07 -6.035685730630847095e-11 4.555351799399437655e-06 -4.910509243505364423e-07 -7.484052178133202469e-10 2.442083991163981785e-05 1.000945135622006974e-11 -2.047688430178742795e-10 1.853553038392497287e-08 8.964187419916675437e-07 6.690676108928231535e-06 4.338288203942904707e-07 1.977119603836144498e-06 2.744430556422294123e-07 1.693020859390748596e-05 3.768901956123926989e-07 -7.957634579844978913e-08 3.359139106819671276e-07 -1.613480149060333287e-06 3.626969410985967588e-07 1.013907533817768887e-04 2.071616103449301284e-06
-2.576630187788631880e-07 -3.725148129775937360e-07 -2.617566974915086950e-05 -3.126676356845490560e-07 2.308278550526265277e-06 3.159289115774913579e-06 1.004959026577186644e-05 -1.581450727721151682e-05 -7.748503477965628809e-06 7.159665527836859050e-07 -3.241965259163493578e-07 5.411892047240074661e-04 -2.563584876613695119e-10 -7.408115667000101257e-05 -7.666327377923111874e-05 3.681674589674874489e-08 -4.841744346864014330e-04 5.846978887432745377e-07 2.046825218889861616e-07 -3.253075294782959232e-07 -1.741556213823273357e-05 -2.929029569515398965e-05 -3.519245665902883403e-06 -2.671856595750698177e-05 -4.823840453244486297e-06 -1.854680685100327099e-04 -5.971199894022888034e-06 4.961488326067932104e-05 -3.099454369792898327e-06 4.403583448854513755e-04 -4.843983814244347472e-06 2.656488484852412161e-04 -4.832398987512361255e-06
-4.867394451402394000e-11 -7.493264897225504800e-11 -4.873220524128017230e-09 -7.235920246054901445e-11 2.826765073891479784e-10 8.271936032129444729e-10 7.579006617541718180e-09 -4.655549535817624519e-10 -8.341261013233240928e-09 3.497330222376971636e-12 -6.035685730630847095e-11 -2.563584876613695119e-10 9.421460968754764445e-13 -5.325129452739723544e-08 1.827438499465311472e-09 3.170640031159672247e-11 -2.530940122492586554e-07 -1.530052958475290148e-12 -2.755927460230227729e-11 -9.971665699852696744e-11 -4.567472661908157201e-09 -1.048604092908080352e-08 -9.944033747802419335e-10 -1.024149862495499912e-08 -1.411803597325389590e-09 -5.229448111298162475e-08 -1.427350312035838698e-09 2.233797188997480955e-10 -1.658767029156228476e-09 4.806912585213296106e-09 -1.802438056838106735e-09 -4.844806054854659658e-10 -1.873312163962236620e-09
3.637920277697905286e-06 5.647174219542680967e-06 3.677996979000527238e-04 1.802015142510521943e-05 -1.230614127545469783e-04 -1.858896351876191994e-04 -5.087476397674489106e-05 -1.298129059014498934e-04 9.786052219354821578e-04 2.314963565488729601e-05 4.555351799399437655e-06 -7.408115667000101257e-05 -5.325129452739723544e-08 8.065811403852658767e-03 -2.680454440326153227e-04 2.572925471096458557e-06 3.253277103882874083e-02 1.096073156598068901e-07 1.133174364183741116e-06 2.103900078380880175e-05 1.005342159301611613e-03 1.054124554945937544e-03 9.267754811272500089e-05 1.023006823057981494e-03 1.328641092106014527e-04 5.299938348429202722e-03 1.308048312665222133e-04 -2.772615375062520594e-05 1.238951166545008975e-04 -5.357678706926724023e-04 1.341693790293141289e-04 -2.126434694862189276e-05 1.402582496662040904e-04
-1.208924277430886142e-06 -6.086065809407827954e-07 -3.964751562184060238e-05 -1.854970318353731942e-05 2.890910404691245258e-04 1.293797889388575170e-04 -6.309418848385105088e-06 3.672079947682233979e-04 -3.028628327367702478e-05 -4.627820101792083319e-06 -4.910509243505364423e-07 -7.666327377923111874e-05 1.827438499465311472e-09 -2.680454440326153227e-04 3.759774725207316523e-03 -1.058920474516107744e-08 5.323398241039232863e-03 1.962249964799763304e-04 8.511681603421607386e-05 -8.744293612372763091e-07 -7.618856214551152474e-04 2.684157887464595684e-04 3.043311842683708770e-05 2.625481066485997085e-04 1.571098932180077534e-05 3.242097351274641093e-04 1.402193790324590586e-05 -4.677593912404122650e-06 -1.429479485803921138e-05 -1.976824338560878407e-03 -3.466670687118836964e-05 -4.774483522613746109e-05 -1.609486022202947142e-05
-5.372660631572303925e-10 -9.286675944749928059e-10 -6.042633481235229016e-08 4.363338051340759341e-08 -3.117071550168238011e-07 -4.448570429734409592e-07 5.725200115189943262e-07 -7.552389003888225982e-08 6.806944877980352811e-08 -2.644470657633258126e-08 -7.484052178133202469e-10 3.681674589674874489e-08 3.170640031159672247e-11 2.572925471096458557e-06 -1.058920474516107744e-08 6.214477335789737918e-09 9.995641458464990487e-06 1.080373771291760922e-08 4.973015254098025628e-09 5.044680753300762147e-08 2.392553801468603816e-06 5.124118129989515116e-07 3.437434791588534591e-08 4.814249988221230887e-07 4.860133969147664196e-08 2.856472721734101146e-06 5.101606381995347127e-08 5.181769650599535418e-09 -2.027467944421170684e-08 2.411927181077657427e-07 -2.051761289663863198e-08 8.935513873216090592e-09 -2.293713150805350596e-08
2.388672832640761172e-05 3.027312132254782613e-05 1.971741796791813897e-03 1.716025900157607236e-04 5.559921589703329357e-04 -2.430141771533204324e-03 -6.297102382228254858e-04 3.772233528536159120e-02 4.007222762916799567e-03 9.714655797135734474e-05 2.442083991163981785e-05 -4.841744346864014330e-04 -2.530940122492586554e-07 3.253277103882874083e-02 5.323398241039232863e-03 9.995641458464990487e-06 4.558452592991965036e-01 5.291819508688425104e-06 1.971703670016565881e-04 3.245722125497675766e-04 1.391247757341914151e-02 9.561817652432205716e-03 1.032400975747618712e-03 9.207629088990049865e-03 1.216703757057202052e-03 4.894818675220348470e-02 1.303820750880352493e-03 -1.521300769633013685e-04 6.637666120207609891e-04 7.611568171903764640e-03 8.225744244028406317e-04 -1.353267481087879018e-04 7.514962723766853772e-04
5.970712124076475188e-11 1.237346727442742686e-11 8.081644068516412235e-10 7.266793361384864917e-09 -1.839433728441492179e-07 -1.587764600222938868e-08 7.569806979312201937e-09 -2.320104081607514434e-07 -3.980558183234262456e-09 1.197364914752768706e-09 1.000945135622006974e-11 5.846978887432745377e-07 -1.530052958475290148e-12 1.096073156598068901e-07 1.962249964799763304e-04 1.080373771291760922e-08 5.291819508688425104e-06 1.569321266079480714e-05 5.493306202928946791e-06 7.273133530165282127e-07 -1.073991922930615461e-05 3.104119621715861321e-05 1.651484022902261872e-06 3.059357384493659909e-05 1.537617296013128123e-06 7.191621158419293617e-05 7.783882504978533311e-07 5.209100288386107327e-08 6.658684528292902001e-09 6.609327769319108245e-07 7.527960447408753608e-09 3.389442488718776880e-07 6.917096226466456876e-09
8.695582913191447895e-09 -2.526589268201405270e-10 -1.653306306908003351e-08 -1.576797804180992901e-07 5.475049792016152370e-06 -5.078686658714469734e-08 -2.805770696690604696e-07 8.398269774848737563e-06 1.849758920518304557e-07 -3.181294031523808389e-08 -2.047688430178742795e-10 2.046825218889861616e-07 -2.755927460230227729e-11 1.133174364183741116e-06 8.511681603421607386e-05 4.973015254098025628e-09 1.971703670016565881e-04 5.493306202928946791e-06 2.388839098954770514e-06 3.868291907653654221e-07 -1.528250487054986318e-06 1.505456833418977894e-05 1.414976395100874458e-06 1.455493389402878864e-05 1.275374182871130870e-06 4.723354919047271393e-05 1.214358514062701017e-06 1.989719160282019053e-08 -3.290027180288981246e-09 2.146289353597128326e-05 2.055941031831188461e-07 1.203286737587299180e-07 -3.977515198723814431e-09
1.943581606676243583e-08 2.297243730886172249e-08 1.496561138598259636e-06 3.513385438561759885e-06 -2.475816162450145716e-05 -3.595029143798894876e-05 5.405946414956658922e-07 2.070150041166718141e-06 2.666716745144305500e-06 3.226750024742053636e-07 1.853553038392497287e-08 -3.253075294782959232e-07 -9.971665699852696744e-11 2.103900078380880175e-05 -8.744293612372763091e-07 5.044680753300762147e-08 3.245722125497675766e-04 7.273133530165282127e-07 3.868291907653654221e-07 4.079843000169913552e-06 1.936037194926263489e-04 4.645787756483905375e-05 3.481268551870106100e-06 4.400788690453046287e-05 4.875908402334271353e-06 2.592658719877546317e-04 5.320830127880699613e-06 -1.175690138038395539e-07 5.035643260087246643e-07 8.901147088748704201e-06 6.551117923646426909e-07 -1.086305456450419588e-07 5.702737895176607618e-07
8.607692298782609941e-07 1.110987215984193767e-06 7.237696604243551250e-05 1.709761330091781454e-04 -1.243743257030110799e-03 -1.734648870632422152e-03 2.859175961485152712e-05 2.505560576109895580e-05 1.270572876050526478e-04 1.585724629128012976e-05 8.964187419916675437e-07 -1.741556213823273357e-05 -4.567472661908157201e-09 1.005342159301611613e-03 -7.618856214551152474e-04 2.392553801468603816e-06 1.391247757341914151e-02 -1.073991922930615461e-05 -1.528250487054986318e-06 1.936037194926263489e-04 9.355600163807245920e-03 2.114203399953423507e-03 1.557371428023685933e-04 2.000321313249224953e-03 2.242683367274943187e-04 1.210631250734804133e-02 2.461361146373788975e-04 -5.841912391267536709e-06 2.433440518985714184e-05 2.389576989265749640e-04 2.979211410813792545e-05 -6.252041178897835128e-06 2.756022105204110283e-05
1.784845321762456938e-06 2.511154589496053100e-06 1.635716381267252311e-04 3.748294906149456546e-05 -2.383656924051219116e-04 -3.933691672384643091e-04 -3.495513146163424197e-05 2.734254911555131164e-04 1.162377275412180584e-04 5.098944730192449117e-06 6.690676108928231535e-06 -2.929029569515398965e-05 -1.048604092908080352e-08 1.054124554945937544e-03 2.684157887464595684e-04 5.124118129989515116e-07 9.561817652432205716e-03 3.104119621715861321e-05 1.505456833418977894e-05 4.645787756483905375e-05 2.114203399953423507e-03 1.195131402578571058e-03 8.957132443091873496e-05 8.255857890463434452e-04 9.860730085994200752e-05 4.941538989309061415e-03 1.104466759521494844e-04 -1.113380474943269089e-05 5.524770444518070384e-05 1.747632854013280931e-04 6.376419698555282336e-05 7.269863163518680040e-03 1.837154634030172787e-04
1.688641757515223281e-07 2.299094910638350021e-07 1.497567558871805058e-05 2.524584696368105173e-06 -1.086669127245717097e-05 -2.847649023858627763e-05 -3.997962146850385712e-06 3.708246383771508499e-05 1.021548510333829027e-05 3.290258222240290051e-07 4.338288203942904707e-07 -3.519245665902883403e-06 -9.944033747802419335e-10 9.267754811272500089e-05 3.043311842683708770e-05 3.437434791588534591e-08 1.032400975747618712e-03 1.651484022902261872e-06 1.414976395100874458e-06 3.481268551870106100e-06 1.557371428023685933e-04 8.957132443091873496e-05 7.594500033786141758e-06 6.873644247351606579e-05 8.730662737160241630e-06 3.998873343734011751e-04 9.715578326160656883e-06 -1.088767415620006645e-06 5.049649690193616853e-06 2.839060669328455325e-05 5.958787508514833001e-06 3.865016977297356738e-04 1.216800093940853365e-05
1.735364777141181295e-06 2.451444408209991421e-06 1.596328944559397543e-04 3.553057464486043712e-05 -2.271255697712112821e-04 -3.724300818292780374e-04 -3.458009309031282667e-05 2.708496873346256657e-04 1.127226787913734608e-04 4.879748266302680038e-06 1.977119603836144498e-06 -2.671856595750698177e-05 -1.024149862495499912e-08 1.023006823057981494e-03 2.625481066485997085e-04 4.814249988221230887e-07 9.207629088990049865e-03 3.059357384493659909e-05 1.455493389402878864e-05 4.400788690453046287e-05 2.000321313249224953e-03 8.255857890463434452e-04 6.873644247351606579e-05 7.920965951001264580e-04 9.454727249007488466e-05 4.266668436946475032e-03 9.884689531934632569e-05 -1.069422689798133985e-05 5.393536814532220823e-05 1.548714748929029170e-04 6.207397913970226022e-05 -1.221304423097253690e-06 6.103118468247065674e-05
2.408935396336361334e-07 3.402514209097829566e-07 2.215856807574924917e-05 3.826699861617800798e-06 -2.142930834286574046e-05 -4.127057712194407536e-05 -5.439333666453825536e-06 3.334014821191459991e-05 1.440184287657997533e-05 4.842434300796743032e-07 2.744430556422294123e-07 -4.823840453244486297e-06 -1.411803597325389590e-09 1.328641092106014527e-04 1.571098932180077534e-05 4.860133969147664196e-08 1.216703757057202052e-03 1.537617296013128123e-06 1.275374182871130870e-06 4.875908402334271353e-06 2.242683367274943187e-04 9.860730085994200752e-05 8.730662737160241630e-06 9.454727249007488466e-05 1.191087397536225979e-05 5.188712066748380099e-04 1.262102454986759802e-05 -1.576195651827765534e-06 7.475638115372541536e-06 2.068529349841804622e-05 8.606963743399346611e-06 -7.154853023030182162e-07 8.461066580098270727e-06
8.860475080070470959e-06 1.263561629649270765e-05 8.229859444285518924e-04 2.140848192546986864e-04 -1.377988715355665025e-03 -2.240471028865945614e-03 -1.713732767785200526e-04 1.266194265616453962e-03 5.845896419213321123e-04 2.654508945158243015e-05 1.693020859390748596e-05 -1.854680685100327099e-04 -5.229448111298162475e-08 5.299938348429202722e-03 3.242097351274641093e-04 2.856472721734101146e-06 4.894818675220348470e-02 7.191621158419293617e-05 4.723354919047271393e-05 2.592658719877546317e-04 1.210631250734804133e-02 4.941538989309061415e-03 3.998873343734011751e-04 4.266668436946475032e-03 5.188712066748380099e-04 2.446023181870269139e-02 5.607597680234543795e-04 -5.944301823483469653e-05 2.775466290930561739e-04 5.557601877492425631e-04 3.175641491807929331e-04 1.047104134065685380e-02 4.891974964093899654e-04
2.435763532747259450e-07 3.431460923586338662e-07 2.235055804766043742e-05 4.130571112803570971e-06 -2.175735458389744617e-05 -4.507300333823682564e-05 -5.822434297995622586e-06 3.575440423243546507e-05 1.415742748338971565e-05 4.333438010873520844e-07 3.768901956123926989e-07 -5.971199894022888034e-06 -1.427350312035838698e-09 1.308048312665222133e-04 1.402193790324590586e-05 5.101606381995347127e-08 1.303820750880352493e-03 7.783882504978533311e-07 1.214358514062701017e-06 5.320830127880699613e-06 2.461361146373788975e-04 1.104466759521494844e-04 9.715578326160656883e-06 9.884689531934632569e-05 1.262102454986759802e-05 5.607597680234543795e-04 1.366955724836136404e-05 -1.685905197739542277e-06 7.528858428900805565e-06 2.147307733228457407e-05 8.686033057273115070e-06 1.547008878997485095e-04 1.112324995791966637e-05
-6.322089314982967588e-08 -9.601288438078539880e-08 -6.425004529511543650e-06 -1.074874139997615151e-07 8.102008394561686028e-07 1.079715681384397990e-06 1.984140193576339630e-06 -3.518402450352250351e-06 -2.923552716213423347e-06 -5.817940414799684317e-09 -7.957634579844978913e-08 4.961488326067932104e-05 2.233797188997480955e-10 -2.772615375062520594e-05 -4.677593912404122650e-06 5.181769650599535418e-09 -1.521300769633013685e-04 5.209100288386107327e-08 1.989719160282019053e-08 -1.175690138038395539e-07 -5.841912391267536709e-06 -1.113380474943269089e-05 -1.088767415620006645e-06 -1.069422689798133985e-05 -1.576195651827765534e-06 -5.944301823483469653e-05 -1.685905197739542277e-06 4.755250129402229542e-06 -1.651707880036392980e-06 4.593542601151245691e-05 -1.916922825226876418e-06 2.404719950119220672e-05 -1.988559699215951401e-06
2.669000600827775061e-07 4.166582843051794021e-07 2.712173292204151189e-05 4.501060128521810922e-07 -3.381949268112313356e-06 -4.525453503304636792e-06 -8.623787526833535672e-06 1.480830494538331269e-05 1.245202457430393655e-05 4.969002445295335468e-10 3.359139106819671276e-07 -3.099454369792898327e-06 -1.658767029156228476e-09 1.238951166545008975e-04 -1.429479485803921138e-05 -2.027467944421170684e-08 6.637666120207609891e-04 6.658684528292902001e-09 -3.290027180288981246e-09 5.035643260087246643e-07 2.433440518985714184e-05 5.524770444518070384e-05 5.049649690193616853e-06 5.393536814532220823e-05 7.475638115372541536e-06 2.775466290930561739e-04 7.528858428900805565e-06 -1.651707880036392980e-06 9.183272693205788101e-06 -3.946159365705424765e-05 9.900304094971729458e-06 6.245468442284841768e-07 1.038545954280424414e-05
3.899015911515087590e-06 -1.999917736484939568e-06 -1.302725974907929416e-04 -4.765938567637194308e-06 2.337643273723574873e-04 -2.757461185744469859e-05 2.223165698482544708e-05 4.648061600279390420e-04 -4.819503061256638453e-05 -6.025657880775790553e-07 -1.613480149060333287e-06 4.403583448854513755e-04 4.806912585213296106e-09 -5.357678706926724023e-04 -1.976824338560878407e-03 2.411927181077657427e-07 7.611568171903764640e-03 6.609327769319108245e-07 2.146289353597128326e-05 8.901147088748704201e-06 2.389576989265749640e-04 1.747632854013280931e-04 2.839060669328455325e-05 1.548714748929029170e-04 2.068529349841804622e-05 5.557601877492425631e-04 2.147307733228457407e-05 4.593542601151245691e-05 -3.946159365705424765e-05 1.298792776189559676e-02 7.931369908318651268e-05 2.418020807021940052e-04 -4.511139490987612412e-05
3.392625733274939052e-07 4.495796877210421524e-07 2.928419828802773065e-05 4.604196995100651979e-07 -1.507981949834985449e-06 -5.373361367949333587e-06 -9.493746065615877623e-06 2.127432456837843986e-05 1.355631093563954257e-05 -4.717458656190861186e-09 3.626969410985967588e-07 -4.843983814244347472e-06 -1.802438056838106735e-09 1.341693790293141289e-04 -3.466670687118836964e-05 -2.051761289663863198e-08 8.225744244028406317e-04 7.527960447408753608e-09 2.055941031831188461e-07 6.551117923646426909e-07 2.979211410813792545e-05 6.376419698555282336e-05 5.958787508514833001e-06 6.207397913970226022e-05 8.606963743399346611e-06 3.175641491807929331e-04 8.686033057273115070e-06 -1.916922825226876418e-06 9.900304094971729458e-06 7.931369908318651268e-05 1.189065858945288052e-05 2.701736368283973730e-07 1.120563160921744745e-05
-6.597140007694948636e-08 -1.029196461595501012e-07 -6.703869354050610107e-06 -1.112778101021640166e-07 8.361707994530804537e-07 1.118783658395868046e-06 2.130101227767942569e-06 -3.660538020865528122e-06 -3.077183761769191269e-06 -2.683468721750926418e-10 1.013907533817768887e-04 2.656488484852412161e-04 -4.844806054854659658e-10 -2.126434694862189276e-05 -4.774483522613746109e-05 8.935513873216090592e-09 -1.353267481087879018e-04 3.389442488718776880e-07 1.203286737587299180e-07 -1.086305456450419588e-07 -6.252041178897835128e-06 7.269863163518680040e-03 3.865016977297356738e-04 -1.221304423097253690e-06 -7.154853023030182162e-07 1.047104134065685380e-02 1.547008878997485095e-04 2.404719950119220672e-05 6.245468442284841768e-07 2.418020807021940052e-04 2.701736368283973730e-07 1.584446131012496595e-01 2.636226556350238642e-03
3.022240440428031898e-07 4.714890336950983527e-07 3.071134619778528760e-05 5.097789305983470245e-07 -3.830613269181095612e-06 -5.125301589097839528e-06 -9.758286265345568971e-06 1.676942739957060785e-05 1.409700142273614295e-05 1.229333875257866037e-09 2.071616103449301284e-06 -4.832398987512361255e-06 -1.873312163962236620e-09 1.402582496662040904e-04 -1.609486022202947142e-05 -2.293713150805350596e-08 7.514962723766853772e-04 6.917096226466456876e-09 -3.977515198723814431e-09 5.702737895176607618e-07 2.756022105204110283e-05 1.837154634030172787e-04 1.216800093940853365e-05 6.103118468247065674e-05 8.461066580098270727e-06 4.891974964093899654e-04 1.112324995791966637e-05 -1.988559699215951401e-06 1.038545954280424414e-05 -4.511139490987612412e-05 1.120563160921744745e-05 2.636226556350238642e-03 5.568764641190627205e-05
