2.977522559122691943e-06 3.175432226443418705e-06 2.995215531037285630e-05 3.281120374081571412e-07 -2.543035849738766854e-06 -3.284865017113542367e-06 -8.681322108062428387e-06 1.951812323237429533e-05 1.089251842551148225e-05 4.496975480679038481e-08 3.068903359882512583e-06 -5.320701269418501181e-06 -1.178066283615372799e-09 7.834090662205668381e-05 -9.038000417496804136e-06 -1.472913860375045038e-08 4.783973373378762003e-04 -6.049254801596289271e-11 2.100640807518018998e-08 3.025545147885709804e-07 1.792294765704519803e-05 4.299670068893504844e-05 4.164109718029094277e-06 4.152983745002371708e-05 5.944498153477771451e-06 2.108402445680516903e-04 6.127267404648384769e-06 -1.322472851670055923e-06 5.596804648894074889e-06 -1.853036400793156520e-05 6.136817139257776552e-06 -1.361722177853845530e-06 6.334987038511812147e-06
3.175432226443418705e-06 3.391552377655838340e-06 3.199048934905549587e-05 3.393458361655391569e-07 -2.913682503197188320e-06 -3.461185367495434614e-06 -9.253642947602828107e-06 2.013999637922799668e-05 1.162277660499108802e-05 4.835961231248791072e-08 3.277751441600013276e-06 -5.640754805920289983e-06 -1.257063571214224605e-09 8.362788868023334214e-05 -8.404831532550104714e-06 -1.583233906536122917e-08 5.034933469248802475e-04 -1.356089062870228184e-10 8.536090796952891911e-09 3.144957856575539800e-07 1.877813738370903902e-05 4.561739768343597363e-05 4.409208573799369277e-06 4.407060494048525422e-05 6.307285312073368116e-06 2.238553066606849273e-04 6.500245501218968844e-06 -1.408725875120797811e-06 5.978074799111772085e-06 -2.772560853959242489e-05 6.477484632982189308e-06 -1.454391457830083216e-06 6.766101914266347246e-06
2.995215531037285630e-05 3.199048934905549587e-05 3.017491965369230485e-04 3.200937891018675853e-06 -2.748420808072913346e-05 -3.264831492495838810e-05 -8.727923224877047004e-05 1.899698613392320997e-04 1.096291682789638601e-04 4.564389085360449981e-07 3.091727835603574675e-05 -5.360190617172452793e-05 -1.185556373620212395e-08 7.888052657987912417e-04 -7.927938758093660805e-05 -1.493207410676780956e-07 4.749130682172934305e-03 -1.278648012281357048e-09 8.049986718904150815e-08 2.966537756701099387e-06 1.771283443740256903e-04 4.302851774789081749e-04 4.158972769154712046e-05 4.156857082092105704e-04 5.949236467510682239e-05 2.111497306201406618e-03 6.131316735419633818e-05 -1.332318300789439613e-05 5.638428964907354608e-05 -2.615217763784103647e-04 6.109864329029528998e-05 -1.371849767791527666e-05 6.382102486897678925e-05
3.281120374081571412e-07 3.393458361655391569e-07 3.200937891018675853e-06 6.201814666735274689e-06 -5.142929837147505419e-05 -6.284623510454012587e-05 1.490325166879688151e-06 -5.095372020631126043e-06 2.666059063319738025e-06 2.566020377450883885e-07 3.279686869519014389e-07 -4.401276176284808139e-07 -6.401887128891984478e-11 1.758758613402227174e-05 -1.115362272278793660e-05 7.214675973646481663e-08 9.054705655921937556e-04 -4.064192400172180274e-09 2.399829109229837745e-07 5.737439123837653803e-06 3.416366687642279488e-04 4.552372874907356231e-05 3.618213005012821531e-06 4.255012432160861505e-05 5.257910101044279699e-06 2.369174385825348274e-04 5.544233353791308737e-06 -1.425672206819024045e-07 5.979923204672777111e-07 1.467771650604872011e-05 8.174136514172925494e-07 -1.455250238594254415e-07 6.770097123415125798e-07
-2.543035849738766854e-06 -2.913682503197188320e-06 -2.748420808072913346e-05 -5.142929837147505419e-05 6.458517849988894798e-04 5.705087654616287137e-04 -2.377120874675065892e-05 4.214612561131568145e-04 -1.645762620448734079e-05 -2.877721563076015246e-06 -2.816037031346750710e-06 3.638790693534930331e-06 -2.545571692596432686e-10 -1.158378472432354983e-04 4.565385817422874652e-04 -6.291314807516870985e-07 -3.812676578614420352e-03 -2.743662161004093759e-07 8.089253240519650892e-06 -4.881350346587158128e-05 -3.019558549245668789e-03 -2.834570430777635041e-04 -1.023889674974829293e-05 -2.659313865383419826e-04 -2.610860675856510179e-05 -1.478292245249801995e-03 -2.326447589367499155e-05 1.231149247796603972e-06 -5.133807553197502310e-06 3.349812573056000411e-04 -2.546797759233467200e-06 1.249521288102387644e-06 -5.813007449746825027e-06
-3.284865017113542367e-06 -3.461185367495434614e-06 -3.264831492495838810e-05 -6.284623510454012587e-05 5.705087654616287137e-04 6.479560487504946228e-04 -1.766989551100825638e-05 1.369472571330649507e-04 -2.574525460610831655e-05 -2.768959282203781281e-06 -3.345152371489202911e-06 4.457573363598808607e-06 4.720286085833712936e-10 -1.714734929348928310e-04 1.949736943828316482e-04 -7.380375350985701389e-07 -8.344116913457903448e-03 -2.179717089781717603e-08 -1.622930456765357638e-07 -5.841813071063625261e-05 -3.503943179799450316e-03 -4.401446543192725439e-04 -3.221813716361092943e-05 -4.116164480230950881e-04 -4.934522703970714645e-05 -2.291366394625770405e-03 -5.107312042356723327e-05 1.455710256291070622e-06 -6.099122950441896457e-06 -4.590059599131192343e-05 -7.330382937133554635e-06 1.484298343232189884e-06 -6.905234355780313620e-06
-8.681322108062428387e-06 -9.253642947602828107e-06 -8.727923224877047004e-05 1.490325166879688151e-06 -2.377120874675065892e-05 -1.766989551100825638e-05 2.255801194822945740e-04 -6.347621763347497585e-05 -8.361878115490078544e-05 3.492534517374013090e-06 -8.942646241002136288e-06 1.816854373889245915e-05 1.482633777605192188e-08 -2.723536297808824185e-04 -8.460158533400695017e-06 9.977430668177412152e-07 -1.818343765303408579e-03 1.265633963275156457e-08 -4.675154097239909454e-07 1.442917011117718273e-06 9.180156859864592044e-05 -9.594809067136224735e-05 -1.064777922544245471e-05 -9.347961559567135258e-05 -1.424331335841867487e-05 -4.674760058621916809e-04 -1.531567587176159781e-05 3.757515831547714755e-06 -1.631886560163201680e-05 4.566616547070300965e-05 -1.796321414440145452e-05 3.967997126998566201e-06 -1.845986705456705742e-05
1.951812323237429533e-05 2.013999637922799668e-05 1.899698613392320997e-04 -5.095372020631126043e-06 4.214612561131568145e-04 1.369472571330649507e-04 -6.347621763347497585e-05 2.324281362757750491e-02 -5.706082694161717815e-05 -8.330572163139199113e-06 1.946434704611996603e-05 -3.889198411878493512e-05 -3.129913594494479310e-09 -1.694818664875215168e-04 8.270199922471774528e-04 -3.202889086973838520e-07 7.907145870102495755e-02 -4.730458939835823298e-07 1.724537659547126033e-05 -6.847190703491766266e-06 -6.031239461418487924e-04 9.538635205054384449e-04 1.203442040471771430e-04 9.443786963171977526e-04 1.188472947326935824e-04 4.504116325972765990e-03 1.285291863815089699e-04 -8.388379158706230673e-06 3.549734901586181391e-05 9.471964172981436067e-04 4.925019002328821967e-05 -8.636646365882614238e-06 4.017929917968576179e-05
1.089251842551148225e-05 1.162277660499108802e-05 1.096291682789638601e-04 2.666059063319738025e-06 -1.645762620448734079e-05 -2.574525460610831655e-05 -8.361878115490078544e-05 -5.706082694161717815e-05 2.393292716986818755e-04 7.784096102405176711e-06 1.123262481067345878e-05 -1.357064391252495818e-05 -1.448396314825685734e-08 1.340059608885232163e-03 -3.855921049095158116e-05 4.209912387403263346e-08 6.221626453918374308e-03 -9.074241452398864239e-09 3.630182557432182603e-07 2.434633374356190160e-06 1.420592620113391282e-04 2.020522978631148793e-04 1.937569650543039118e-05 1.948121236749491788e-04 2.683716984769229431e-05 9.819974305840923311e-04 2.710077281913929158e-05 -4.800266744983804288e-06 2.048929663724523048e-05 -7.730444585344253480e-05 2.236966562493718957e-05 -4.984097746444367392e-06 2.318695776292190725e-05
4.496975480679038481e-08 4.835961231248791072e-08 4.564389085360449981e-07 2.566020377450883885e-07 -2.877721563076015246e-06 -2.768959282203781281e-06 3.492534517374013090e-06 -8.330572163139199113e-06 7.784096102405176711e-06 2.241321347708867128e-06 4.676681479086505904e-08 6.082247789552503503e-07 -3.147774542983286475e-11 1.318117814792112602e-05 -4.088405338988192883e-06 -2.183414088071356511e-08 4.071150710822595930e-05 8.973334859673820980e-10 -2.451840580725697320e-08 2.416103844185691337e-07 1.477276823337047665e-05 4.440923864290652023e-06 3.209773788747923586e-07 4.238097778726818973e-06 4.807887925501920687e-07 2.134918334233836638e-05 4.187929544876929591e-07 -2.525367213335882964e-08 8.475710537258460047e-08 -9.624071487072032436e-07 8.692234863124086905e-08 -2.075119396533158068e-08 9.653844738338370268e-08
3.068903359882512583e-06 3.277751441600013276e-06 3.091727835603574675e-05 3.279686869519014389e-07 -2.816037031346750710e-06 -3.345152371489202911e-06 -8.942646241002136288e-06 1.946434704611996603e-05 1.123262481067345878e-05 4.676681479086505904e-08 3.300766101037955097e-06 -5.492061196996540784e-06 -1.214723248003855109e-09 8.082113308435571444e-05 -8.122980680201854933e-06 -1.529943068250732723e-08 4.865968060066204427e-04 -1.310105112749472741e-10 8.248031246051744191e-09 3.039520059381315914e-07 1.814860284834388980e-05 5.021920631976510704e-05 4.610072228953005844e-06 4.259123436558153364e-05 6.095598662162461071e-06 2.247615904759496280e-04 6.420104511613555629e-06 -1.365095789387042109e-06 5.777144721492049109e-06 -2.679556946381751514e-05 6.260178265465737721e-06 1.436546751792040538e-04 8.919926288734578732e-06
-5.320701269418501181e-06 -5.640754805920289983e-06 -5.360190617172452793e-05 -4.401276176284808139e-07 3.638790693534930331e-06 4.457573363598808607e-06 1.816854373889245915e-05 -3.889198411878493512e-05 -1.357064391252495818e-05 6.082247789552503503e-07 -5.492061196996540784e-06 8.243385328827630698e-03 -2.515500907125632457e-08 5.046458070879418522e-05 -1.639011183992177944e-03 1.375714218467831255e-07 -6.552154019109554788e-05 4.893693525564105689e-06 1.691034445006072273e-06 -1.860457143105980005e-07 -2.745258210221250536e-05 2.568078303740569052e-04 1.215218395894289498e-05 2.492219498918557563e-04 2.241692210978228584e-05 6.019339897307519156e-04 6.163664371007498350e-06 7.383531938956426751e-04 7.301763755016296785e-05 7.257328212588088148e-03 6.594930404070815260e-05 4.741799993560644015e-03 7.336641775081273117e-05
-1.178066283615372799e-09 -1.257063571214224605e-09 -1.185556373620212395e-08 -6.401887128891984478e-11 -2.545571692596432686e-10 4.720286085833712936e-10 1.482633777605192188e-08 -3.129913594494479310e-09 -1.448396314825685734e-08 -3.147774542983286475e-11 -1.214723248003855109e-09 -2.515500907125632457e-08 1.491804579065265534e-12 -7.676412730221372813e-08 7.311706583107417129e-09 4.307066815687562787e-11 -3.943027883811423061e-07 -1.524658802456562641e-11 -4.428821467418946704e-11 -5.554293180723668221e-11 -2.848020110542695548e-09 -1.838620364066972651e-08 -1.797594994594645325e-09 -1.778873016801547148e-08 -2.505545030273388450e-09 -8.753187738084649712e-08 -2.536599946642048819e-09 -1.912266317326046646e-09 -2.490055023052456237e-09 -1.565261761621603397e-08 -2.674669091521822600e-09 -1.510720392075958113e-08 -2.787127581085986861e-09
7.834090662205668381e-05 8.362788868023334214e-05 7.888052657987912417e-04 1.758758613402227174e-05 -1.158378472432354983e-04 -1.714734929348928310e-04 -2.723536297808824185e-04 -1.694818664875215168e-04 1.340059608885232163e-03 1.318117814792112602e-05 8.082113308435571444e-05 5.046458070879418522e-05 -7.676412730221372813e-08 8.638898561910936941e-03 -2.802876205977632780e-04 2.413496149048847291e-06 4.025195686303165155e-02 2.081655545518577505e-07 2.150928530147036415e-06 1.611378338302606761e-05 9.431619416740025328e-04 1.406663865006384283e-03 1.343267377509704092e-04 1.356028515017628378e-03 1.878840856176961524e-04 6.841747343599794903e-03 1.900113262804378018e-04 -2.026295704202850227e-05 1.490373007393743247e-04 -4.697698009238042557e-04 1.619281706566438309e-04 5.745826278756220275e-05 1.685029535357378163e-04
-9.038000417496804136e-06 -8.404831532550104714e-06 -7.927938758093660805e-05 -1.115362272278793660e-05 4.565385817422874652e-04 1.949736943828316482e-04 -8.460158533400695017e-06 8.270199922471774528e-04 -3.855921049095158116e-05 -4.088405338988192883e-06 -8.122980680201854933e-06 -1.639011183992177944e-03 7.311706583107417129e-09 -2.802876205977632780e-04 1.794344171118162148e-02 6.748829105844876075e-07 9.034822057546432542e-03 1.308662488911152815e-03 4.733826954488190857e-04 4.626818779177861273e-05 -1.779348125160162223e-03 2.401315501516566343e-03 1.576284431761525303e-04 2.363064948891201947e-03 1.330364679712725778e-04 5.408306306163583078e-03 8.777069872074157923e-05 -1.441097161216428732e-04 -3.147946382280127385e-05 -3.356216520668876477e-03 -5.067224648048210066e-05 -9.561764592662908924e-04 -3.392137985356202568e-05
-1.472913860375045038e-08 -1.583233906536122917e-08 -1.493207410676780956e-07 7.214675973646481663e-08 -6.291314807516870985e-07 -7.380375350985701389e-07 9.977430668177412152e-07 -3.202889086973838520e-07 4.209912387403263346e-08 -2.183414088071356511e-08 -1.529943068250732723e-08 1.375714218467831255e-07 4.307066815687562787e-11 2.413496149048847291e-06 6.748829105844876075e-07 7.613375449582414230e-09 1.718106301956436993e-05 7.086004302857902172e-08 2.611689775154460878e-08 7.009509824817560259e-08 3.954265271764969327e-06 5.402459424601206125e-07 3.330686251357388090e-08 5.057493018432192786e-07 4.723451725026388542e-08 2.423171762840776125e-06 4.302180947907698607e-08 1.491554366432354582e-08 -2.695956214665072892e-08 3.707312137108508988e-07 -2.781321366839149246e-08 6.287826845279736536e-08 -3.057941375202678185e-08
4.783973373378762003e-04 5.034933469248802475e-04 4.749130682172934305e-03 9.054705655921937556e-04 -3.812676578614420352e-03 -8.344116913457903448e-03 -1.818343765303408579e-03 7.907145870102495755e-02 6.221626453918374308e-03 4.071150710822595930e-05 4.865968060066204427e-04 -6.552154019109554788e-05 -3.943027883811423061e-07 4.025195686303165155e-02 9.034822057546432542e-03 1.718106301956436993e-05 6.111188406177714416e-01 4.249317142486946680e-04 3.552589187876545795e-04 8.361243670557706991e-04 4.645784680578730202e-02 1.762436872960947143e-02 1.764988253553087267e-03 1.687019421460186214e-02 2.202181904783228911e-03 8.555866241830786811e-02 2.320736042861016278e-03 -1.498426834318973848e-04 8.941623475772833562e-04 8.220020632707674205e-03 1.081818431988094400e-03 1.670649087116407366e-04 1.011302642388154120e-03
-6.049254801596289271e-11 -1.356089062870228184e-10 -1.278648012281357048e-09 -4.064192400172180274e-09 -2.743662161004093759e-07 -2.179717089781717603e-08 1.265633963275156457e-08 -4.730458939835823298e-07 -9.074241452398864239e-09 8.973334859673820980e-10 -1.310105112749472741e-10 4.893693525564105689e-06 -1.524658802456562641e-11 2.081655545518577505e-07 1.308662488911152815e-03 7.086004302857902172e-08 4.249317142486946680e-04 1.051504797392766190e-04 3.669788379417931101e-05 4.707128032412759412e-06 -6.868687666992422179e-05 2.029092959890075871e-04 1.175124817011612850e-05 1.997651835564813439e-04 1.100456467948858294e-05 4.649867028411745523e-04 6.315403903330834124e-06 4.374135915861004778e-07 4.913920569676710872e-08 4.509523765609776798e-06 4.691370127696766356e-08 2.843572491973845242e-06 5.054975844833587071e-08
2.100640807518018998e-08 8.536090796952891911e-09 8.049986718904150815e-08 2.399829109229837745e-07 8.089253240519650892e-06 -1.622930456765357638e-07 -4.675154097239909454e-07 1.724537659547126033e-05 3.630182557432182603e-07 -2.451840580725697320e-08 8.248031246051744191e-09 1.691034445006072273e-06 -4.428821467418946704e-11 2.150928530147036415e-06 4.733826954488190857e-04 2.611689775154460878e-08 3.552589187876545795e-04 3.669788379417931101e-05 1.329018204241595513e-05 1.809486453777655109e-06 -1.934022242562583819e-05 7.698456201218988580e-05 5.161665578713632381e-06 7.543976160072085070e-05 4.859273369967166426e-06 1.941597927859389295e-04 3.475613946773300634e-06 1.494479238036050266e-07 3.231366375674716524e-08 2.334670006219034612e-05 2.446364140330075114e-07 9.891796291587090911e-07 3.477035049384294453e-08
3.025545147885709804e-07 3.144957856575539800e-07 2.966537756701099387e-06 5.737439123837653803e-06 -4.881350346587158128e-05 -5.841813071063625261e-05 1.442917011117718273e-06 -6.847190703491766266e-06 2.434633374356190160e-06 2.416103844185691337e-07 3.039520059381315914e-07 -1.860457143105980005e-07 -5.554293180723668221e-11 1.611378338302606761e-05 4.626818779177861273e-05 7.009509824817560259e-08 8.361243670557706991e-04 4.707128032412759412e-06 1.809486453777655109e-06 5.525958234248865921e-06 3.140304920509970343e-04 5.068436706797260018e-05 3.764008618188516933e-06 4.783202792748147958e-05 5.260282725542933054e-06 2.373268387249001304e-04 5.286205629343569565e-06 -1.124081815293366219e-07 5.564288302380542203e-07 1.122974581497640600e-05 7.346902076322867814e-07 -6.408999696552224770e-09 6.297291209381328749e-07
1.792294765704519803e-05 1.877813738370903902e-05 1.771283443740256903e-04 3.416366687642279488e-04 -3.019558549245668789e-03 -3.503943179799450316e-03 9.180156859864592044e-05 -6.031239461418487924e-04 1.420592620113391282e-04 1.477276823337047665e-05 1.814860284834388980e-05 -2.745258210221250536e-05 -2.848020110542695548e-09 9.431619416740025328e-04 -1.779348125160162223e-03 3.954265271764969327e-06 4.645784680578730202e-02 -6.868687666992422179e-05 -1.934022242562583819e-05 3.140304920509970343e-04 1.902338676264338224e-02 2.295106944275522674e-03 1.748186545464703884e-04 2.139424766657429828e-03 2.675642468314480505e-04 1.233329305205262474e-02 2.819628049945949850e-04 -8.182643793898149853e-06 3.305765161280975641e-05 4.166801067245408819e-04 4.139347887480508659e-05 -9.922102225260783835e-06 3.742986457179912565e-05
4.299670068893504844e-05 4.561739768343597363e-05 4.302851774789081749e-04 4.552372874907356231e-05 -2.834570430777635041e-04 -4.401446543192725439e-04 -9.594809067136224735e-05 9.538635205054384449e-04 2.020522978631148793e-04 4.440923864290652023e-06 5.021920631976510704e-05 2.568078303740569052e-04 -1.838620364066972651e-08 1.406663865006384283e-03 2.401315501516566343e-03 5.402459424601206125e-07 1.762436872960947143e-02 2.029092959890075871e-04 7.698456201218988580e-05 5.068436706797260018e-05 2.295106944275522674e-03 1.642300592573617312e-03 1.313020410940523392e-04 1.309895604720092300e-03 1.486594522475009645e-04 6.096747399055522584e-03 1.517059343667797472e-04 1.056188144681295033e-05 8.373976316224381413e-05 4.004543991041115331e-04 9.490343480242599311e-05 6.865367592347173739e-03 2.042790303778425215e-04
4.164109718029094277e-06 4.409208573799369277e-06 4.158972769154712046e-05 3.618213005012821531e-06 -1.023889674974829293e-05 -3.221813716361092943e-05 -1.064777922544245471e-05 1.203442040471771430e-04 1.937569650543039118e-05 3.209773788747923586e-07 4.610072228953005844e-06 1.215218395894289498e-05 -1.797594994594645325e-09 1.343267377509704092e-04 1.576284431761525303e-04 3.330686251357388090e-08 1.764988253553087267e-03 1.175124817011612850e-05 5.161665578713632381e-06 3.764008618188516933e-06 1.748186545464703884e-04 1.313020410940523392e-04 1.171878100335473332e-05 1.107031454680660872e-04 1.377049742434366889e-05 5.346182780001828205e-04 1.441151408071112592e-05 -1.066423800914760229e-07 7.966663189239372864e-06 4.134008867358549699e-05 9.187982406685120775e-06 3.899653801392725288e-04 1.524418962270327656e-05
4.152983745002371708e-05 4.407060494048525422e-05 4.156857082092105704e-04 4.255012432160861505e-05 -2.659313865383419826e-04 -4.116164480230950881e-04 -9.347961559567135258e-05 9.443786963171977526e-04 1.948121236749491788e-04 4.238097778726818973e-06 4.259123436558153364e-05 2.492219498918557563e-04 -1.778873016801547148e-08 1.356028515017628378e-03 2.363064948891201947e-03 5.057493018432192786e-07 1.687019421460186214e-02 1.997651835564813439e-04 7.543976160072085070e-05 4.783202792748147958e-05 2.139424766657429828e-03 1.309895604720092300e-03 1.107031454680660872e-04 1.262828316295206733e-03 1.426852817684629254e-04 5.475725258360276612e-03 1.391576882709678843e-04 1.030785229613202087e-05 8.090885427466640615e-05 3.728177302934921342e-04 9.154650516874874514e-05 1.664315967466976627e-04 9.123127831718794828e-05
5.944498153477771451e-06 6.307285312073368116e-06 5.949236467510682239e-05 5.257910101044279699e-06 -2.610860675856510179e-05 -4.934522703970714645e-05 -1.424331335841867487e-05 1.188472947326935824e-04 2.683716984769229431e-05 4.807887925501920687e-07 6.095598662162461071e-06 2.241692210978228584e-05 -2.505545030273388450e-09 1.878840856176961524e-04 1.330364679712725778e-04 4.723451725026388542e-08 2.202181904783228911e-03 1.100456467948858294e-05 4.859273369967166426e-06 5.260282725542933054e-06 2.675642468314480505e-04 1.486594522475009645e-04 1.377049742434366889e-05 1.426852817684629254e-04 1.820411346399392809e-05 6.821646004991140533e-04 1.859964515230361226e-05 2.970819653182314347e-07 1.144660333500580106e-05 4.309906626770080131e-05 1.299159311518421607e-05 1.620199059642048688e-05 1.292075274845799086e-05
2.108402445680516903e-04 2.238553066606849273e-04 2.111497306201406618e-03 2.369174385825348274e-04 -1.478292245249801995e-03 -2.291366394625770405e-03 -4.674760058621916809e-04 4.504116325972765990e-03 9.819974305840923311e-04 2.134918334233836638e-05 2.247615904759496280e-04 6.019339897307519156e-04 -8.753187738084649712e-08 6.841747343599794903e-03 5.408306306163583078e-03 2.423171762840776125e-06 8.555866241830786811e-02 4.649867028411745523e-04 1.941597927859389295e-04 2.373268387249001304e-04 1.233329305205262474e-02 6.096747399055522584e-03 5.346182780001828205e-04 5.475725258360276612e-03 6.821646004991140533e-04 2.659687969546502273e-02 7.009430072941923639e-04 -6.988932033189640259e-06 4.042854900941228328e-04 1.122768502490250047e-03 4.569876978632582366e-04 9.650033711191911487e-03 6.073585519121939063e-04
6.127267404648384769e-06 6.500245501218968844e-06 6.131316735419633818e-05 5.544233353791308737e-06 -2.326447589367499155e-05 -5.107312042356723327e-05 -1.531567587176159781e-05 1.285291863815089699e-04 2.710077281913929158e-05 4.187929544876929591e-07 6.420104511613555629e-06 6.163664371007498350e-06 -2.536599946642048819e-09 1.900113262804378018e-04 8.777069872074157923e-05 4.302180947907698607e-08 2.320736042861016278e-03 6.315403903330834124e-06 3.475613946773300634e-06 5.286205629343569565e-06 2.819628049945949850e-04 1.517059343667797472e-04 1.441151408071112592e-05 1.391576882709678843e-04 1.859964515230361226e-05 7.009430072941923639e-04 1.953317297939000525e-05 -1.204107467685073601e-06 1.162653397792399975e-05 3.100603822478297254e-05 1.324505763354032103e-05 1.575006559141278685e-04 1.561291938525193593e-05
-1.322472851670055923e-06 -1.408725875120797811e-06 -1.332318300789439613e-05 -1.425672206819024045e-07 1.231149247796603972e-06 1.455710256291070622e-06 3.757515831547714755e-06 -8.388379158706230673e-06 -4.800266744983804288e-06 -2.525367213335882964e-08 -1.365095789387042109e-06 7.383531938956426751e-04 -1.912266317326046646e-09 -2.026295704202850227e-05 -1.441097161216428732e-04 1.491554366432354582e-08 -1.498426834318973848e-04 4.374135915861004778e-07 1.494479238036050266e-07 -1.124081815293366219e-07 -8.182643793898149853e-06 1.056188144681295033e-05 -1.066423800914760229e-07 1.030785229613202087e-05 2.970819653182314347e-07 -6.988932033189640259e-06 -1.204107467685073601e-06 6.637763660265969803e-05 4.932767650224737942e-06 6.561414194037613456e-04 4.167822405781774985e-06 4.242481434542986324e-04 4.753572373944054801e-06
5.596804648894074889e-06 5.978074799111772085e-06 5.638428964907354608e-05 5.979923204672777111e-07 -5.133807553197502310e-06 -6.099122950441896457e-06 -1.631886560163201680e-05 3.549734901586181391e-05 2.048929663724523048e-05 8.475710537258460047e-08 5.777144721492049109e-06 7.301763755016296785e-05 -2.490055023052456237e-09 1.490373007393743247e-04 -3.147946382280127385e-05 -2.695956214665072892e-08 8.941623475772833562e-04 4.913920569676710872e-08 3.231366375674716524e-08 5.564288302380542203e-07 3.305765161280975641e-05 8.373976316224381413e-05 7.966663189239372864e-06 8.090885427466640615e-05 1.144660333500580106e-05 4.042854900941228328e-04 1.162653397792399975e-05 4.932767650224737942e-06 1.137328842395711087e-05 2.390759924792345897e-05 1.219189933857218435e-05 4.526614583119973299e-05 1.278030231293298241e-05
-1.853036400793156520e-05 -2.772560853959242489e-05 -2.615217763784103647e-04 1.467771650604872011e-05 3.349812573056000411e-04 -4.590059599131192343e-05 4.566616547070300965e-05 9.471964172981436067e-04 -7.730444585344253480e-05 -9.624071487072032436e-07 -2.679556946381751514e-05 7.257328212588088148e-03 -1.565261761621603397e-08 -4.697698009238042557e-04 -3.356216520668876477e-03 3.707312137108508988e-07 8.220020632707674205e-03 4.509523765609776798e-06 2.334670006219034612e-05 1.122974581497640600e-05 4.166801067245408819e-04 4.004543991041115331e-04 4.134008867358549699e-05 3.728177302934921342e-04 4.309906626770080131e-05 1.122768502490250047e-03 3.100603822478297254e-05 6.561414194037613456e-04 2.390759924792345897e-05 1.909572935336051325e-02 1.361359037248864937e-04 4.202473195628443972e-03 1.958266534261682336e-05
6.136817139257776552e-06 6.477484632982189308e-06 6.109864329029528998e-05 8.174136514172925494e-07 -2.546797759233467200e-06 -7.330382937133554635e-06 -1.796321414440145452e-05 4.925019002328821967e-05 2.236966562493718957e-05 8.692234863124086905e-08 6.260178265465737721e-06 6.594930404070815260e-05 -2.674669091521822600e-09 1.619281706566438309e-04 -5.067224648048210066e-05 -2.781321366839149246e-08 1.081818431988094400e-03 4.691370127696766356e-08 2.446364140330075114e-07 7.346902076322867814e-07 4.139347887480508659e-05 9.490343480242599311e-05 9.187982406685120775e-06 9.154650516874874514e-05 1.299159311518421607e-05 4.569876978632582366e-04 1.324505763354032103e-05 4.167822405781774985e-06 1.219189933857218435e-05 1.361359037248864937e-04 1.427011198647344317e-05 4.185591320272371809e-05 1.372028662596428330e-05
-1.361722177853845530e-06 -1.454391457830083216e-06 -1.371849767791527666e-05 -1.455250238594254415e-07 1.249521288102387644e-06 1.484298343232189884e-06 3.967997126998566201e-06 -8.636646365882614238e-06 -4.984097746444367392e-06 -2.075119396533158068e-08 1.436546751792040538e-04 4.741799993560644015e-03 -1.510720392075958113e-08 5.745826278756220275e-05 -9.561764592662908924e-04 6.287826845279736536e-08 1.670649087116407366e-04 2.843572491973845242e-06 9.891796291587090911e-07 -6.408999696552224770e-09 -9.922102225260783835e-06 6.865367592347173739e-03 3.899653801392725288e-04 1.664315967466976627e-04 1.620199059642048688e-05 9.650033711191911487e-03 1.575006559141278685e-04 4.242481434542986324e-04 4.526614583119973299e-05 4.202473195628443972e-03 4.185591320272371809e-05 1.611928287796725312e-01 2.644306838548593757e-03
6.334987038511812147e-06 6.766101914266347246e-06 6.382102486897678925e-05 6.770097123415125798e-07 -5.813007449746825027e-06 -6.905234355780313620e-06 -1.845986705456705742e-05 4.017929917968576179e-05 2.318695776292190725e-05 9.653844738338370268e-08 8.919926288734578732e-06 7.336641775081273117e-05 -2.787127581085986861e-09 1.685029535357378163e-04 -3.392137985356202568e-05 -3.057941375202678185e-08 1.011302642388154120e-03 5.054975844833587071e-08 3.477035049384294453e-08 6.297291209381328749e-07 3.742986457179912565e-05 2.042790303778425215e-04 1.524418962270327656e-05 9.123127831718794828e-05 1.292075274845799086e-05 6.073585519121939063e-04 1.561291938525193593e-05 4.753572373944054801e-06 1.278030231293298241e-05 1.958266534261682336e-05 1.372028662596428330e-05 2.644306838548593757e-03 5.702014979951941384e-05
