par.Ct_1S0np = -0.150622532143627
par.Ct_1S0pp = -0.148913834270203
par.C_1S0 = 1.69350481093600
par.Ct_3S1 = -0.184312039709438
par.C_3S1 = -0.217899794020048
par.C_3S1-3D1 = 0.263422413165984
par.C_3P0 = 1.29979117865505
par.C_1P1 = 1.02509005037230
par.C_3P1 = -0.336126655491496
par.C_3P2 = -0.202925280977147
par.Ct_1S0nn = -0.149910259097322
par.Ct_1S0np = -0.155900340996191
par.Ct_1S0pp = -0.154660381945573
par.C_1S0 = 1.62447869392519
par.Ct_3S1 = -0.189111057696167
par.C_3S1 = -0.248667458985342
par.C_3S1-3D1 = 0.240315509211424
par.C_3P0 = 1.25347691839908
par.C_1P1 = 0.941575025771561
par.C_3P1 = -0.337687419254246
par.C_3P2 = -0.236870683998899
par.Ct_1S0nn = -0.155386241155699
par.Ct_1S0np = -0.156200391162111
par.Ct_1S0pp = -0.154916321477920
par.C_1S0 = 1.63842719078843
par.Ct_3S1 = -0.185674414527521
par.C_3S1 = -0.261278479470753
par.C_3S1-3D1 = 0.195602284620206
par.C_3P0 = 1.27510563545987
par.C_1P1 = 1.04999805030389
par.C_3P1 = -0.384416820975772
par.C_3P2 = -0.247888717009298
par.Ct_1S0nn = -0.155678580150057
par.Ct_1S0np = -0.156183011466909
par.Ct_1S0pp = -0.154901960066735
par.C_1S0 = 1.63762016236276
par.Ct_3S1 = -0.185689690342140
par.C_3S1 = -0.261535766592758
par.C_3S1-3D1 = 0.196046387330457
par.C_3P0 = 1.27476271067581
par.C_1P1 = 1.04803258613433
par.C_3P1 = -0.378544002207792
par.C_3P2 = -0.246982457093324
par.Ct_1S0nn = -0.155662099558209
