par.Ct_1S0np = -0.150622532143627
par.Ct_1S0pp = -0.148913834270203
par.C_1S0 = 1.69350481093600
par.Ct_3S1 = -0.184312039709438
par.C_3S1 = -0.217899794020048
par.C_3S1-3D1 = 0.263422413165984
par.C_3P0 = 1.29979117865505
par.C_1P1 = 1.02509005037230
par.C_3P1 = -0.336126655491496
par.C_3P2 = -0.202925280977147
par.Ct_1S0nn = -0.149910259097322
par.Ct_1S0np = -0.155900340996191
par.Ct_1S0pp = -0.154660381945573
par.C_1S0 = 1.62447869392519
par.Ct_3S1 = -0.189111057696167
par.C_3S1 = -0.248667458985342
par.C_3S1-3D1 = 0.240315509211424
par.C_3P0 = 1.25347691839908
par.C_1P1 = 0.941575025771561
par.C_3P1 = -0.337687419254246
par.C_3P2 = -0.236870683998899
par.Ct_1S0nn = -0.155386241155699
par.Ct_1S0np = -0.156881927376663
par.Ct_1S0pp = -0.155453643604020
par.C_1S0 = 1.67117013294384
par.Ct_3S1 = -0.181105494008141
par.C_3S1 = -0.280678011859575
par.C_3S1-3D1 = 0.143387453193474
par.C_3P0 = 1.25812656386245
par.C_1P1 = 1.06364802884181
par.C_3P1 = -0.361218247733047
par.C_3P2 = -0.261319250534177
par.Ct_1S0nn = -0.156302334417561
par.Ct_1S0np = -0.156778343830106
par.Ct_1S0pp = -0.155372807480519
par.C_1S0 = 1.66587683569828
par.Ct_3S1 = -0.181448086061519
par.C_3S1 = -0.280142020621814
par.C_3S1-3D1 = 0.147819884454506
par.C_3P0 = 1.25888627055310
par.C_1P1 = 1.05772392360658
par.C_3P1 = -0.350169794544761
par.C_3P2 = -0.258749721154599
par.Ct_1S0nn = -0.156207435736963
