2.557613906708571236e-08 1.866736514598124963e-08 -1.099388384987347992e-06 -2.050633972808124246e-08 1.639318673228823510e-07 1.795468459056221433e-07 4.806559398184078426e-07 -4.705508349549345117e-07 -7.451939761709827470e-07 -4.175103934010577464e-12 2.155497624381879360e-08 4.704150273888224931e-07 1.030627900281502476e-10 -9.067493850783512607e-06 -3.865561429352304344e-09 1.247278269500692281e-09 -3.190236406823774966e-05 6.197850572465083747e-11 6.734070169675944368e-09 -2.057565385219494833e-08 -1.041499698861894212e-06 -2.353372958772053319e-06 -2.152436571285945219e-07 -2.315325972273826132e-06 -3.294825601771606782e-07 -1.164604621186090310e-05 -3.209076107567079399e-07 1.163595179973819167e-07 -4.915955477100044318e-07 6.785118765997847844e-06 -4.847354719718045205e-07 1.234328833936991834e-07 -5.563752662334369230e-07
1.866736514598124963e-08 1.455553180338156671e-08 -8.567463568349277961e-07 -1.412178730061511039e-08 7.334519794591542719e-08 1.547776847812872060e-07 3.799480347845974865e-07 -5.287313388183722972e-07 -5.843253740552729163e-07 2.769783383813734501e-10 1.679765551531426665e-08 3.919649955919403838e-07 8.081293168256790452e-11 -7.084769610916573505e-06 5.359581526774841186e-07 9.328363638684275677e-10 -2.862044643705576041e-05 2.226635182266429497e-11 -1.043594182234065239e-09 -1.905537799267768368e-08 -8.985966220925228794e-07 -1.943445816621860321e-06 -1.817258314858977680e-07 -1.906323593560067923e-06 -2.712126522237922353e-07 -9.537670247625850128e-06 -2.649174887930213744e-07 9.293793793066558363e-08 -3.828546650501458843e-07 1.779784959915302806e-06 -4.129618225874520824e-07 9.619045880896685993e-08 -4.335796965728775034e-07
-1.099388384987347992e-06 -8.567463568349277961e-07 5.045694273200021100e-05 8.314414901253270389e-07 -4.317749094696623371e-06 -9.113210390214751698e-06 -2.239010829802240611e-05 3.113742715070836248e-05 3.441882255963313347e-05 -1.818783372142802649e-08 -9.892756888972466521e-07 -2.159379784154193246e-05 -4.765695312378622152e-09 4.172821689296958006e-04 -3.155963372777271961e-05 -5.499805777731687037e-08 1.685643604236789200e-03 -1.313195417963589529e-09 6.152275356587774287e-08 1.121983183651090190e-06 5.290879966012563521e-05 1.144526666975215386e-04 1.070230916807014642e-05 1.123054083967180849e-04 1.597592569279202433e-05 5.617449786240448452e-04 1.560248899594468579e-05 -5.340077466805616547e-06 2.256203883869567896e-05 -1.048142554218077987e-04 2.432087834800515267e-05 -5.665009757869327385e-06 2.553510236163262359e-05
-2.050633972808124246e-08 -1.412178730061511039e-08 8.314414901253270389e-07 2.898362234400474291e-06 -1.750588407231951798e-05 -2.983388134336750611e-05 9.551010983782463034e-07 -7.421511643813312565e-06 1.103408618303238875e-06 2.338380003549903758e-07 -1.630151983821711257e-08 -2.688562056875637331e-07 -1.415021490563276610e-12 1.463574609875152622e-05 -2.210841438653119494e-05 4.956326621526399097e-08 -7.701910695427990764e-05 7.023501896019771273e-09 -1.337703215496611589e-07 3.608227487281762440e-06 1.731660671589779386e-04 4.300321174158634957e-05 3.035905394463449735e-06 4.075217260687993257e-05 4.415067742417761271e-06 2.491915111094025292e-04 4.893913716800847681e-06 -8.913340218979071252e-08 3.716604205834190579e-07 -8.361026498363291010e-06 3.341760741086296374e-07 -9.334937670866771821e-08 4.207734834594674738e-07
1.639318673228823510e-07 7.334519794591542719e-08 -4.317749094696623371e-06 -1.750588407231951798e-05 1.288459929597517118e-04 1.619821764192736348e-04 -7.446994862803756568e-06 1.055660283528447830e-04 -4.088456001293849139e-06 -1.564827270315322904e-06 8.465523233995869222e-08 1.334750639151487713e-06 -2.707073231882630768e-10 -6.546859747920888016e-05 2.416984274605078970e-04 -2.645167719846389307e-07 2.169908016399291120e-03 -1.403284602382403633e-07 4.090900597085242457e-06 -1.894049871766364065e-05 -9.397887646908567464e-04 -2.121258716788032139e-04 -1.116755203599215615e-05 -2.019142951070885649e-04 -1.959639289270012795e-05 -1.244873619871084223e-03 -2.094154670298682764e-05 4.655067112081860056e-07 -1.929783123509753334e-06 2.028325046075779028e-04 -1.352588122666522054e-07 4.847715582652390032e-07 -2.185113864122426699e-06
1.795468459056221433e-07 1.547776847812872060e-07 -9.113210390214751698e-06 -2.983388134336750611e-05 1.619821764192736348e-04 3.214434432515874849e-04 -8.508976133366476328e-06 2.853289023126657297e-05 -1.338768003935490497e-05 -2.286835389856399660e-06 1.786766498067578836e-07 2.995280966742790007e-06 2.346004235840390801e-10 -1.687208002272290691e-04 1.424041479651548862e-04 -5.376254691300322684e-07 -5.504837030512385859e-04 1.308839899615568731e-08 -1.207235773723782158e-06 -3.938870276992870016e-05 -1.866093741222652142e-03 -4.801478961728413352e-04 -3.689816632846807976e-05 -4.543103301031140386e-04 -5.101653668912658546e-05 -2.770041096644445915e-03 -5.716504666226142226e-05 9.748960481620391354e-07 -4.073894040781631472e-06 -3.384814336729615559e-05 -4.922464083690964726e-06 1.023177842151231262e-06 -4.611986925035056956e-06
4.806559398184078426e-07 3.799480347845974865e-07 -2.239010829802240611e-05 9.551010983782463034e-07 -7.446994862803756568e-06 -8.508976133366476328e-06 9.110265720729693469e-05 -8.995063651851629830e-06 -3.468566235299850914e-05 4.085320880663139572e-06 4.389879491640775480e-07 1.160725551206923330e-05 9.070253693152816565e-09 -1.228843183799952984e-04 -8.188669654603038627e-06 6.186661247149157548e-07 -6.850264027253756549e-04 7.929906273062336054e-09 -2.829761628272029639e-07 9.818270827183684845e-07 4.935947378194435395e-05 -2.510500431473496833e-05 -3.305426858077356512e-06 -2.549720711159136248e-05 -4.570426138323774166e-06 -1.092454171887825045e-04 -4.625242913894094431e-06 2.305929910952995598e-06 -1.001867356952161522e-05 2.654527119238716805e-05 -1.099272351169323555e-05 2.513830111779947551e-06 -1.133112068075110676e-05
-4.705508349549345117e-07 -5.287313388183722972e-07 3.113742715070836248e-05 -7.421511643813312565e-06 1.055660283528447830e-04 2.853289023126657297e-05 -8.995063651851629830e-06 4.601527134481107027e-03 -2.698855499977119402e-05 -4.296029734559564050e-06 -6.104908071544536241e-07 -1.546382527426044660e-05 -2.989927793167949764e-10 -1.566575874898449541e-04 4.271938795579329710e-04 -7.656920139309919308e-08 4.415262046362178339e-02 -2.488751078153923238e-07 8.979425628032096786e-06 -1.740783950818537418e-06 -1.645395539965939383e-04 1.674293474601087526e-04 2.887311865604518378e-05 1.688461502895967966e-04 2.177163891101230089e-05 6.665461243920024065e-04 2.279557422777771824e-05 -3.302475590342623457e-06 1.392247572646304108e-05 5.122720886516685026e-04 2.079994761490181209e-05 -3.495927796906353090e-06 1.575793828402051588e-05
-7.451939761709827470e-07 -5.843253740552729163e-07 3.441882255963313347e-05 1.103408618303238875e-06 -4.088456001293849139e-06 -1.338768003935490497e-05 -3.468566235299850914e-05 -2.698855499977119402e-05 1.520145491853683360e-04 9.233556745783226904e-06 -6.748269426383332269e-07 -9.528189746760442849e-06 -1.085977185197469042e-08 1.385852831421583407e-03 -3.105714064951006873e-05 6.695585874028206837e-08 3.875713408985490254e-03 -8.047347996010015849e-09 3.150552798484029609e-07 1.691645784789612891e-06 7.775248006017567695e-05 1.126607155722697008e-04 1.029755862182675754e-05 1.099968103230177603e-04 1.443878863361413647e-05 5.458874967260946096e-04 1.362319845122763741e-05 -3.615685735740701923e-06 1.539342411158837087e-05 -5.832820507904075955e-05 1.672250117548179500e-05 -3.864343638304871411e-06 1.741857729857467882e-05
-4.175103934010577464e-12 2.769783383813734501e-10 -1.818783372142802649e-08 2.338380003549903758e-07 -1.564827270315322904e-06 -2.286835389856399660e-06 4.085320880663139572e-06 -4.296029734559564050e-06 9.233556745783226904e-06 4.600170045429062093e-06 3.565967488335801972e-10 1.118831802470577352e-06 2.797424048181479294e-11 6.072995668063443871e-05 -6.135857469925980412e-06 -3.722509163686726807e-08 1.390185853183021573e-04 1.219002847127170618e-09 -3.244717944024124517e-08 2.722895131687763360e-07 1.327086146266904044e-05 5.958960096725439801e-06 3.935910900864829136e-07 5.720362906689348677e-06 5.602020990580510235e-07 3.020495107998454087e-05 4.746199381610991395e-07 -6.879966788159262310e-09 -9.078088685946946297e-09 -1.073610127211709295e-06 -1.992263364707817207e-08 2.042023355473460089e-09 -9.204445823835342423e-09
2.155497624381879360e-08 1.679765551531426665e-08 -9.892756888972466521e-07 -1.630151983821711257e-08 8.465523233995869222e-08 1.786766498067578836e-07 4.389879491640775480e-07 -6.104908071544536241e-07 -6.748269426383332269e-07 3.565967488335801972e-10 6.782464618668374531e-08 4.233752201171551336e-07 9.343781564945493978e-11 -8.181373717489556649e-06 6.187687304642493088e-07 1.078310308744877608e-09 -3.304929208005706181e-05 2.574694841625363148e-11 -1.206235675831769428e-09 -2.199797742072901604e-08 -1.037347615580002884e-06 1.819794830536386595e-06 4.759350826886595040e-09 -2.201897385036940146e-06 -3.132293404983620992e-07 -5.111184246611964472e-06 -2.189590725516178904e-07 1.046993442071627726e-07 -4.423588768274998887e-07 2.055023335230726973e-06 -4.768432722946140313e-07 8.770152973900491962e-05 9.816790815301427691e-07
4.704150273888224931e-07 3.919649955919403838e-07 -2.159379784154193246e-05 -2.688562056875637331e-07 1.334750639151487713e-06 2.995280966742790007e-06 1.160725551206923330e-05 -1.546382527426044660e-05 -9.528189746760442849e-06 1.118831802470577352e-06 4.233752201171551336e-07 1.709478069828454982e-04 1.419380926067090493e-09 -1.269209762479455046e-04 -4.282142822139454400e-06 3.871481136828274113e-08 -6.071413123151723741e-04 1.178894774995430946e-07 1.264620303427072945e-08 -3.645790064140211751e-07 -1.748933661533468806e-05 -4.204219351699957277e-05 -4.152795572385703971e-06 -3.929311297734169298e-05 -5.998387624984144742e-06 -2.101346454209504402e-04 -6.195483557528500046e-06 1.668409418443076722e-05 -7.908864282925566900e-06 1.165932746971382050e-04 -9.468740205827158715e-06 5.045760526035284550e-05 -9.892758891943013240e-06
1.030627900281502476e-10 8.081293168256790452e-11 -4.765695312378622152e-09 -1.415021490563276610e-12 -2.707073231882630768e-10 2.346004235840390801e-10 9.070253693152816565e-09 -2.989927793167949764e-10 -1.085977185197469042e-08 2.797424048181479294e-11 9.343781564945493978e-11 1.419380926067090493e-09 1.341301659126821581e-12 -8.926774635165338522e-08 1.666350756876011604e-09 4.016401335259898709e-11 -2.895306716274797025e-07 6.667796434416281466e-13 -3.978064312911615999e-11 -3.625535828868301099e-11 -1.366312516240582885e-09 -1.051484985617441306e-08 -1.045997469285580449e-09 -1.036296752591807606e-08 -1.489268729047314681e-09 -5.019126042224313767e-08 -1.443493753136831116e-09 4.492725223538749861e-10 -2.137607106472310613e-09 7.501204762510129422e-09 -2.321955280916680498e-09 3.701610289269806159e-10 -2.415363711346710013e-09
-9.067493850783512607e-06 -7.084769610916573505e-06 4.172821689296958006e-04 1.463574609875152622e-05 -6.546859747920888016e-05 -1.687208002272290691e-04 -1.228843183799952984e-04 -1.566575874898449541e-04 1.385852831421583407e-03 6.072995668063443871e-05 -8.181373717489556649e-06 -1.269209762479455046e-04 -8.926774635165338522e-08 1.388537391471259853e-02 -3.755396220611887303e-04 3.068102300319235478e-06 3.954237515774836759e-02 -5.657245749159852226e-08 2.583508026807128818e-06 2.105120533025832874e-05 9.797143971946673663e-04 1.320315225450839711e-03 1.192618551779688941e-04 1.288279220937095688e-03 1.704557461511274500e-04 6.451678005882800077e-03 1.618936380702131242e-04 -4.367654859996810611e-05 1.866505842425909758e-04 -7.955979850974437143e-04 2.018598368092031818e-04 -4.473158228896157102e-05 2.112226055038539569e-04
-3.865561429352304344e-09 5.359581526774841186e-07 -3.155963372777271961e-05 -2.210841438653119494e-05 2.416984274605078970e-04 1.424041479651548862e-04 -8.188669654603038627e-06 4.271938795579329710e-04 -3.105714064951006873e-05 -6.135857469925980412e-06 6.187687304642493088e-07 -4.282142822139454400e-06 1.666350756876011604e-09 -3.755396220611887303e-04 2.363368333375289419e-03 -1.627546173353594195e-07 7.774372387939825976e-03 8.061588985775525781e-05 4.494545255009508563e-05 -1.018279675784120381e-05 -8.932590982585148030e-04 -4.606846321904778873e-05 1.107842515059336146e-05 -4.419076149920025368e-05 -5.136457660694805893e-06 -7.186050892197584075e-04 -3.391804617475513699e-06 1.939725688339268295e-06 -1.430102944581961697e-05 -1.867268655665685426e-03 -3.465761257969445267e-05 -5.694213447131477952e-06 -1.617072495051203831e-05
1.247278269500692281e-09 9.328363638684275677e-10 -5.499805777731687037e-08 4.956326621526399097e-08 -2.645167719846389307e-07 -5.376254691300322684e-07 6.186661247149157548e-07 -7.656920139309919308e-08 6.695585874028206837e-08 -3.722509163686726807e-08 1.078310308744877608e-09 3.871481136828274113e-08 4.016401335259898709e-11 3.068102300319235478e-06 -1.627546173353594195e-07 7.719833005085460427e-09 7.215272057178822148e-06 4.569244985094222498e-09 4.280052998135621387e-09 6.622973749705791593e-08 3.117303379495099516e-06 7.812157550541866136e-07 5.683833400850028307e-08 7.346556853419582186e-07 7.751767982634957391e-08 4.481318817138738649e-06 8.498932013104055337e-08 5.746805930234187855e-09 -2.459492075103722485e-08 2.521211984065820766e-07 -2.511974598951159902e-08 7.520039996085685406e-09 -2.780426091018391432e-08
-3.190236406823774966e-05 -2.862044643705576041e-05 1.685643604236789200e-03 -7.701910695427990764e-05 2.169908016399291120e-03 -5.504837030512385859e-04 -6.850264027253756549e-04 4.415262046362178339e-02 3.875713408985490254e-03 1.390185853183021573e-04 -3.304929208005706181e-05 -6.071413123151723741e-04 -2.895306716274797025e-07 3.954237515774836759e-02 7.774372387939825976e-03 7.215272057178822148e-06 6.038721677244834884e-01 -2.810462492946242698e-05 2.384163939675915708e-04 1.134871188429230305e-04 3.242593982624748707e-03 7.095771838302277271e-03 9.193632558176874272e-04 6.893239325582759328e-03 9.907307430811283094e-04 3.396801151976852617e-02 1.039266833409623492e-03 -1.779719610414401344e-04 7.537899934684474165e-04 9.891594513239350406e-03 9.469367884221383414e-04 -1.889285533202880165e-04 8.530726161249296878e-04
6.197850572465083747e-11 2.226635182266429497e-11 -1.313195417963589529e-09 7.023501896019771273e-09 -1.403284602382403633e-07 1.308839899615568731e-08 7.929906273062336054e-09 -2.488751078153923238e-07 -8.047347996010015849e-09 1.219002847127170618e-09 2.574694841625363148e-11 1.178894774995430946e-07 6.667796434416281466e-13 -5.657245749159852226e-08 8.061588985775525781e-05 4.569244985094222498e-09 -2.810462492946242698e-05 6.430591150197545211e-06 2.249210491870724925e-06 3.123276496085383668e-07 -5.507845489025326462e-06 1.259571769198549093e-05 6.413683728864165406e-07 1.242972020615360647e-05 5.877949238603727786e-07 2.884539910447142140e-05 2.499992707150555667e-07 1.056819889976147216e-08 8.160036175359741986e-10 2.121914859705674977e-07 1.653579525057606352e-09 6.789221475004680670e-08 7.956776488181441540e-10
6.734070169675944368e-09 -1.043594182234065239e-09 6.152275356587774287e-08 -1.337703215496611589e-07 4.090900597085242457e-06 -1.207235773723782158e-06 -2.829761628272029639e-07 8.979425628032096786e-06 3.150552798484029609e-07 -3.244717944024124517e-08 -1.206235675831769428e-09 1.264620303427072945e-08 -3.978064312911615999e-11 2.583508026807128818e-06 4.494545255009508563e-05 4.280052998135621387e-09 2.384163939675915708e-04 2.249210491870724925e-06 1.269260951170058362e-06 3.498531266745454706e-07 5.154341159429769958e-06 9.246283889405855196e-06 1.112115905084212125e-06 8.807847916621038142e-06 1.014239708457001176e-06 3.579316019002433906e-05 1.094895151891516765e-06 -2.546553099615941092e-09 2.803564125251841028e-08 2.232259526302214295e-05 2.550691593060090092e-07 1.694579143108067096e-08 3.164941748523494530e-08
-2.057565385219494833e-08 -1.905537799267768368e-08 1.121983183651090190e-06 3.608227487281762440e-06 -1.894049871766364065e-05 -3.938870276992870016e-05 9.818270827183684845e-07 -1.740783950818537418e-06 1.691645784789612891e-06 2.722895131687763360e-07 -2.199797742072901604e-08 -3.645790064140211751e-07 -3.625535828868301099e-11 2.105120533025832874e-05 -1.018279675784120381e-05 6.622973749705791593e-08 1.134871188429230305e-04 3.123276496085383668e-07 3.498531266745454706e-07 4.859674461923282676e-06 2.284099297633163334e-04 6.003620238198823552e-05 4.697081983937752575e-06 5.680744043386114168e-05 6.399013923915127468e-06 3.437901437505043521e-04 7.169800196817475543e-06 -1.194383235428628279e-07 5.016391545390693823e-07 8.417785839215254881e-06 6.487094210040462838e-07 -1.226103065046368809e-07 5.678823884824069228e-07
-1.041499698861894212e-06 -8.985966220925228794e-07 5.290879966012563521e-05 1.731660671589779386e-04 -9.397887646908567464e-04 -1.866093741222652142e-03 4.935947378194435395e-05 -1.645395539965939383e-04 7.775248006017567695e-05 1.327086146266904044e-05 -1.037347615580002884e-06 -1.748933661533468806e-05 -1.366312516240582885e-09 9.797143971946673663e-04 -8.932590982585148030e-04 3.117303379495099516e-06 3.242593982624748707e-03 -5.507845489025326462e-06 5.154341159429769958e-06 2.284099297633163334e-04 1.083801210385059409e-02 2.777098845587213510e-03 2.137381270944947514e-04 2.627214954425598128e-03 2.957329984881437767e-04 1.605826441144176525e-02 3.317292800650278178e-04 -5.668710674301141394e-06 2.365073548466001735e-05 1.989243776117252086e-04 2.860243231872822522e-05 -5.997245086494988492e-06 2.677470327831913056e-05
-2.353372958772053319e-06 -1.943445816621860321e-06 1.144526666975215386e-04 4.300321174158634957e-05 -2.121258716788032139e-04 -4.801478961728413352e-04 -2.510500431473496833e-05 1.674293474601087526e-04 1.126607155722697008e-04 5.958960096725439801e-06 1.819794830536386595e-06 -4.204219351699957277e-05 -1.051484985617441306e-08 1.320315225450839711e-03 -4.606846321904778873e-05 7.812157550541866136e-07 7.095771838302277271e-03 1.259571769198549093e-05 9.246283889405855196e-06 6.003620238198823552e-05 2.777098845587213510e-03 1.315425747122673898e-03 9.930743503987771452e-05 9.306836803631204089e-04 1.113408339407327143e-04 5.797457882293086465e-03 1.267629111719844790e-04 -1.175544625001934876e-05 5.122661351903743347e-05 1.555991126585539526e-04 5.912690467967595623e-05 7.340325744381795761e-03 1.823663342748217664e-04
-2.152436571285945219e-07 -1.817258314858977680e-07 1.070230916807014642e-05 3.035905394463449735e-06 -1.116755203599215615e-05 -3.689816632846807976e-05 -3.305426858077356512e-06 2.887311865604518378e-05 1.029755862182675754e-05 3.935910900864829136e-07 4.759350826886595040e-09 -4.152795572385703971e-06 -1.045997469285580449e-09 1.192618551779688941e-04 1.107842515059336146e-05 5.683833400850028307e-08 9.193632558176874272e-04 6.413683728864165406e-07 1.112115905084212125e-06 4.697081983937752575e-06 2.137381270944947514e-04 9.930743503987771452e-05 8.343031649713109762e-06 7.760146139293532376e-05 9.732575123866332877e-06 4.667620051334171434e-04 1.092983277754820115e-05 -1.113039610383468419e-06 4.788249113730166035e-06 2.777379744547030393e-05 5.661186045932424236e-06 3.870594950355893795e-04 1.198763063731689225e-05
-2.315325972273826132e-06 -1.906323593560067923e-06 1.123054083967180849e-04 4.075217260687993257e-05 -2.019142951070885649e-04 -4.543103301031140386e-04 -2.549720711159136248e-05 1.688461502895967966e-04 1.099968103230177603e-04 5.720362906689348677e-06 -2.201897385036940146e-06 -3.929311297734169298e-05 -1.036296752591807606e-08 1.288279220937095688e-03 -4.419076149920025368e-05 7.346556853419582186e-07 6.893239325582759328e-03 1.242972020615360647e-05 8.807847916621038142e-06 5.680744043386114168e-05 2.627214954425598128e-03 9.306836803631204089e-04 7.760146139293532376e-05 8.893368942269000042e-04 1.064397858239242445e-04 5.055566055770415249e-03 1.139976376290738894e-04 -1.135357461891718936e-05 5.028497432472190428e-05 1.357228344099711164e-04 5.784736477602174293e-05 -1.022166930250563942e-05 5.688665277558886983e-05
-3.294825601771606782e-07 -2.712126522237922353e-07 1.597592569279202433e-05 4.415067742417761271e-06 -1.959639289270012795e-05 -5.101653668912658546e-05 -4.570426138323774166e-06 2.177163891101230089e-05 1.443878863361413647e-05 5.602020990580510235e-07 -3.132293404983620992e-07 -5.998387624984144742e-06 -1.489268729047314681e-09 1.704557461511274500e-04 -5.136457660694805893e-06 7.751767982634957391e-08 9.907307430811283094e-04 5.877949238603727786e-07 1.014239708457001176e-06 6.399013923915127468e-06 2.957329984881437767e-04 1.113408339407327143e-04 9.732575123866332877e-06 1.064397858239242445e-04 1.322223801898027278e-05 6.051494174900300983e-04 1.419652658011554695e-05 -1.641632107582942669e-06 7.149908190070571605e-06 1.879927608299469620e-05 8.223417788604571940e-06 -1.572554232347131871e-06 8.089816354872448023e-06
-1.164604621186090310e-05 -9.537670247625850128e-06 5.617449786240448452e-04 2.491915111094025292e-04 -1.244873619871084223e-03 -2.770041096644445915e-03 -1.092454171887825045e-04 6.665461243920024065e-04 5.458874967260946096e-04 3.020495107998454087e-05 -5.111184246611964472e-06 -2.101346454209504402e-04 -5.019126042224313767e-08 6.451678005882800077e-03 -7.186050892197584075e-04 4.481318817138738649e-06 3.396801151976852617e-02 2.884539910447142140e-05 3.579316019002433906e-05 3.437901437505043521e-04 1.605826441144176525e-02 5.797457882293086465e-03 4.667620051334171434e-04 5.055566055770415249e-03 6.051494174900300983e-04 3.001454311297993907e-02 6.659716662698765208e-04 -5.806908415520702294e-05 2.513680449581113131e-04 4.925065955039309743e-04 2.874603243759842053e-04 1.062124579457496623e-02 4.651330489592912180e-04
-3.209076107567079399e-07 -2.649174887930213744e-07 1.560248899594468579e-05 4.893913716800847681e-06 -2.094154670298682764e-05 -5.716504666226142226e-05 -4.625242913894094431e-06 2.279557422777771824e-05 1.362319845122763741e-05 4.746199381610991395e-07 -2.189590725516178904e-07 -6.195483557528500046e-06 -1.443493753136831116e-09 1.618936380702131242e-04 -3.391804617475513699e-06 8.498932013104055337e-08 1.039266833409623492e-03 2.499992707150555667e-07 1.094895151891516765e-06 7.169800196817475543e-06 3.317292800650278178e-04 1.267629111719844790e-04 1.092983277754820115e-05 1.139976376290738894e-04 1.419652658011554695e-05 6.659716662698765208e-04 1.554777881325801697e-05 -1.630477118269521331e-06 6.979451501538911144e-06 2.063762345339832554e-05 8.053621040114221065e-06 1.556298618562618511e-04 1.056006336100404235e-05
1.163595179973819167e-07 9.293793793066558363e-08 -5.340077466805616547e-06 -8.913340218979071252e-08 4.655067112081860056e-07 9.748960481620391354e-07 2.305929910952995598e-06 -3.302475590342623457e-06 -3.615685735740701923e-06 -6.879966788159262310e-09 1.046993442071627726e-07 1.668409418443076722e-05 4.492725223538749861e-10 -4.367654859996810611e-05 1.939725688339268295e-06 5.746805930234187855e-09 -1.779719610414401344e-04 1.056819889976147216e-08 -2.546553099615941092e-09 -1.194383235428628279e-07 -5.668710674301141394e-06 -1.175544625001934876e-05 -1.113039610383468419e-06 -1.135357461891718936e-05 -1.641632107582942669e-06 -5.806908415520702294e-05 -1.630477118269521331e-06 1.850824139311570195e-06 -2.231896306187648835e-06 1.752367191687683476e-05 -2.489861342619816181e-06 4.879406767046209790e-06 -2.610237487571379781e-06
-4.915955477100044318e-07 -3.828546650501458843e-07 2.256203883869567896e-05 3.716604205834190579e-07 -1.929783123509753334e-06 -4.073894040781631472e-06 -1.001867356952161522e-05 1.392247572646304108e-05 1.539342411158837087e-05 -9.078088685946946297e-09 -4.423588768274998887e-07 -7.908864282925566900e-06 -2.137607106472310613e-09 1.866505842425909758e-04 -1.430102944581961697e-05 -2.459492075103722485e-08 7.537899934684474165e-04 8.160036175359741986e-10 2.803564125251841028e-08 5.016391545390693823e-07 2.365073548466001735e-05 5.122661351903743347e-05 4.788249113730166035e-06 5.028497432472190428e-05 7.149908190070571605e-06 2.513680449581113131e-04 6.979451501538911144e-06 -2.231896306187648835e-06 1.010786432513683426e-05 -4.600357030581890007e-05 1.088649663050743513e-05 -1.957406725189146091e-06 1.143054072224951663e-05
6.785118765997847844e-06 1.779784959915302806e-06 -1.048142554218077987e-04 -8.361026498363291010e-06 2.028325046075779028e-04 -3.384814336729615559e-05 2.654527119238716805e-05 5.122720886516685026e-04 -5.832820507904075955e-05 -1.073610127211709295e-06 2.055023335230726973e-06 1.165932746971382050e-04 7.501204762510129422e-09 -7.955979850974437143e-04 -1.867268655665685426e-03 2.521211984065820766e-07 9.891594513239350406e-03 2.121914859705674977e-07 2.232259526302214295e-05 8.417785839215254881e-06 1.989243776117252086e-04 1.555991126585539526e-04 2.777379744547030393e-05 1.357228344099711164e-04 1.879927608299469620e-05 4.925065955039309743e-04 2.063762345339832554e-05 1.752367191687683476e-05 -4.600357030581890007e-05 1.277341266445918347e-02 7.569399981691909767e-05 5.338488566606545250e-05 -5.214702859810111497e-05
-4.847354719718045205e-07 -4.129618225874520824e-07 2.432087834800515267e-05 3.341760741086296374e-07 -1.352588122666522054e-07 -4.922464083690964726e-06 -1.099272351169323555e-05 2.079994761490181209e-05 1.672250117548179500e-05 -1.992263364707817207e-08 -4.768432722946140313e-07 -9.468740205827158715e-06 -2.321955280916680498e-09 2.018598368092031818e-04 -3.465761257969445267e-05 -2.511974598951159902e-08 9.469367884221383414e-04 1.653579525057606352e-09 2.550691593060090092e-07 6.487094210040462838e-07 2.860243231872822522e-05 5.912690467967595623e-05 5.661186045932424236e-06 5.784736477602174293e-05 8.223417788604571940e-06 2.874603243759842053e-04 8.053621040114221065e-06 -2.489861342619816181e-06 1.088649663050743513e-05 7.569399981691909767e-05 1.299239013841106754e-05 -2.185842956158680472e-06 1.231998165171237104e-05
1.234328833936991834e-07 9.619045880896685993e-08 -5.665009757869327385e-06 -9.334937670866771821e-08 4.847715582652390032e-07 1.023177842151231262e-06 2.513830111779947551e-06 -3.495927796906353090e-06 -3.864343638304871411e-06 2.042023355473460089e-09 8.770152973900491962e-05 5.045760526035284550e-05 3.701610289269806159e-10 -4.473158228896157102e-05 -5.694213447131477952e-06 7.520039996085685406e-09 -1.889285533202880165e-04 6.789221475004680670e-08 1.694579143108067096e-08 -1.226103065046368809e-07 -5.997245086494988492e-06 7.340325744381795761e-03 3.870594950355893795e-04 -1.022166930250563942e-05 -1.572554232347131871e-06 1.062124579457496623e-02 1.556298618562618511e-04 4.879406767046209790e-06 -1.957406725189146091e-06 5.338488566606545250e-05 -2.185842956158680472e-06 1.585882324303798663e-01 2.678667067706779880e-03
-5.563752662334369230e-07 -4.335796965728775034e-07 2.553510236163262359e-05 4.207734834594674738e-07 -2.185113864122426699e-06 -4.611986925035056956e-06 -1.133112068075110676e-05 1.575793828402051588e-05 1.741857729857467882e-05 -9.204445823835342423e-09 9.816790815301427691e-07 -9.892758891943013240e-06 -2.415363711346710013e-09 2.112226055038539569e-04 -1.617072495051203831e-05 -2.780426091018391432e-08 8.530726161249296878e-04 7.956776488181441540e-10 3.164941748523494530e-08 5.678823884824069228e-07 2.677470327831913056e-05 1.823663342748217664e-04 1.198763063731689225e-05 5.688665277558886983e-05 8.089816354872448023e-06 4.651330489592912180e-04 1.056006336100404235e-05 -2.610237487571379781e-06 1.143054072224951663e-05 -5.214702859810111497e-05 1.231998165171237104e-05 2.678667067706779880e-03 5.830935170555424745e-05
