2.916650797626274973e-07 3.283311875243241349e-07 6.582109312005317621e-06 9.679691610267217508e-08 -5.037192725687173691e-07 -8.943547301601626711e-07 -2.317318357067800563e-06 4.712914392656393701e-06 3.118922152447724890e-06 1.171786312610891592e-08 3.071357999531939592e-07 -1.643120455681196147e-06 -3.624815302809349535e-10 2.684637363377319593e-05 -3.373712326556148300e-06 -4.534314377136418075e-09 1.509669760878713817e-04 6.661200915117951566e-12 1.326330917251284980e-08 9.373460953826435425e-08 5.216697522288804854e-06 1.154002520955871216e-05 1.100437949565471358e-06 1.120434717276423721e-05 1.586737558672474136e-06 5.714034549517010993e-05 1.627819465378832196e-06 -4.076172727051421143e-07 1.724168196226355136e-06 -2.002714960787265413e-06 1.925184291590761103e-06 -4.230041397952045316e-07 1.952140727108805564e-06
3.283311875243241349e-07 3.733563186799912609e-07 7.484438537555820694e-06 1.076622123331414624e-07 -7.142576448443630678e-07 -9.821866777363710030e-07 -2.621040260280657075e-06 4.891660428382697241e-06 3.537778863967284431e-06 1.365780061488999043e-08 3.492404802879796778e-07 -1.834205665379167373e-06 -4.111516328189403251e-10 3.048606311363755210e-05 -2.759995165968417403e-06 -5.235859329973984203e-09 1.650998737742284672e-04 -5.317763534391908283e-11 3.056759292970623997e-09 9.982374755432766584e-08 5.673941412568827395e-06 1.287552612627378299e-05 1.220458290277725482e-06 1.250992816251706253e-05 1.771257425299534061e-06 6.389824510677946765e-05 1.816148585621780651e-06 -4.604554996514939220e-07 1.960850938995477430e-06 -9.135773742058433933e-06 2.121958213670150134e-06 -4.809929971315401273e-07 2.219756098862793371e-06
6.582109312005317621e-06 7.484438537555820694e-06 1.500417882819305435e-04 2.158459178482303633e-06 -1.432018387134476037e-05 -1.969127309981855546e-05 -5.253637877873072487e-05 9.806428739835048106e-05 7.091885255892291489e-05 2.743504925249694243e-07 7.001282185685656503e-06 -3.745383102551321706e-05 -8.239581043750735795e-09 6.111379460025943887e-04 -5.533204723181043406e-05 -1.049351475264435467e-07 3.309703608435543478e-03 -1.065222835863953012e-09 6.125066633391833738e-08 2.001297748123267107e-06 1.137532994739298600e-04 2.581192651459829281e-04 2.446678993734138172e-05 2.507731455394799692e-04 3.550719346190266373e-05 1.280961814736269718e-03 3.640836562419281526e-05 -9.291982155728676924e-06 3.930307735503286737e-05 -1.831480190460102681e-04 4.253923435827631610e-05 -9.642546876237674698e-06 4.449982092201946467e-05
9.679691610267217508e-08 1.076622123331414624e-07 2.158459178482303633e-06 5.956596849943286985e-06 -4.183241344018391876e-05 -5.415142883634823772e-05 1.508302109666264629e-06 -1.106386677735736843e-05 2.192883243134548739e-06 2.830431378855662456e-07 1.007184862822497531e-07 -4.118853082573504114e-07 -3.618369319529796038e-11 1.828921317130628434e-05 -2.078054492279767849e-05 6.994451182080504348e-08 6.670440154237347640e-04 3.538536089300195088e-09 -4.177812694970942987e-09 5.456503622958756580e-06 3.119840619910916354e-04 5.481739747256251355e-05 4.056987344020958256e-06 5.156533123664116175e-05 5.947851209563356304e-06 3.042764257181290147e-04 6.601272547790224411e-06 -1.350731962179416874e-07 5.652557604156642058e-07 1.724120104002236818e-06 6.546313073756224871e-07 -1.387149809882396545e-07 6.401619709401914661e-07
-5.037192725687173691e-07 -7.142576448443630678e-07 -1.432018387134476037e-05 -4.183241344018391876e-05 3.771953808421229029e-04 3.734675219614820595e-04 -1.584880301172085024e-05 2.532789188178074928e-04 -1.083093326252373708e-05 -2.330950369064083190e-06 -6.682114988245798049e-07 2.645233974829005856e-06 -2.559238495280579623e-10 -9.823412614622234191e-05 3.624078904100896015e-04 -4.695280769470470558e-07 -1.820311606103253328e-03 -2.144271750673177494e-07 6.288664206253248024e-06 -3.592588492102526365e-05 -2.121291526018558981e-03 -3.141227388583820411e-04 -1.573571169566983591e-05 -2.966729659737031479e-04 -2.988336539604315325e-05 -1.765323146600483771e-03 -3.134427328201098365e-05 9.005784093071558856e-07 -3.749692612992976466e-06 2.748214521347773888e-04 -1.540580045559860878e-06 9.202972441006500237e-07 -4.247120919725640137e-06
-8.943547301601626711e-07 -9.821866777363710030e-07 -1.969127309981855546e-05 -5.415142883634823772e-05 3.734675219614820595e-04 4.928509651970324054e-04 -1.328178463441234622e-05 8.620806837759100924e-05 -2.030965099574963848e-05 -2.545039260140089820e-06 -9.188384192554554190e-07 3.764721189696034319e-06 3.706998997635548588e-10 -1.687414212923182540e-04 1.712420414210250009e-04 -6.376390759524184742e-07 -6.298633443989670212e-03 -1.021935978260909930e-08 -4.724480825764140760e-07 -4.980098921255118465e-05 -2.841964765045248715e-03 -5.041343608827152534e-04 -3.792607284781601164e-05 -4.741286662020957523e-04 -5.504480787844106215e-05 -2.796578891226885778e-03 -6.124161633047865629e-05 1.231887165370955473e-06 -5.156774881431231412e-06 -3.907242704169355970e-05 -6.200632885694399457e-06 1.265474279479414692e-06 -5.840093861198203025e-06
-2.317318357067800563e-06 -2.621040260280657075e-06 -5.253637877873072487e-05 1.508302109666264629e-06 -1.584880301172085024e-05 -1.328178463441234622e-05 1.641539245263427696e-04 -3.667837176000174007e-05 -6.378550426231304458e-05 3.327983757015395667e-06 -2.451463802556246467e-06 1.542101784764970590e-05 1.240950043914224400e-08 -2.352536179957919566e-04 -8.000898631410559127e-06 8.410818179720150789e-07 -1.408428215813745110e-03 1.082256321292672376e-08 -3.961741204867817314e-07 1.230727433736648052e-06 7.460704739130198204e-05 -6.047763253942206265e-05 -6.975453921981535419e-06 -5.963556584307232926e-05 -9.395334049123375239e-06 -2.907591369244890258e-04 -1.003067490640994253e-05 3.171076927374007676e-06 -1.377044396718101882e-05 3.802778624882575763e-05 -1.515042858829383295e-05 3.376289371670041874e-06 -1.558138885383061716e-05
4.712914392656393701e-06 4.891660428382697241e-06 9.806428739835048106e-05 -1.106386677735736843e-05 2.532789188178074928e-04 8.620806837759100924e-05 -3.667837176000174007e-05 1.296323938256747042e-02 -4.011650519222804387e-05 -5.953452110870758308e-06 4.575896863638710113e-06 -2.808668124266256727e-05 -2.031345981012688171e-09 -1.691020831957914779e-04 6.304298928541595889e-04 -2.292505046294316058e-07 6.065218039132619365e-02 -3.638557631620729382e-07 1.319758447054353115e-05 -5.093581342148572230e-06 -4.327419617742663438e-04 5.094878137928515564e-04 6.961647447612229732e-05 5.088538142415375588e-04 6.309259664281943150e-05 2.325742281411578068e-03 6.755354768791821960e-05 -6.076682704563573931e-06 2.568731720854795859e-05 7.298917524111528951e-04 3.612045908043592447e-05 -6.302174207274421436e-06 2.908418566614468808e-05
3.118922152447724890e-06 3.537778863967284431e-06 7.091885255892291489e-05 2.192883243134548739e-06 -1.083093326252373708e-05 -2.030965099574963848e-05 -6.378550426231304458e-05 -4.011650519222804387e-05 2.049656925913941616e-04 7.891968467555545257e-06 3.309230746550957610e-06 -1.217508423645661397e-05 -1.307461097404564460e-08 1.391221741913888175e-03 -3.530870174657264995e-05 4.192706437944492194e-08 5.743034411776096020e-03 -8.592031581258425187e-09 3.415222781475622005e-07 2.139961604820763386e-06 1.186744795041655496e-04 1.663397304072748858e-04 1.555399243377439695e-05 1.610989553518046456e-04 2.162565292824178114e-05 8.174437649333544508e-04 2.165203459209775658e-05 -4.355184076872801888e-06 1.858088436076682599e-05 -7.040534262653253407e-05 2.026484732264448012e-05 -4.557652691560065827e-06 2.103331528505390024e-05
1.171786312610891592e-08 1.365780061488999043e-08 2.743504925249694243e-07 2.830431378855662456e-07 -2.330950369064083190e-06 -2.545039260140089820e-06 3.327983757015395667e-06 -5.953452110870758308e-06 7.891968467555545257e-06 2.613359235948627642e-06 1.280180167101123448e-08 6.858142769460021541e-07 -2.746786637229223405e-11 2.354983980601740230e-05 -4.448451891089776946e-06 -2.457092911915803009e-08 7.776479791692895039e-05 9.630785155295199273e-10 -2.594572611377169352e-08 2.494290769201652565e-07 1.453782100138735602e-05 5.217448645320687916e-06 3.692176643226309485e-07 4.989355737039995928e-06 5.396292328332782327e-07 2.609637492245997617e-05 4.868247311652355580e-07 -2.262554906516847040e-08 7.127305126058805046e-08 -9.911983611484690123e-07 7.135730513972266683e-08 -1.763133800930968228e-08 8.136765048606632839e-08
3.071357999531939592e-07 3.492404802879796778e-07 7.001282185685656503e-06 1.007184862822497531e-07 -6.682114988245798049e-07 -9.188384192554554190e-07 -2.451463802556246467e-06 4.575896863638710113e-06 3.309230746550957610e-06 1.280180167101123448e-08 4.144220961509364613e-07 -1.747678716357888670e-06 -3.844771022771957656e-10 2.851705023872851970e-05 -2.581915885017783168e-06 -4.896506416257238776e-09 1.544381014047797158e-04 -4.970565700340534340e-11 2.858091762137974008e-09 9.338498582714942846e-08 5.307980918444586699e-06 1.722739659304414422e-05 1.427003749646210330e-06 1.170163043654791829e-05 1.656844295813099346e-06 6.706577043667903573e-05 1.813356522625529507e-06 -4.335844692438047826e-07 1.833968646197186215e-06 -8.546092243855727880e-06 1.984974900097045894e-06 1.173994456734304438e-04 4.026011936756676732e-06
-1.643120455681196147e-06 -1.834205665379167373e-06 -3.745383102551321706e-05 -4.118853082573504114e-07 2.645233974829005856e-06 3.764721189696034319e-06 1.542101784764970590e-05 -2.808668124266256727e-05 -1.217508423645661397e-05 6.858142769460021541e-07 -1.747678716357888670e-06 1.999164121140309912e-03 -4.646545428748091464e-09 -5.553867199796583422e-05 -3.696954784199539524e-04 6.833830143501914751e-08 -5.214399142491582106e-04 1.556064756849871639e-06 5.262864021824753095e-07 -3.126836171775237687e-07 -2.286257461827862080e-05 2.063975003162941477e-05 -1.232974481730922264e-06 2.158983985577850269e-05 -5.864267056435955413e-07 -5.690675106443095839e-05 -4.688329777246021976e-06 1.800348522221826121e-04 1.095606752338021450e-05 1.727617935889159875e-03 8.137261070384366212e-06 1.112105537830343797e-03 9.562446708348990859e-06
-3.624815302809349535e-10 -4.111516328189403251e-10 -8.239581043750735795e-09 -3.618369319529796038e-11 -2.559238495280579623e-10 3.706998997635548588e-10 1.240950043914224400e-08 -2.031345981012688171e-09 -1.307461097404564460e-08 -2.746786637229223405e-11 -3.844771022771957656e-10 -4.646545428748091464e-09 1.377608309777589528e-12 -8.249999801198343528e-08 3.034423835531057578e-09 4.209659838107080821e-11 -3.765310386171239101e-07 -4.225219064657994976e-12 -4.012444225759265521e-11 -4.803303530867227664e-11 -2.317795227073652591e-09 -1.457970831563824340e-08 -1.434197187456196033e-09 -1.419793085714409039e-08 -2.005232550203961747e-09 -7.096581297266796561e-08 -2.044032381456196746e-09 -8.757367346098373105e-11 -2.228131157478314710e-09 2.338606885531541022e-09 -2.419251220030487346e-09 -3.167231709203682735e-09 -2.512578712702663619e-09
2.684637363377319593e-05 3.048606311363755210e-05 6.111379460025943887e-04 1.828921317130628434e-05 -9.823412614622234191e-05 -1.687414212923182540e-04 -2.352536179957919566e-04 -1.691020831957914779e-04 1.391221741913888175e-03 2.354983980601740230e-05 2.851705023872851970e-05 -5.553867199796583422e-05 -8.249999801198343528e-08 1.062171513420660449e-02 -2.954208913789565551e-04 2.596655002940073681e-06 4.405609220132740422e-02 8.966803079175086113e-08 2.305762234570465281e-06 1.762785865652584502e-05 9.830775598164008706e-04 1.384917617925020879e-03 1.287990674921693762e-04 1.340912926469767317e-03 1.812355380969146235e-04 6.823006838924353112e-03 1.818840441669230981e-04 -3.212429383972009939e-05 1.607549437925030928e-04 -6.158957096376448549e-04 1.746147917907860320e-04 -3.489678464379852386e-06 1.819196184747717262e-04
-3.373712326556148300e-06 -2.759995165968417403e-06 -5.533204723181043406e-05 -2.078054492279767849e-05 3.624078904100896015e-04 1.712420414210250009e-04 -8.000898631410559127e-06 6.304298928541595889e-04 -3.530870174657264995e-05 -4.448451891089776946e-06 -2.581915885017783168e-06 -3.696954784199539524e-04 3.034423835531057578e-09 -2.954208913789565551e-04 8.847682170579067307e-03 2.094584372575775235e-07 6.348132274441993690e-03 5.971698692201741782e-04 2.254649648825745906e-04 1.453192707576385919e-05 -1.323996183239155213e-03 1.032454636437138158e-03 7.419185266041297352e-05 1.016379740094363378e-03 5.529872296981905994e-05 2.090412575655112380e-03 3.654991930847447719e-05 -3.066937923128422737e-05 -1.849504617313347423e-05 -2.224824061894205285e-03 -3.859358973882362682e-05 -2.182053252081783278e-04 -2.054133467195748376e-05
-4.534314377136418075e-09 -5.235859329973984203e-09 -1.049351475264435467e-07 6.994451182080504348e-08 -4.695280769470470558e-07 -6.376390759524184742e-07 8.410818179720150789e-07 -2.292505046294316058e-07 4.192706437944492194e-08 -2.457092911915803009e-08 -4.896506416257238776e-09 6.833830143501914751e-08 4.209659838107080821e-11 2.596655002940073681e-06 2.094584372575775235e-07 7.467241567777623482e-09 1.554633353670784534e-05 3.267402637513158955e-08 1.301818416991639105e-08 6.619213458085967056e-08 3.658813463154759530e-06 6.492222375978923417e-07 4.412449923362636649e-08 6.076664687864343443e-07 6.193815214109881846e-08 3.413498493210393190e-06 6.543853651499422423e-08 8.737648683498630945e-09 -2.722115092573073954e-08 2.958661587346091241e-07 -2.807446726821394601e-08 2.322805534535993520e-08 -3.081490769886374535e-08
1.509669760878713817e-04 1.650998737742284672e-04 3.309703608435543478e-03 6.670440154237347640e-04 -1.820311606103253328e-03 -6.298633443989670212e-03 -1.408428215813745110e-03 6.065218039132619365e-02 5.743034411776096020e-03 7.776479791692895039e-05 1.544381014047797158e-04 -5.214399142491582106e-04 -3.765310386171239101e-07 4.405609220132740422e-02 6.348132274441993690e-03 1.554633353670784534e-05 5.949218993204508088e-01 1.553252618856236955e-04 2.709877108770368547e-04 7.006073237347821550e-04 3.721986582510303926e-02 1.595822216088760639e-02 1.606530792749600017e-03 1.529248438740705637e-02 1.979388894939753708e-03 8.118938465383235270e-02 2.140542735983970869e-03 -1.882811592310072810e-04 8.689165004898296608e-04 8.056182954031008980e-03 1.056985590059862385e-03 -1.096349151600531271e-04 9.835211504917384332e-04
6.661200915117951566e-12 -5.317763534391908283e-11 -1.065222835863953012e-09 3.538536089300195088e-09 -2.144271750673177494e-07 -1.021935978260909930e-08 1.082256321292672376e-08 -3.638557631620729382e-07 -8.592031581258425187e-09 9.630785155295199273e-10 -4.970565700340534340e-11 1.556064756849871639e-06 -4.225219064657994976e-12 8.966803079175086113e-08 5.971698692201741782e-04 3.267402637513158955e-08 1.553252618856236955e-04 4.782284959912818214e-05 1.672497866250777492e-05 2.186138695325812908e-06 -3.331620303600154248e-05 9.391430902990577313e-05 5.244472465561839388e-06 9.248458780731844879e-05 4.910057109941866713e-06 2.186586992855624721e-04 2.732789700839823663e-06 1.389906922744749101e-07 1.602206543124345924e-08 1.529541209945020910e-06 1.611269354797297489e-08 9.031977347434228450e-07 1.650687048722386151e-08
1.326330917251284980e-08 3.056759292970623997e-09 6.125066633391833738e-08 -4.177812694970942987e-09 6.288664206253248024e-06 -4.724480825764140760e-07 -3.961741204867817314e-07 1.319758447054353115e-05 3.415222781475622005e-07 -2.594572611377169352e-08 2.858091762137974008e-09 5.262864021824753095e-07 -4.012444225759265521e-11 2.305762234570465281e-06 2.254649648825745906e-04 1.301818416991639105e-08 2.709877108770368547e-04 1.672497866250777492e-05 6.328940421411377291e-06 9.418715336051404595e-07 -6.654766015816418076e-06 3.819660499337517898e-05 2.799471715663550828e-06 3.729039284487490659e-05 2.614839622506902089e-06 1.044422520403226273e-04 2.089382480945185678e-06 4.513186894766539239e-08 2.178158770424872920e-08 2.228566320797030332e-05 2.367838772577628875e-07 3.121884726486668912e-07 2.405442647879980112e-08
9.373460953826435425e-08 9.982374755432766584e-08 2.001297748123267107e-06 5.456503622958756580e-06 -3.592588492102526365e-05 -4.980098921255118465e-05 1.230727433736648052e-06 -5.093581342148572230e-06 2.139961604820763386e-06 2.494290769201652565e-07 9.338498582714942846e-08 -3.126836171775237687e-07 -4.803303530867227664e-11 1.762785865652584502e-05 1.453192707576385919e-05 6.619213458085967056e-08 7.006073237347821550e-04 2.186138695325812908e-06 9.418715336051404595e-07 5.167423685273667992e-06 2.862700746520738921e-04 5.655505040889276139e-05 4.323971260288052140e-06 5.335529640234215051e-05 6.015758587270785296e-06 2.994495508666712605e-04 6.604838620888099406e-06 -1.187054912134966371e-07 5.248634136440296385e-07 9.903684292400470319e-06 6.883409538943136358e-07 -8.697805727902101199e-08 5.943261650844538573e-07
5.216697522288804854e-06 5.673941412568827395e-06 1.137532994739298600e-04 3.119840619910916354e-04 -2.121291526018558981e-03 -2.841964765045248715e-03 7.460704739130198204e-05 -4.327419617742663438e-04 1.186744795041655496e-04 1.453782100138735602e-05 5.307980918444586699e-06 -2.286257461827862080e-05 -2.317795227073652591e-09 9.830775598164008706e-04 -1.323996183239155213e-03 3.658813463154759530e-06 3.721986582510303926e-02 -3.331620303600154248e-05 -6.654766015816418076e-06 2.862700746520738921e-04 1.642227483258929671e-02 2.864847911999162614e-03 2.194850656786508081e-04 2.691012343624442273e-03 3.180308256264188652e-04 1.609490614694297078e-02 3.563847602336221569e-04 -7.211493090902146453e-06 2.977867823417101981e-05 3.284401522542057636e-04 3.682451004672123986e-05 -7.938983783211969009e-06 3.372556952737261612e-05
1.154002520955871216e-05 1.287552612627378299e-05 2.581192651459829281e-04 5.481739747256251355e-05 -3.141227388583820411e-04 -5.041343608827152534e-04 -6.047763253942206265e-05 5.094878137928515564e-04 1.663397304072748858e-04 5.217448645320687916e-06 1.722739659304414422e-05 2.063975003162941477e-05 -1.457970831563824340e-08 1.384917617925020879e-03 1.032454636437138158e-03 6.492222375978923417e-07 1.595822216088760639e-02 9.391430902990577313e-05 3.819660499337517898e-05 5.655505040889276139e-05 2.864847911999162614e-03 1.457136719409207271e-03 1.137879531095728871e-04 1.103430916155477082e-03 1.296828308644845228e-04 5.930762859451276653e-03 1.413369522186813361e-04 -8.641302581554839303e-06 6.847558720852769032e-05 2.056415348313951597e-04 7.837672242932887954e-05 6.995799893566250968e-03 1.926496238330428182e-04
1.100437949565471358e-06 1.220458290277725482e-06 2.446678993734138172e-05 4.056987344020958256e-06 -1.573571169566983591e-05 -3.792607284781601164e-05 -6.975453921981535419e-06 6.961647447612229732e-05 1.555399243377439695e-05 3.692176643226309485e-07 1.427003749646210330e-06 -1.232974481730922264e-06 -1.434197187456196033e-09 1.287990674921693762e-04 7.419185266041297352e-05 4.412449923362636649e-08 1.606530792749600017e-03 5.244472465561839388e-06 2.799471715663550828e-06 4.323971260288052140e-06 2.194850656786508081e-04 1.137879531095728871e-04 9.910898615960072041e-06 9.277856631621627791e-05 1.169661215946099484e-05 4.991916972929218198e-04 1.281361535644060179e-05 -1.098499415926866906e-06 6.457918256168705862e-06 3.031488614888090601e-05 7.531449297398313858e-06 3.845020663389087578e-04 1.364886817858152482e-05
1.120434717276423721e-05 1.250992816251706253e-05 2.507731455394799692e-04 5.156533123664116175e-05 -2.966729659737031479e-04 -4.741286662020957523e-04 -5.963556584307232926e-05 5.088538142415375588e-04 1.610989553518046456e-04 4.989355737039995928e-06 1.170163043654791829e-05 2.158983985577850269e-05 -1.419793085714409039e-08 1.340912926469767317e-03 1.016379740094363378e-03 6.076664687864343443e-07 1.529248438740705637e-02 9.248458780731844879e-05 3.729039284487490659e-05 5.335529640234215051e-05 2.691012343624442273e-03 1.103430916155477082e-03 9.277856631621627791e-05 1.058520838524793731e-03 1.241255207269374218e-04 5.254033303673035470e-03 1.285092134357162705e-04 -8.253184682046184624e-06 6.654133221327746179e-05 1.845058653648767714e-04 7.599606209688713023e-05 3.015587644983260289e-05 7.523693295450698004e-05
1.586737558672474136e-06 1.771257425299534061e-06 3.550719346190266373e-05 5.947851209563356304e-06 -2.988336539604315325e-05 -5.504480787844106215e-05 -9.395334049123375239e-06 6.309259664281943150e-05 2.162565292824178114e-05 5.396292328332782327e-07 1.656844295813099346e-06 -5.864267056435955413e-07 -2.005232550203961747e-09 1.812355380969146235e-04 5.529872296981905994e-05 6.193815214109881846e-08 1.979388894939753708e-03 4.910057109941866713e-06 2.614839622506902089e-06 6.015758587270785296e-06 3.180308256264188652e-04 1.296828308644845228e-04 1.169661215946099484e-05 1.241255207269374218e-04 1.576313706742741685e-05 6.485663171496528368e-04 1.672671649696425976e-05 -1.486147429862869758e-06 9.384470343419478870e-06 2.368001840212429014e-05 1.073232236055849069e-05 2.251523216697512891e-06 1.061526961728671392e-05
5.714034549517010993e-05 6.389824510677946765e-05 1.280961814736269718e-03 3.042764257181290147e-04 -1.765323146600483771e-03 -2.796578891226885778e-03 -2.907591369244890258e-04 2.325742281411578068e-03 8.174437649333544508e-04 2.609637492245997617e-05 6.706577043667903573e-05 -5.690675106443095839e-05 -7.096581297266796561e-08 6.823006838924353112e-03 2.090412575655112380e-03 3.413498493210393190e-06 8.118938465383235270e-02 2.186586992855624721e-04 1.044422520403226273e-04 2.994495508666712605e-04 1.609490614694297078e-02 5.930762859451276653e-03 4.991916972929218198e-04 5.254033303673035470e-03 6.485663171496528368e-04 2.833831653258841315e-02 6.984644015209602380e-04 -5.712083053186927967e-05 3.381485074117836264e-04 6.107935445134677266e-04 3.847545501192223207e-04 9.860863643819450103e-03 5.446925190177521114e-04
1.627819465378832196e-06 1.816148585621780651e-06 3.640836562419281526e-05 6.601272547790224411e-06 -3.134427328201098365e-05 -6.124161633047865629e-05 -1.003067490640994253e-05 6.755354768791821960e-05 2.165203459209775658e-05 4.868247311652355580e-07 1.813356522625529507e-06 -4.688329777246021976e-06 -2.044032381456196746e-09 1.818840441669230981e-04 3.654991930847447719e-05 6.543853651499422423e-08 2.140542735983970869e-03 2.732789700839823663e-06 2.089382480945185678e-06 6.604838620888099406e-06 3.563847602336221569e-04 1.413369522186813361e-04 1.281361535644060179e-05 1.285092134357162705e-04 1.672671649696425976e-05 6.984644015209602380e-04 1.814798977413430988e-05 -1.885655991184440287e-06 9.580355775962096424e-06 2.251729780844963479e-05 1.098278059856111892e-05 1.538302644433655437e-04 1.338654023694385762e-05
-4.076172727051421143e-07 -4.604554996514939220e-07 -9.291982155728676924e-06 -1.350731962179416874e-07 9.005784093071558856e-07 1.231887165370955473e-06 3.171076927374007676e-06 -6.076682704563573931e-06 -4.355184076872801888e-06 -2.262554906516847040e-08 -4.335844692438047826e-07 1.800348522221826121e-04 -8.757367346098373105e-11 -3.212429383972009939e-05 -3.066937923128422737e-05 8.737648683498630945e-09 -1.882811592310072810e-04 1.389906922744749101e-07 4.513186894766539239e-08 -1.187054912134966371e-07 -7.211493090902146453e-06 -8.641302581554839303e-06 -1.098499415926866906e-06 -8.253184682046184624e-06 -1.486147429862869758e-06 -5.712083053186927967e-05 -1.885655991184440287e-06 1.645067603672657194e-05 -5.789203605060679150e-07 1.616040563916920224e-04 -9.587944678833977418e-07 9.971778503715605728e-05 -9.094997217606103660e-07
1.724168196226355136e-06 1.960850938995477430e-06 3.930307735503286737e-05 5.652557604156642058e-07 -3.749692612992976466e-06 -5.156774881431231412e-06 -1.377044396718101882e-05 2.568731720854795859e-05 1.858088436076682599e-05 7.127305126058805046e-08 1.833968646197186215e-06 1.095606752338021450e-05 -2.228131157478314710e-09 1.607549437925030928e-04 -1.849504617313347423e-05 -2.722115092573073954e-08 8.689165004898296608e-04 1.602206543124345924e-08 2.178158770424872920e-08 5.248634136440296385e-07 2.977867823417101981e-05 6.847558720852769032e-05 6.457918256168705862e-06 6.654133221327746179e-05 9.384470343419478870e-06 3.381485074117836264e-04 9.580355775962096424e-06 -5.789203605060679150e-07 1.051220991707004814e-05 -3.034419795836825726e-05 1.133965819969614813e-05 9.104615029949118446e-06 1.187326182064384445e-05
-2.002714960787265413e-06 -9.135773742058433933e-06 -1.831480190460102681e-04 1.724120104002236818e-06 2.748214521347773888e-04 -3.907242704169355970e-05 3.802778624882575763e-05 7.298917524111528951e-04 -7.040534262653253407e-05 -9.911983611484690123e-07 -8.546092243855727880e-06 1.727617935889159875e-03 2.338606885531541022e-09 -6.158957096376448549e-04 -2.224824061894205285e-03 2.958661587346091241e-07 8.056182954031008980e-03 1.529541209945020910e-06 2.228566320797030332e-05 9.903684292400470319e-06 3.284401522542057636e-04 2.056415348313951597e-04 3.031488614888090601e-05 1.845058653648767714e-04 2.368001840212429014e-05 6.107935445134677266e-04 2.251729780844963479e-05 1.616040563916920224e-04 -3.034419795836825726e-05 1.417531629416735398e-02 8.667590148421017637e-05 9.883923848692083812e-04 -3.612679343662625526e-05
1.925184291590761103e-06 2.121958213670150134e-06 4.253923435827631610e-05 6.546313073756224871e-07 -1.540580045559860878e-06 -6.200632885694399457e-06 -1.515042858829383295e-05 3.612045908043592447e-05 2.026484732264448012e-05 7.135730513972266683e-08 1.984974900097045894e-06 8.137261070384366212e-06 -2.419251220030487346e-09 1.746147917907860320e-04 -3.859358973882362682e-05 -2.807446726821394601e-08 1.056985590059862385e-03 1.611269354797297489e-08 2.367838772577628875e-07 6.883409538943136358e-07 3.682451004672123986e-05 7.837672242932887954e-05 7.531449297398313858e-06 7.599606209688713023e-05 1.073232236055849069e-05 3.847545501192223207e-04 1.098278059856111892e-05 -9.587944678833977418e-07 1.133965819969614813e-05 8.667590148421017637e-05 1.343997266518325760e-05 8.157041936909906164e-06 1.281927379971257298e-05
-4.230041397952045316e-07 -4.809929971315401273e-07 -9.642546876237674698e-06 -1.387149809882396545e-07 9.202972441006500237e-07 1.265474279479414692e-06 3.376289371670041874e-06 -6.302174207274421436e-06 -4.557652691560065827e-06 -1.763133800930968228e-08 1.173994456734304438e-04 1.112105537830343797e-03 -3.167231709203682735e-09 -3.489678464379852386e-06 -2.182053252081783278e-04 2.322805534535993520e-08 -1.096349151600531271e-04 9.031977347434228450e-07 3.121884726486668912e-07 -8.697805727902101199e-08 -7.938983783211969009e-06 6.995799893566250968e-03 3.845020663389087578e-04 3.015587644983260289e-05 2.251523216697512891e-06 9.860863643819450103e-03 1.538302644433655437e-04 9.971778503715605728e-05 9.104615029949118446e-06 9.883923848692083812e-04 8.157041936909906164e-06 1.591244393509876065e-01 2.628422897103195599e-03
1.952140727108805564e-06 2.219756098862793371e-06 4.449982092201946467e-05 6.401619709401914661e-07 -4.247120919725640137e-06 -5.840093861198203025e-06 -1.558138885383061716e-05 2.908418566614468808e-05 2.103331528505390024e-05 8.136765048606632839e-08 4.026011936756676732e-06 9.562446708348990859e-06 -2.512578712702663619e-09 1.819196184747717262e-04 -2.054133467195748376e-05 -3.081490769886374535e-08 9.835211504917384332e-04 1.650687048722386151e-08 2.405442647879980112e-08 5.943261650844538573e-07 3.372556952737261612e-05 1.926496238330428182e-04 1.364886817858152482e-05 7.523693295450698004e-05 1.061526961728671392e-05 5.446925190177521114e-04 1.338654023694385762e-05 -9.094997217606103660e-07 1.187326182064384445e-05 -3.612679343662625526e-05 1.281927379971257298e-05 2.628422897103195599e-03 5.675411230581099866e-05
