par.Ct_1S0np = -0.150622532143627
par.Ct_1S0pp = -0.148913834270203
par.C_1S0 = 1.69350481093600
par.Ct_3S1 = -0.184312039709438
par.C_3S1 = -0.217899794020048
par.C_3S1-3D1 = 0.263422413165984
par.C_3P0 = 1.29979117865505
par.C_1P1 = 1.02509005037230
par.C_3P1 = -0.336126655491496
par.C_3P2 = -0.202925280977147
par.Ct_1S0nn = -0.149910259097322
par.Ct_1S0np = -0.150477717186258
par.Ct_1S0pp = -0.148703819739632
par.C_1S0 = 1.70816643976828
par.Ct_3S1 = -0.183543996358476
par.C_3S1 = -0.217027974631114
par.C_3S1-3D1 = 0.252998742572242
par.C_3P0 = 1.30781052473381
par.C_1P1 = 1.08099823961179
par.C_3P1 = -0.341194784344113
par.C_3P2 = -0.207265300770794
par.Ct_1S0nn = -0.149743628907171
