2.833807106667020962e-08 2.033702326930690209e-08 -1.312277702959323600e-06 -2.970884517996158456e-08 1.962473102618763390e-07 2.747964214316608936e-07 6.999568688085527665e-07 -7.376713746187593366e-07 -1.342929017537209262e-06 -2.915329011094059309e-09 2.381054193770312574e-08 5.354203783991227792e-07 1.544868212972569380e-10 -1.442374878016633016e-05 1.218078626825396024e-07 1.048423415015584287e-09 -5.455823997862249941e-05 9.612584330231674849e-11 5.315592485110530821e-09 -3.205466733020418871e-08 -1.664554598987720001e-06 -2.900190123746619363e-06 -2.696427283513474869e-07 -2.846247053908573984e-06 -4.051809635785616510e-07 -1.427527906922675721e-05 -3.966987207981832479e-07 1.353490909512368318e-07 -5.728939800324629892e-07 7.162941346273249773e-06 -5.724079323052928998e-07 1.441725929179771503e-07 -6.483645910898665905e-07
2.033702326930690209e-08 1.552178114242256618e-08 -1.001023789741034007e-06 -2.042999595156938281e-08 9.182275757845039977e-08 2.209511910895871368e-07 5.408770764136399017e-07 -7.673401935973529920e-07 -1.029706292098206505e-06 -1.654444845329178903e-09 1.816301448429487583e-08 4.341959319549138893e-07 1.185561123265491472e-10 -1.103407039640981796e-05 6.209666526400901053e-07 7.668821779087467234e-10 -4.610724141056769473e-05 5.140080886301645425e-11 -2.342554211373596148e-09 -2.696401673119278185e-08 -1.334028246228032736e-06 -2.314201373761677875e-06 -2.193884373120950094e-07 -2.265991407255546716e-06 -3.229361050535273581e-07 -1.130582720987783715e-05 -3.168275952217421312e-07 1.055370934826652547e-07 -4.367654369155711215e-07 1.961403170249782219e-06 -4.717765069775496977e-07 1.099768707599676591e-07 -4.945815802882629802e-07
-1.312277702959323600e-06 -1.001023789741034007e-06 6.459270273122104064e-05 1.317907427147625836e-06 -5.922417645397299735e-06 -1.425390693239644887e-05 -3.492043935948197403e-05 4.952009545952292273e-05 6.645365636031398205e-05 1.038492293822921503e-07 -1.171998315435069462e-06 -2.636123991901036576e-05 -7.657669365915644322e-09 7.120561211142291879e-04 -4.006157229269941049e-05 -4.955866648384304026e-08 2.975403466070306643e-03 -3.319259760949628715e-09 1.512420871324215542e-07 1.739512596955911817e-06 8.606016953569964659e-05 1.493219436695641781e-04 1.415612526113670003e-05 1.462539509548344062e-04 2.084142143212599517e-05 7.295586386241023277e-04 2.044424717955685471e-05 -6.661693743892190771e-06 2.819893369556792401e-05 -1.265570187092290323e-04 3.044221088201040578e-05 -7.096438059824973281e-06 3.191368808543687226e-05
-2.970884517996158456e-08 -2.042999595156938281e-08 1.317907427147625836e-06 3.813850751264237638e-06 -2.108311361595578324e-05 -3.832144456639952307e-05 1.296003003970681704e-06 -2.122648868133494721e-05 2.261792399873147555e-06 2.873514368153862711e-07 -2.391269012141531490e-08 -4.123009523842444446e-07 -4.390821523887431955e-11 2.786382031052929916e-05 -2.741315912708544702e-05 6.741313666446977873e-08 -3.217998647557827148e-05 6.777438904365740343e-09 -1.048414792192233196e-07 4.584321924369839787e-06 2.317085332094516198e-04 5.652979520671893465e-05 4.164114991208185805e-06 5.345433377182427293e-05 5.977652486993498682e-06 3.263310326038925302e-04 6.768305741726149942e-06 -1.374885549478750962e-07 5.751842602241435401e-07 -1.061291042321261106e-05 5.405639598581719392e-07 -1.447910991471428622e-07 6.511461012938926347e-07
1.962473102618763390e-07 9.182275757845039977e-08 -5.922417645397299735e-06 -2.108311361595578324e-05 1.418939331332629656e-04 1.930314086673636507e-04 -9.756228628611562822e-06 1.894696312462618572e-04 -7.754427990752563285e-06 -1.826155082093219883e-06 1.074589421128772626e-07 1.745775482716224883e-06 -2.344466493368517009e-10 -1.110562374166844586e-04 2.662677374860218942e-04 -3.355313561477423285e-07 2.282098475364036962e-03 -1.416485875399398923e-07 4.065987971520664588e-06 -2.245329129611890268e-05 -1.169484255758623413e-03 -2.628290317347344290e-04 -1.537420435583125350e-05 -2.493553758497899712e-04 -2.550768424131714149e-05 -1.535451306839275953e-03 -2.821039284344639453e-05 6.217559791377734052e-07 -2.584345349240183438e-06 2.194246980666158967e-04 -7.064793363734559106e-07 6.506628180566217001e-07 -2.926122943537088909e-06
2.747964214316608936e-07 2.209511910895871368e-07 -1.425390693239644887e-05 -3.832144456639952307e-05 1.930314086673636507e-04 3.990149427268886305e-04 -1.109887338581423505e-05 1.597571236935517750e-04 -2.625082000793282355e-05 -2.710917140620222597e-06 2.586291362145191106e-07 4.538691053324557509e-06 7.953086324925310505e-10 -3.118708487730384058e-04 1.903638871277802866e-04 -7.049207374152396533e-07 -1.238277425390172607e-03 1.698164755832951234e-08 -1.531474832885011833e-06 -4.820709528421196564e-05 -2.410894579674874739e-03 -6.048576340781096653e-04 -4.751423517217371288e-05 -5.713375767735005915e-04 -6.565633015128895342e-05 -3.478219933722387011e-03 -7.483925846831813869e-05 1.484114501396007267e-06 -6.221251581252711072e-06 -1.255085138100032029e-05 -7.123849445306911364e-06 1.565996829040932184e-06 -7.042509766656227739e-06
6.999568688085527665e-07 5.408770764136399017e-07 -3.492043935948197403e-05 1.296003003970681704e-06 -9.756228628611562822e-06 -1.109887338581423505e-05 1.207355319832750605e-04 -4.877862099634261162e-05 -6.918399557298121052e-05 6.561694601485905112e-06 6.336117606638458190e-07 1.684054602729807783e-05 1.350181749670607627e-08 -4.006330871527302479e-04 -9.077564534897879925e-06 7.088886061561875444e-07 -2.071079369680159290e-03 1.098160960212721402e-08 -3.928205000493147944e-07 1.262339966142203592e-06 6.734752533529436713e-05 -4.491676106371363868e-05 -5.556812826604380495e-06 -4.530461980855194758e-05 -7.634828611436208275e-06 -1.950567391709200397e-04 -7.494500432371091772e-06 3.519385807768125476e-06 -1.525387167719337533e-05 4.243500891422319679e-05 -1.671848857791889741e-05 3.836512863807538551e-06 -1.725334228794011702e-05
-7.376713746187593366e-07 -7.673401935973529920e-07 4.952009545952292273e-05 -2.122648868133494721e-05 1.894696312462618572e-04 1.597571236935517750e-04 -4.877862099634261162e-05 7.022778277918218306e-03 -3.513369089336460395e-05 -1.699151165699866773e-05 -8.985143213506088749e-07 -2.621382219016003828e-05 -3.876108344425678717e-09 -2.047002698318081443e-04 6.212228112441014593e-04 -3.267941941078737191e-07 7.121406956424081169e-02 -2.929796497237661657e-07 1.051913455567454728e-05 -1.729209925159721914e-05 -9.726046205343780735e-04 6.618912621066573782e-05 2.682002612059673785e-05 8.023021847239174406e-05 1.182607786966143980e-05 -6.857648145421207128e-05 9.579172611065964784e-06 -5.080997318834580658e-06 2.162157077012792682e-05 6.375907772070416165e-04 3.070776482870007701e-05 -5.440495215185797470e-06 2.446667833412083715e-05
-1.342929017537209262e-06 -1.029706292098206505e-06 6.645365636031398205e-05 2.261792399873147555e-06 -7.754427990752563285e-06 -2.625082000793282355e-05 -6.918399557298121052e-05 -3.513369089336460395e-05 2.763013282279681436e-04 1.211042576270987903e-05 -1.205764273912999298e-06 -1.939794127151392254e-05 -2.030538086284775470e-08 2.510515733898376154e-03 -5.520004251680922616e-05 1.434269255969979504e-07 7.756330876730531572e-03 -1.495284811700451515e-08 5.912366521353181956e-07 3.260026480035732130e-06 1.582874041815328175e-04 2.109816101011358492e-04 1.960773201496556059e-05 2.057670660252089380e-04 2.744068291283285232e-05 1.021780788039473864e-03 2.621967578074908259e-05 -6.810722739838080946e-06 2.901596993235894321e-05 -1.106157628192051519e-04 3.151575746492024004e-05 -7.300890600168192417e-06 3.283314014656928543e-05
-2.915329011094059309e-09 -1.654444845329178903e-09 1.038492293822921503e-07 2.873514368153862711e-07 -1.826155082093219883e-06 -2.710917140620222597e-06 6.561694601485905112e-06 -1.699151165699866773e-05 1.211042576270987903e-05 5.942349466494721794e-06 -1.884285944833916137e-09 1.440403746501129722e-06 1.322381004839640561e-10 8.480102693966214730e-05 -8.274380868397540918e-06 -3.810019927839978241e-08 1.096663093636151323e-04 1.426809171870012776e-09 -4.061178287266076614e-08 3.183103255026137971e-07 1.641327965966941189e-05 7.982371958973664516e-06 5.333298928847462990e-07 7.640025332858535340e-06 7.878765104670586563e-07 4.038113027837273035e-05 6.781169209225235784e-07 -2.297280454925860104e-08 4.401965774748970771e-08 -2.408259601447563079e-06 2.682659952448294040e-08 -1.140933252068860262e-08 5.130938595665181542e-08
2.381054193770312574e-08 1.816301448429487583e-08 -1.171998315435069462e-06 -2.391269012141531490e-08 1.074589421128772626e-07 2.586291362145191106e-07 6.336117606638458190e-07 -8.985143213506088749e-07 -1.205764273912999298e-06 -1.884285944833916137e-09 7.115752061661101460e-08 4.783098937107413576e-07 1.389441100546159390e-10 -1.291985842291957106e-05 7.268947304480816186e-07 8.992141709251937660e-10 -5.398702488862621107e-05 6.022610424759768014e-11 -2.744202732616179603e-09 -3.156247915176645217e-08 -1.561513444352970551e-06 1.355277839423767771e-06 -3.948695201004726600e-08 -2.653695803039033205e-06 -3.781558872271433216e-07 -7.368821183541338698e-06 -2.824785505597788292e-07 1.208726917384773807e-07 -5.116538152272805134e-07 2.296306029349782356e-06 -5.523568199382711601e-07 8.895960220374645030e-05 9.260022070628803037e-07
5.354203783991227792e-07 4.341959319549138893e-07 -2.636123991901036576e-05 -4.123009523842444446e-07 1.745775482716224883e-06 4.538691053324557509e-06 1.684054602729807783e-05 -2.621382219016003828e-05 -1.939794127151392254e-05 1.440403746501129722e-06 4.783098937107413576e-07 2.213377740316960229e-04 2.260823386875546569e-09 -2.109613103058290075e-04 -1.041604318309070912e-05 4.405225237293065083e-08 -1.075366803024370215e-03 2.817187951399519522e-07 3.662242491239733974e-08 -5.423910963076724165e-07 -2.763086782135685420e-05 -5.010937620514364747e-05 -5.103775770865635631e-06 -4.718253924089779413e-05 -7.295301374324845989e-06 -2.528038253012059142e-04 -7.603688399120017466e-06 2.146415297198689759e-05 -9.180571694026239230e-06 1.658578947193695510e-04 -1.093491910984711329e-05 7.918060234413046305e-05 -1.138430829302692370e-05
1.544868212972569380e-10 1.185561123265491472e-10 -7.657669365915644322e-09 -4.390821523887431955e-11 -2.344466493368517009e-10 7.953086324925310505e-10 1.350181749670607627e-08 -3.876108344425678717e-09 -2.030538086284775470e-08 1.322381004839640561e-10 1.389441100546159390e-10 2.260823386875546569e-09 2.226360948601511386e-12 -1.721903611878710024e-07 2.941222264818838307e-09 4.347964275640645920e-11 -6.200862953058182241e-07 6.282772805524674988e-13 -6.487004953748901196e-11 -1.072275508731527215e-10 -4.763979974661147443e-09 -1.769778386580238775e-08 -1.761030019387506209e-09 -1.739912162726112497e-08 -2.481299630727161975e-09 -8.414967727340758640e-08 -2.401839344367755178e-09 7.161360882435379330e-10 -3.352088040477798658e-09 1.162283819392663542e-08 -3.644143918293603614e-09 5.727954405664007380e-10 -3.789241789766566683e-09
-1.442374878016633016e-05 -1.103407039640981796e-05 7.120561211142291879e-04 2.786382031052929916e-05 -1.110562374166844586e-04 -3.118708487730384058e-04 -4.006330871527302479e-04 -2.047002698318081443e-04 2.510515733898376154e-03 8.480102693966214730e-05 -1.291985842291957106e-05 -2.109613103058290075e-04 -1.721903611878710024e-07 2.420918514806396499e-02 -6.117569435766927752e-04 4.171242491936689748e-06 7.554981058902907054e-02 -8.831057678436203791e-08 5.159296836011360247e-06 3.839345428963129343e-05 1.881726622176443627e-03 2.257976970483828363e-03 2.076460924148578000e-04 2.200025753656879510e-03 2.938541196535697899e-04 1.101898300666671014e-02 2.823580270445894642e-04 -7.234724807543167421e-05 3.109979099095339810e-04 -1.270783614324950657e-03 3.368597198312830760e-04 -7.292819309651523525e-05 3.519236448275974848e-04
1.218078626825396024e-07 6.209666526400901053e-07 -4.006157229269941049e-05 -2.741315912708544702e-05 2.662677374860218942e-04 1.903638871277802866e-04 -9.077564534897879925e-06 6.212228112441014593e-04 -5.520004251680922616e-05 -8.274380868397540918e-06 7.268947304480816186e-07 -1.041604318309070912e-05 2.941222264818838307e-09 -6.117569435766927752e-04 2.945271273025756257e-03 -2.434536920838091706e-07 8.745570313561459169e-03 1.224738515621979042e-04 5.981654843799376792e-05 -1.380359034140355347e-05 -1.268459094033674069e-03 -5.701565798840792254e-05 8.199379588271985534e-06 -5.110433024635020857e-05 -1.181020127917561884e-05 -1.047740616443529164e-03 -1.364288625659581184e-05 2.001703563706902508e-06 -1.777602810552323293e-05 -1.836789377514649879e-03 -3.815884680856144648e-05 -9.617200489223418054e-06 -2.009485473823319538e-05
1.048423415015584287e-09 7.668821779087467234e-10 -4.955866648384304026e-08 6.741313666446977873e-08 -3.355313561477423285e-07 -7.049207374152396533e-07 7.088886061561875444e-07 -3.267941941078737191e-07 1.434269255969979504e-07 -3.810019927839978241e-08 8.992141709251937660e-10 4.405225237293065083e-08 4.347964275640645920e-11 4.171242491936689748e-06 -2.434536920838091706e-07 9.103818415995236181e-09 1.044292530698724877e-05 7.010196438872863338e-09 5.733093235289835957e-09 8.561259259858561335e-08 4.252746820134407155e-06 1.081784740093632800e-06 8.137177068914312908e-08 1.017881184102303329e-06 1.113387509084428309e-07 6.150243709731025910e-06 1.239038636605830507e-07 5.315054177533110191e-09 -2.159987209497313287e-08 2.159856995808784457e-07 -2.214914011340673360e-08 8.801681522741611452e-09 -2.441355981640244370e-08
-5.455823997862249941e-05 -4.610724141056769473e-05 2.975403466070306643e-03 -3.217998647557827148e-05 2.282098475364036962e-03 -1.238277425390172607e-03 -2.071079369680159290e-03 7.121406956424081169e-02 7.756330876730531572e-03 1.096663093636151323e-04 -5.398702488862621107e-05 -1.075366803024370215e-03 -6.200862953058182241e-07 7.554981058902907054e-02 8.745570313561459169e-03 1.044292530698724877e-05 1.056129156235049438e+00 -3.293678374160724184e-05 2.818008756915452292e-04 1.999082061983707670e-04 7.313605999344340719e-03 1.171829544274498661e-02 1.414555613695381471e-03 1.142548020890249254e-02 1.588006806834079028e-03 5.591417593173440836e-02 1.632633344169157237e-03 -3.072884161876554814e-04 1.298872058743694114e-03 1.028022292027887252e-02 1.563846879434242472e-03 -3.367009156376729942e-04 1.469863782105023829e-03
9.612584330231674849e-11 5.140080886301645425e-11 -3.319259760949628715e-09 6.777438904365740343e-09 -1.416485875399398923e-07 1.698164755832951234e-08 1.098160960212721402e-08 -2.929796497237661657e-07 -1.495284811700451515e-08 1.426809171870012776e-09 6.022610424759768014e-11 2.817187951399519522e-07 6.282772805524674988e-13 -8.831057678436203791e-08 1.224738515621979042e-04 7.010196438872863338e-09 -3.293678374160724184e-05 9.742788619547378557e-06 3.413573076863911324e-06 4.766858324427097476e-07 -8.550827988503700668e-06 1.906859068310626286e-05 9.928717026936042606e-07 1.880863004477270151e-05 9.097269405659744432e-07 4.415926903202389430e-05 4.104435509261918568e-07 2.530254446398894387e-08 1.899349442164255258e-09 3.452362761498421174e-07 2.434222132390591337e-09 1.623755846925773602e-07 1.843323375891734243e-09
5.315592485110530821e-09 -2.342554211373596148e-09 1.512420871324215542e-07 -1.048414792192233196e-07 4.065987971520664588e-06 -1.531474832885011833e-06 -3.928205000493147944e-07 1.051913455567454728e-05 5.912366521353181956e-07 -4.061178287266076614e-08 -2.744202732616179603e-09 3.662242491239733974e-08 -6.487004953748901196e-11 5.159296836011360247e-06 5.981654843799376792e-05 5.733093235289835957e-09 2.818008756915452292e-04 3.413573076863911324e-06 1.688733698866495729e-06 4.404462259543492367e-07 5.963666194962009354e-06 1.202478927035340659e-05 1.295015580925255453e-06 1.152942392802376570e-05 1.199729958006699147e-06 4.368983733020989667e-05 1.233690423035786537e-06 -6.448816356642125223e-09 6.724476369251521659e-08 2.275529644725322133e-05 3.027284052503191961e-07 4.041997726033262156e-08 7.595134297889219351e-08
-3.205466733020418871e-08 -2.696401673119278185e-08 1.739512596955911817e-06 4.584321924369839787e-06 -2.245329129611890268e-05 -4.820709528421196564e-05 1.262339966142203592e-06 -1.729209925159721914e-05 3.260026480035732130e-06 3.183103255026137971e-07 -3.156247915176645217e-08 -5.423910963076724165e-07 -1.072275508731527215e-10 3.839345428963129343e-05 -1.380359034140355347e-05 8.561259259858561335e-08 1.999082061983707670e-04 4.766858324427097476e-07 4.404462259543492367e-07 5.863499416283357357e-06 2.907995981313982029e-04 7.455758077670989804e-05 5.926990114951055892e-06 7.044542042212573651e-05 8.090286149541318334e-06 4.250716755445842578e-04 9.206466845080135857e-06 -1.797782545787389191e-07 7.594038489042532717e-07 5.598011200246514106e-06 9.101983894771744924e-07 -1.830139295628542478e-07 8.596250709046084093e-07
-1.664554598987720001e-06 -1.334028246228032736e-06 8.606016953569964659e-05 2.317085332094516198e-04 -1.169484255758623413e-03 -2.410894579674874739e-03 6.734752533529436713e-05 -9.726046205343780735e-04 1.582874041815328175e-04 1.641327965966941189e-05 -1.561513444352970551e-06 -2.763086782135685420e-05 -4.763979974661147443e-09 1.881726622176443627e-03 -1.268459094033674069e-03 4.252746820134407155e-06 7.313605999344340719e-03 -8.550827988503700668e-06 5.963666194962009354e-06 2.907995981313982029e-04 1.457456456973417816e-02 3.636069126633989339e-03 2.857096633601418126e-04 3.433947836953731708e-03 3.954906909614074170e-04 2.096761436819987584e-02 4.512903285666452699e-04 -8.982017982542277212e-06 3.755890149367388151e-05 6.071276906334981203e-05 4.285962553271657153e-05 -9.591927788097281754e-06 4.251729775461387910e-05
-2.900190123746619363e-06 -2.314201373761677875e-06 1.493219436695641781e-04 5.652979520671893465e-05 -2.628290317347344290e-04 -6.048576340781096653e-04 -4.491676106371363868e-05 6.618912621066573782e-05 2.109816101011358492e-04 7.982371958973664516e-06 1.355277839423767771e-06 -5.010937620514364747e-05 -1.769778386580238775e-08 2.257976970483828363e-03 -5.701565798840792254e-05 1.081784740093632800e-06 1.171829544274498661e-02 1.906859068310626286e-05 1.202478927035340659e-05 7.455758077670989804e-05 3.636069126633989339e-03 1.573167710931434263e-03 1.222316997898653668e-04 1.185111001105760642e-03 1.431832650115379027e-04 7.191418809424279107e-03 1.623724237246716793e-04 -1.481380531787056952e-05 6.526807350737543801e-05 7.875385856733586138e-05 7.411710218911270361e-05 7.225288961068202301e-03 1.964825368338725148e-04
-2.696427283513474869e-07 -2.193884373120950094e-07 1.415612526113670003e-05 4.164114991208185805e-06 -1.537420435583125350e-05 -4.751423517217371288e-05 -5.556812826604380495e-06 2.682002612059673785e-05 1.960773201496556059e-05 5.333298928847462990e-07 -3.948695201004726600e-08 -5.103775770865635631e-06 -1.761030019387506209e-09 2.076460924148578000e-04 8.199379588271985534e-06 8.137177068914312908e-08 1.414555613695381471e-03 9.928717026936042606e-07 1.295015580925255453e-06 5.926990114951055892e-06 2.857096633601418126e-04 1.222316997898653668e-04 1.039705506945843574e-05 9.971737531194492792e-05 1.254884526782681598e-05 5.888130337498513178e-04 1.406298242804493348e-05 -1.427527113252187207e-06 6.184456680285452875e-06 2.174293379537560459e-05 7.169018081496203907e-06 3.856845154696515168e-04 1.355629333912940524e-05
-2.846247053908573984e-06 -2.265991407255546716e-06 1.462539509548344062e-04 5.345433377182427293e-05 -2.493553758497899712e-04 -5.713375767735005915e-04 -4.530461980855194758e-05 8.023021847239174406e-05 2.057670660252089380e-04 7.640025332858535340e-06 -2.653695803039033205e-06 -4.718253924089779413e-05 -1.739912162726112497e-08 2.200025753656879510e-03 -5.110433024635020857e-05 1.017881184102303329e-06 1.142548020890249254e-02 1.880863004477270151e-05 1.152942392802376570e-05 7.044542042212573651e-05 3.433947836953731708e-03 1.185111001105760642e-03 9.971737531194492792e-05 1.131340833712684603e-03 1.367425156197053793e-04 6.393434443003893040e-03 1.478980007453756977e-04 -1.433064846811573913e-05 6.394623342784889607e-05 6.167103030798523351e-05 7.243910477453324921e-05 -1.219896358090993534e-05 7.234371836210895578e-05
-4.051809635785616510e-07 -3.229361050535273581e-07 2.084142143212599517e-05 5.977652486993498682e-06 -2.550768424131714149e-05 -6.565633015128895342e-05 -7.634828611436208275e-06 1.182607786966143980e-05 2.744068291283285232e-05 7.878765104670586563e-07 -3.781558872271433216e-07 -7.295301374324845989e-06 -2.481299630727161975e-09 2.938541196535697899e-04 -1.181020127917561884e-05 1.113387509084428309e-07 1.588006806834079028e-03 9.097269405659744432e-07 1.199729958006699147e-06 8.090286149541318334e-06 3.954906909614074170e-04 1.431832650115379027e-04 1.254884526782681598e-05 1.367425156197053793e-04 1.710971395074288077e-05 7.744864521222776703e-04 1.853027679304333024e-05 -2.079950558814251501e-06 9.107577374786037398e-06 9.623759316420049030e-06 1.033021578882599084e-05 -1.932952051890107732e-06 1.030491178582687704e-05
-1.427527906922675721e-05 -1.130582720987783715e-05 7.295586386241023277e-04 3.263310326038925302e-04 -1.535451306839275953e-03 -3.478219933722387011e-03 -1.950567391709200397e-04 -6.857648145421207128e-05 1.021780788039473864e-03 4.038113027837273035e-05 -7.368821183541338698e-06 -2.528038253012059142e-04 -8.414967727340758640e-08 1.101898300666671014e-02 -1.047740616443529164e-03 6.150243709731025910e-06 5.591417593173440836e-02 4.415926903202389430e-05 4.368983733020989667e-05 4.250716755445842578e-04 2.096761436819987584e-02 7.191418809424279107e-03 5.888130337498513178e-04 6.393434443003893040e-03 7.744864521222776703e-04 3.759865740248864024e-02 8.587305215617033714e-04 -7.315636356096979738e-05 3.187762237959492189e-04 8.588082651597261745e-05 3.590943366315203084e-04 1.038218085397102537e-02 5.377732032520292100e-04
-3.966987207981832479e-07 -3.168275952217421312e-07 2.044424717955685471e-05 6.768305741726149942e-06 -2.821039284344639453e-05 -7.483925846831813869e-05 -7.494500432371091772e-06 9.579172611065964784e-06 2.621967578074908259e-05 6.781169209225235784e-07 -2.824785505597788292e-07 -7.603688399120017466e-06 -2.401839344367755178e-09 2.823580270445894642e-04 -1.364288625659581184e-05 1.239038636605830507e-07 1.632633344169157237e-03 4.104435509261918568e-07 1.233690423035786537e-06 9.206466845080135857e-06 4.512903285666452699e-04 1.623724237246716793e-04 1.406298242804493348e-05 1.478980007453756977e-04 1.853027679304333024e-05 8.587305215617033714e-04 2.043381581253011906e-05 -2.076878788441204319e-06 8.929441884791262078e-06 1.128670769216314471e-05 1.015117497654555970e-05 1.554696849657442382e-04 1.277407548939357189e-05
1.353490909512368318e-07 1.055370934826652547e-07 -6.661693743892190771e-06 -1.374885549478750962e-07 6.217559791377734052e-07 1.484114501396007267e-06 3.519385807768125476e-06 -5.080997318834580658e-06 -6.810722739838080946e-06 -2.297280454925860104e-08 1.208726917384773807e-07 2.146415297198689759e-05 7.161360882435379330e-10 -7.234724807543167421e-05 2.001703563706902508e-06 5.315054177533110191e-09 -3.072884161876554814e-04 2.530254446398894387e-08 -6.448816356642125223e-09 -1.797782545787389191e-07 -8.982017982542277212e-06 -1.481380531787056952e-05 -1.427527113252187207e-06 -1.433064846811573913e-05 -2.079950558814251501e-06 -7.315636356096979738e-05 -2.076878788441204319e-06 2.360637508173917471e-06 -2.700482412662042182e-06 2.329005345022597094e-05 -3.006321913177147300e-06 7.531184504598892637e-06 -3.145194068589953843e-06
-5.728939800324629892e-07 -4.367654369155711215e-07 2.819893369556792401e-05 5.751842602241435401e-07 -2.584345349240183438e-06 -6.221251581252711072e-06 -1.525387167719337533e-05 2.162157077012792682e-05 2.901596993235894321e-05 4.401965774748970771e-08 -5.116538152272805134e-07 -9.180571694026239230e-06 -3.352088040477798658e-09 3.109979099095339810e-04 -1.777602810552323293e-05 -2.159987209497313287e-08 1.298872058743694114e-03 1.899349442164255258e-09 6.724476369251521659e-08 7.594038489042532717e-07 3.755890149367388151e-05 6.526807350737543801e-05 6.184456680285452875e-06 6.394623342784889607e-05 9.107577374786037398e-06 3.187762237959492189e-04 8.929441884791262078e-06 -2.700482412662042182e-06 1.233675271558761035e-05 -5.387779576623098537e-05 1.330788738601613415e-05 -2.186023477604473889e-06 1.395201839613218015e-05
7.162941346273249773e-06 1.961403170249782219e-06 -1.265570187092290323e-04 -1.061291042321261106e-05 2.194246980666158967e-04 -1.255085138100032029e-05 4.243500891422319679e-05 6.375907772070416165e-04 -1.106157628192051519e-04 -2.408259601447563079e-06 2.296306029349782356e-06 1.658578947193695510e-04 1.162283819392663542e-08 -1.270783614324950657e-03 -1.836789377514649879e-03 2.159856995808784457e-07 1.028022292027887252e-02 3.452362761498421174e-07 2.275529644725322133e-05 5.598011200246514106e-06 6.071276906334981203e-05 7.875385856733586138e-05 2.174293379537560459e-05 6.167103030798523351e-05 9.623759316420049030e-06 8.588082651597261745e-05 1.128670769216314471e-05 2.329005345022597094e-05 -5.387779576623098537e-05 1.291681144276234615e-02 6.773302506329793719e-05 8.016424135435032405e-05 -6.110413892588239789e-05
-5.724079323052928998e-07 -4.717765069775496977e-07 3.044221088201040578e-05 5.405639598581719392e-07 -7.064793363734559106e-07 -7.123849445306911364e-06 -1.671848857791889741e-05 3.070776482870007701e-05 3.151575746492024004e-05 2.682659952448294040e-08 -5.523568199382711601e-07 -1.093491910984711329e-05 -3.644143918293603614e-09 3.368597198312830760e-04 -3.815884680856144648e-05 -2.214914011340673360e-08 1.563846879434242472e-03 2.434222132390591337e-09 3.027284052503191961e-07 9.101983894771744924e-07 4.285962553271657153e-05 7.411710218911270361e-05 7.169018081496203907e-06 7.243910477453324921e-05 1.033021578882599084e-05 3.590943366315203084e-04 1.015117497654555970e-05 -3.006321913177147300e-06 1.330788738601613415e-05 6.773302506329793719e-05 1.562893465849523954e-05 -2.481306631804493983e-06 1.505931746175921817e-05
1.441725929179771503e-07 1.099768707599676591e-07 -7.096438059824973281e-06 -1.447910991471428622e-07 6.506628180566217001e-07 1.565996829040932184e-06 3.836512863807538551e-06 -5.440495215185797470e-06 -7.300890600168192417e-06 -1.140933252068860262e-08 8.895960220374645030e-05 7.918060234413046305e-05 5.727954405664007380e-10 -7.292819309651523525e-05 -9.617200489223418054e-06 8.801681522741611452e-09 -3.367009156376729942e-04 1.623755846925773602e-07 4.041997726033262156e-08 -1.830139295628542478e-07 -9.591927788097281754e-06 7.225288961068202301e-03 3.856845154696515168e-04 -1.219896358090993534e-05 -1.932952051890107732e-06 1.038218085397102537e-02 1.554696849657442382e-04 7.531184504598892637e-06 -2.186023477604473889e-06 8.016424135435032405e-05 -2.481306631804493983e-06 1.583442984505740170e-01 2.677071327364407768e-03
-6.483645910898665905e-07 -4.945815802882629802e-07 3.191368808543687226e-05 6.511461012938926347e-07 -2.926122943537088909e-06 -7.042509766656227739e-06 -1.725334228794011702e-05 2.446667833412083715e-05 3.283314014656928543e-05 5.130938595665181542e-08 9.260022070628803037e-07 -1.138430829302692370e-05 -3.789241789766566683e-09 3.519236448275974848e-04 -2.009485473823319538e-05 -2.441355981640244370e-08 1.469863782105023829e-03 1.843323375891734243e-09 7.595134297889219351e-08 8.596250709046084093e-07 4.251729775461387910e-05 1.964825368338725148e-04 1.355629333912940524e-05 7.234371836210895578e-05 1.030491178582687704e-05 5.377732032520292100e-04 1.277407548939357189e-05 -3.145194068589953843e-06 1.395201839613218015e-05 -6.110413892588239789e-05 1.505931746175921817e-05 2.677071327364407768e-03 6.119216809081097063e-05
