2.209589220902601701e-07 2.496586222460970627e-07 5.243088816992017797e-06 6.436375862254139859e-08 -5.065271484318582138e-07 -7.215297523830449516e-07 -1.420260588747649250e-06 2.981055729848839621e-06 1.953538350141278748e-06 -3.104423592841521312e-09 2.328850481451005283e-07 -1.355929601829433430e-06 -2.439988476780989857e-10 1.596141308000616321e-05 -2.986307114302920870e-06 -3.060627366149989661e-09 1.023506903943873511e-04 1.410978798531674540e-10 7.685004316644402926e-09 7.632157676171794645e-08 3.678820682105090632e-06 9.574118949768456636e-06 8.917082751701854609e-07 9.298840688969474966e-06 1.295595145150371217e-06 4.809153353678567212e-05 1.331251098317019999e-06 -3.322630036542773914e-07 1.402736038837990659e-06 -8.614279305079415315e-07 1.573813384946528113e-06 -3.439883708637900797e-07 1.588302941778471641e-06
2.496586222460970627e-07 2.857525630380136285e-07 6.000796056164101927e-06 7.228588496022068182e-08 -7.170689557572181486e-07 -7.999957939301729922e-07 -1.614631187988410916e-06 3.084516010489563570e-06 2.229983974030590519e-06 -3.287675673620906110e-09 2.665405312074144107e-07 -1.518154790202290351e-06 -2.785154261377134948e-10 1.825298474958944941e-05 -2.338720058768925782e-06 -3.578644176206536030e-09 1.115928144811320324e-04 8.956735789163615443e-11 -2.673760347714491888e-09 8.099032574492921383e-08 4.001067652494715184e-06 1.071399238990247513e-05 9.909159099227184295e-07 1.041461122428756710e-05 1.450878391811046560e-06 5.396978958935665061e-05 1.490137586480156408e-06 -3.772791246681460998e-07 1.605768504578807297e-06 -7.774879576349218461e-06 1.734948502084014101e-06 -3.936999984734175446e-07 1.817837225669222543e-06
5.243088816992017797e-06 6.000796056164101927e-06 1.260229288870464575e-04 1.518159052295361063e-06 -1.506031583071703930e-05 -1.680160940207861165e-05 -3.390274080918275748e-05 6.477902244180207638e-05 4.682924920658246184e-05 -6.855227658157002834e-08 5.597627064056481336e-06 -3.258887400238750587e-05 -5.846310827875449487e-09 3.833183573853959133e-04 -4.911721968293491310e-05 -7.513162222907507697e-08 2.343501087506881953e-03 1.881801957048914360e-09 -5.617926490693577351e-08 1.700960671250785973e-06 8.403073830786927532e-05 2.250057658124686878e-04 2.081027546959357305e-05 2.187006294238177028e-04 3.046831639210542713e-05 1.133399414780541506e-03 3.129407239004336380e-05 -7.986439335376271896e-06 3.371615863866160145e-05 -1.632819550912042420e-04 3.643570044762721308e-05 -8.268107505416774191e-06 3.817646346827844635e-05
6.436375862254139859e-08 7.228588496022068182e-08 1.518159052295361063e-06 3.091013748588942464e-06 -3.024290495974940270e-05 -3.423776297090493141e-05 7.129429554769051216e-07 -4.718028652554947760e-07 2.173488582047130508e-06 2.729059075572559372e-07 6.743287331694725657e-08 -2.796476084605954447e-07 -5.951818090893320009e-11 1.322102206757486329e-05 -1.397676720336327410e-05 4.218134849352609996e-08 2.905491664268069867e-04 4.722982771743664776e-09 -8.208588899871203908e-08 3.476621642665602976e-06 1.714584691841144494e-04 3.149714397676655107e-05 2.154828732581581860e-06 2.977176399256080099e-05 3.311500190186052085e-06 1.749862061689149426e-04 3.503366270554699886e-06 -9.700942983849551665e-08 4.060840638917981244e-07 5.574190080936251715e-07 4.635846633192541295e-07 -9.960332112212880528e-08 4.598999889213623035e-07
-5.065271484318582138e-07 -7.170689557572181486e-07 -1.506031583071703930e-05 -3.024290495974940270e-05 3.758009929584411380e-04 3.293760791728990163e-04 -1.077324867162536833e-05 1.287663936006124639e-04 -1.859719315670778979e-05 -2.998527953568447871e-06 -6.689420110432394395e-07 2.730897663408397010e-06 2.479212535277797219e-10 -1.162378293155257356e-04 3.451989164644798914e-04 -3.883513981118672135e-07 -3.822284712890837953e-04 -2.272934125928178803e-07 6.824556812456640004e-06 -3.147355332957406311e-05 -1.606959989968827435e-03 -2.359719710436791892e-04 -8.631255889430627554e-06 -2.244983258272652380e-04 -2.070162473002725567e-05 -1.326439999194460682e-03 -1.950629858838050443e-05 9.655712435870367059e-07 -4.028062387141840387e-06 2.716534732396277247e-04 -1.891672281121812404e-06 9.880766258448659495e-07 -4.562261821794589563e-06
-7.215297523830449516e-07 -7.999957939301729922e-07 -1.680160940207861165e-05 -3.423776297090493141e-05 3.293760791728990163e-04 3.796315040935302216e-04 -7.630490251591423326e-06 -3.488594774957590056e-06 -2.426217499451143776e-05 -2.999794604114365087e-06 -7.462859682707166859e-07 3.097929038073864349e-06 6.827305633578532475e-10 -1.473655060650572602e-04 1.402413374593760502e-04 -4.689315908266091315e-07 -3.391046324540840807e-03 -3.175967408693841928e-08 4.890198725521943107e-07 -3.868729667186212966e-05 -1.904134814090031533e-03 -3.539342384797004816e-04 -2.474175984981020771e-05 -3.344434311715721564e-04 -3.750079566732632686e-05 -1.965292963935110979e-03 -3.984225828696112340e-05 1.073386010909975579e-06 -4.494194440109471647e-06 -2.551332019876130893e-05 -5.319463698155389765e-06 1.102319347971862099e-06 -5.089756548363085214e-06
-1.420260588747649250e-06 -1.614631187988410916e-06 -3.390274080918275748e-05 7.129429554769051216e-07 -1.077324867162536833e-05 -7.630490251591423326e-06 1.079362171066112580e-04 -1.516113582268496179e-05 -3.317726260104337247e-05 2.716236179640677072e-06 -1.505875963803918549e-06 1.062117964853284124e-05 8.008147295850215469e-09 -3.342497761932094287e-05 -7.138777190293931233e-06 6.205949787920181895e-07 -6.739457750783323662e-04 8.226587803652851861e-09 -3.056304557275313426e-07 6.810149053932929484e-07 3.619213816772804044e-05 -4.434297856588213116e-05 -4.951655137783595850e-06 -4.350325205122356810e-05 -6.664748337933311104e-06 -2.215225529522467189e-04 -7.285175291482767681e-06 2.087207577613744786e-06 -9.076779628849765760e-06 2.342102458821704682e-05 -1.000221333377019150e-05 2.224289724209450521e-06 -1.027024810014014154e-05
2.981055729848839621e-06 3.084516010489563570e-06 6.477902244180207638e-05 -4.718028652554947760e-07 1.287663936006124639e-04 -3.488594774957590056e-06 -1.516113582268496179e-05 7.243249907236118043e-03 -3.033740685002757635e-05 -1.867409276005921486e-06 2.877324090192805345e-06 -1.849311667618390944e-05 -7.394642090064891719e-10 -1.196030319994993230e-04 4.048290144718962795e-04 -8.975448396853520720e-08 4.130668037737380421e-02 -2.583226143574009521e-07 9.376703731891199392e-06 3.420024109984113766e-06 8.352475379284122440e-05 3.838823777983478309e-04 4.896346518488658137e-05 3.785522210135707161e-04 4.669348981958935013e-05 1.825112630861393985e-03 5.056447025267818646e-05 -4.115079962662996981e-06 1.732993666929764549e-05 5.167180801238399580e-04 2.459519750317630012e-05 -4.250019630351698479e-06 1.962368281391725628e-05
1.953538350141278748e-06 2.229983974030590519e-06 4.682924920658246184e-05 2.173488582047130508e-06 -1.859719315670778979e-05 -2.426217499451143776e-05 -3.317726260104337247e-05 -3.033740685002757635e-05 1.483261890495346015e-04 6.407730464160480604e-06 2.080039521880646701e-06 -7.865085340107180224e-06 -8.339409668381083288e-09 8.313959843961018148e-04 -3.014362423817868472e-05 7.009731477126073794e-08 3.976754597715475084e-03 -2.912838911180397433e-09 1.433216390495099015e-07 2.529533934998062465e-06 1.229219116084597104e-04 1.216610521568410201e-04 1.086180363703928484e-05 1.177276230689114264e-04 1.531630867024210712e-05 6.077160235534020743e-04 1.523546058414025026e-05 -2.940720553565601994e-06 1.253152812052542951e-05 -4.966266086210082851e-05 1.364680231721125190e-05 -3.072371593472882596e-06 1.418610991960328534e-05
-3.104423592841521312e-09 -3.287675673620906110e-09 -6.855227658157002834e-08 2.729059075572559372e-07 -2.998527953568447871e-06 -2.999794604114365087e-06 2.716236179640677072e-06 -1.867409276005921486e-06 6.407730464160480604e-06 2.276892352995079017e-06 -3.044922714339207661e-09 6.392408283527706254e-07 1.667869873138141255e-11 9.379744877014591211e-06 -4.065021545725763829e-06 -2.288838989068625377e-08 5.250079229346250160e-05 1.165991659312493357e-09 -3.199295360491046749e-08 2.965033257899960044e-07 1.484786920131570373e-05 3.920138246890034262e-06 2.411938057122398196e-07 3.746489142913817092e-06 3.703565239987942282e-07 1.987166563267491468e-05 3.138125677548599568e-07 -5.352214257900213618e-10 -1.885340325128735489e-08 -4.412242982958219719e-07 -2.499654762179422736e-08 4.497575143365876862e-09 -2.076672479918561246e-08
2.328850481451005283e-07 2.665405312074144107e-07 5.597627064056481336e-06 6.743287331694725657e-08 -6.689420110432394395e-07 -7.462859682707166859e-07 -1.505875963803918549e-06 2.877324090192805345e-06 2.080039521880646701e-06 -3.044922714339207661e-09 3.339755700694772431e-07 -1.447517247170101474e-06 -2.596786791420606141e-10 1.702605415061663770e-05 -2.181665516239754013e-06 -3.337160988639494427e-09 1.040925268752635027e-04 8.358499248509668073e-11 -2.495344112845668910e-09 7.555246947817730414e-08 3.732437732711079197e-06 1.521855396957719500e-05 1.208404451278633070e-06 9.714141489968034071e-06 1.353327318598888949e-06 5.778873484556475880e-05 1.504238792982538354e-06 -3.547378986026929632e-07 1.497588444884913186e-06 -7.252580930806521785e-06 1.618383771307958665e-06 1.158882969535269527e-04 3.618394695467074165e-06
-1.355929601829433430e-06 -1.518154790202290351e-06 -3.258887400238750587e-05 -2.796476084605954447e-07 2.730897663408397010e-06 3.097929038073864349e-06 1.062117964853284124e-05 -1.849311667618390944e-05 -7.865085340107180224e-06 6.392408283527706254e-07 -1.447517247170101474e-06 1.473333300766543029e-03 -3.423601237514609899e-09 -4.589155867782167476e-05 -2.644577344505949111e-04 4.611983051577415490e-08 -3.800101543961406907e-04 1.216219522939676522e-06 4.329159843966882717e-07 -2.593908993220612237e-07 -1.627390175321560806e-05 5.298918772511601240e-06 -1.801980543803981761e-06 6.831514953169337212e-06 -1.756854042670040764e-06 -9.331620100098782559e-05 -4.856321689883710954e-06 1.328822599651521537e-04 6.566742882830192738e-06 1.264106533129260874e-03 4.196045138058016868e-06 8.071017839202880139e-04 5.142601012564602910e-06
-2.439988476780989857e-10 -2.785154261377134948e-10 -5.846310827875449487e-09 -5.951818090893320009e-11 2.479212535277797219e-10 6.827305633578532475e-10 8.008147295850215469e-09 -7.394642090064891719e-10 -8.339409668381083288e-09 1.667869873138141255e-11 -2.596786791420606141e-10 -3.423601237514609899e-09 8.967809312664656340e-13 -4.196704500689675299e-08 2.335287383039076894e-09 3.106830602357076382e-11 -2.367212879405907817e-07 -3.747169944714336533e-12 -2.516573578369707404e-11 -7.778308075148808967e-11 -3.594238591201184447e-09 -1.109357576351080370e-08 -1.056081632192298656e-09 -1.079250054857241848e-08 -1.491779935542080832e-09 -5.515780650236688419e-08 -1.529617766996243046e-09 -7.172239657078367650e-11 -1.615742416439687539e-09 1.872193193726149083e-09 -1.751616521438211903e-09 -2.310859940454175263e-09 -1.821297193033390421e-09
1.596141308000616321e-05 1.825298474958944941e-05 3.833183573853959133e-04 1.322102206757486329e-05 -1.162378293155257356e-04 -1.473655060650572602e-04 -3.342497761932094287e-05 -1.196030319994993230e-04 8.313959843961018148e-04 9.379744877014591211e-06 1.702605415061663770e-05 -4.589155867782167476e-05 -4.196704500689675299e-08 5.668117197906941129e-03 -2.124787300379400604e-04 2.322934380826479285e-06 2.630680380953127201e-02 1.529556866063471414e-07 6.945151771479116221e-07 1.529538424892772867e-05 7.448651703134992431e-04 9.050978955650741372e-04 8.104171798747178933e-05 8.764087052663306491e-04 1.160300077974573264e-04 4.524853060078556401e-03 1.159055967903165692e-04 -2.136630503525287369e-05 1.028951192462245991e-04 -4.401794563859169748e-04 1.114143899978634858e-04 -6.980351433159006312e-06 1.164585483805515010e-04
-2.986307114302920870e-06 -2.338720058768925782e-06 -4.911721968293491310e-05 -1.397676720336327410e-05 3.451989164644798914e-04 1.402413374593760502e-04 -7.138777190293931233e-06 4.048290144718962795e-04 -3.014362423817868472e-05 -4.065021545725763829e-06 -2.181665516239754013e-06 -2.644577344505949111e-04 2.335287383039076894e-09 -2.124787300379400604e-04 6.162718284502538037e-03 1.250479493421589287e-07 5.273968228862136245e-03 3.869744288765716790e-04 1.517423163457589264e-04 8.492391645084018334e-06 -8.291918453577310378e-04 6.865816069871426416e-04 5.546408281847171510e-05 6.728723223114258445e-04 4.037655402578124665e-05 1.479453309346063020e-03 3.191689044230756612e-05 -2.149596093302064828e-05 -1.603278145557508646e-05 -2.159685543508114980e-03 -3.625539135834210006e-05 -1.568708950028400767e-04 -1.786540247790973336e-05
-3.060627366149989661e-09 -3.578644176206536030e-09 -7.513162222907507697e-08 4.218134849352609996e-08 -3.883513981118672135e-07 -4.689315908266091315e-07 6.205949787920181895e-07 -8.975448396853520720e-08 7.009731477126073794e-08 -2.288838989068625377e-08 -3.337160988639494427e-09 4.611983051577415490e-08 3.106830602357076382e-11 2.322934380826479285e-06 1.250479493421589287e-07 6.039071793523351235e-09 1.102816362680501218e-05 2.102669384631732521e-08 8.074397121458667400e-09 4.917336522591392443e-08 2.348409531464341122e-06 4.167076235966694208e-07 2.612612821878179059e-08 3.909877656125348683e-07 3.810229938108956475e-08 2.185190152825585349e-06 3.754758064298233794e-08 5.975853793623105600e-09 -1.995508467795907234e-08 2.485680914356869792e-07 -2.022562762930609490e-08 1.434631478939985348e-08 -2.258416854514588469e-08
1.023506903943873511e-04 1.115928144811320324e-04 2.343501087506881953e-03 2.905491664268069867e-04 -3.822284712890837953e-04 -3.391046324540840807e-03 -6.739457750783323662e-04 4.130668037737380421e-02 3.976754597715475084e-03 5.250079229346250160e-05 1.040925268752635027e-04 -3.800101543961406907e-04 -2.367212879405907817e-07 2.630680380953127201e-02 5.273968228862136245e-03 1.102816362680501218e-05 4.229224712231306471e-01 5.662670304252467179e-05 1.993429839586834964e-04 4.078116719198520627e-04 1.825493528572978003e-02 1.046351331598577815e-02 1.093090930827263912e-03 1.005086139742141470e-02 1.318863106835842887e-03 5.331988256515460267e-02 1.418864143925340979e-03 -1.359445658448930883e-04 6.284492735316005814e-04 7.271128795168521272e-03 7.783811421447882090e-04 -7.612706420733291639e-05 7.113709922074432828e-04
1.410978798531674540e-10 8.956735789163615443e-11 1.881801957048914360e-09 4.722982771743664776e-09 -2.272934125928178803e-07 -3.175967408693841928e-08 8.226587803652851861e-09 -2.583226143574009521e-07 -2.912838911180397433e-09 1.165991659312493357e-09 8.358499248509668073e-11 1.216219522939676522e-06 -3.747169944714336533e-12 1.529556866063471414e-07 3.869744288765716790e-04 2.102669384631732521e-08 5.662670304252467179e-05 3.101299341143255614e-05 1.084419055656965371e-05 1.406267058846323690e-06 -1.896928693676406676e-05 6.094201954107731370e-05 3.344070347070576474e-06 6.003035753007755125e-05 3.126094009227581865e-06 1.408135122126968669e-04 1.688044535220359916e-06 1.084845965764364653e-07 1.326562646726989702e-08 1.231551792834799067e-06 1.370195729742066109e-08 7.060051843660044787e-07 1.374134371144899607e-08
7.685004316644402926e-09 -2.673760347714491888e-09 -5.617926490693577351e-08 -8.208588899871203908e-08 6.824556812456640004e-06 4.890198725521943107e-07 -3.056304557275313426e-07 9.376703731891199392e-06 1.433216390495099015e-07 -3.199295360491046749e-08 -2.495344112845668910e-09 4.329159843966882717e-07 -2.516573578369707404e-11 6.945151771479116221e-07 1.517423163457589264e-04 8.074397121458667400e-09 1.993429839586834964e-04 1.084419055656965371e-05 4.257528268732080358e-06 5.918016219747528591e-07 -5.907128149255348344e-06 2.598218282983775571e-05 2.060766187243464462e-06 2.529788644937903448e-05 1.895736233767077432e-06 7.393190977033203424e-05 1.621071293790664786e-06 4.185282345228896932e-08 -1.053380187691697736e-08 2.150936888086868145e-05 1.935048381177599525e-07 2.508673254297650424e-07 -1.240790499747455852e-08
7.632157676171794645e-08 8.099032574492921383e-08 1.700960671250785973e-06 3.476621642665602976e-06 -3.147355332957406311e-05 -3.868729667186212966e-05 6.810149053932929484e-07 3.420024109984113766e-06 2.529533934998062465e-06 2.965033257899960044e-07 7.555246947817730414e-08 -2.593908993220612237e-07 -7.778308075148808967e-11 1.529538424892772867e-05 8.492391645084018334e-06 4.917336522591392443e-08 4.078116719198520627e-04 1.406267058846323690e-06 5.918016219747528591e-07 4.055148787139288201e-06 1.942300867109293596e-04 4.049501474972626579e-05 2.972796224322638666e-06 3.834047234358575556e-05 4.239778853001733764e-06 2.155124242039281211e-04 4.488432017454607323e-06 -1.036497493392102201e-07 4.555717186909124740e-07 9.512910304842452311e-06 6.062633928935221386e-07 -7.949311822547347411e-08 5.158753925784854904e-07
3.678820682105090632e-06 4.001067652494715184e-06 8.403073830786927532e-05 1.714584691841144494e-04 -1.606959989968827435e-03 -1.904134814090031533e-03 3.619213816772804044e-05 8.352475379284122440e-05 1.229219116084597104e-04 1.484786920131570373e-05 3.732437732711079197e-06 -1.627390175321560806e-05 -3.594238591201184447e-09 7.448651703134992431e-04 -8.291918453577310378e-04 2.348409531464341122e-06 1.825493528572978003e-02 -1.896928693676406676e-05 -5.907128149255348344e-06 1.942300867109293596e-04 9.585063333862898702e-03 1.773406260472436529e-03 1.284632755106854664e-04 1.673485820877514347e-03 1.920932854898365835e-04 9.960347262620568992e-03 2.063331188178984773e-04 -5.434255581450552410e-06 2.246927942058359263e-05 2.743727637660332147e-04 2.803707597041487113e-05 -5.952540902761584800e-06 2.544745959806700376e-05
9.574118949768456636e-06 1.071399238990247513e-05 2.250057658124686878e-04 3.149714397676655107e-05 -2.359719710436791892e-04 -3.539342384797004816e-04 -4.434297856588213116e-05 3.838823777983478309e-04 1.216610521568410201e-04 3.920138246890034262e-06 1.521855396957719500e-05 5.298918772511601240e-06 -1.109357576351080370e-08 9.050978955650741372e-04 6.865816069871426416e-04 4.167076235966694208e-07 1.046351331598577815e-02 6.094201954107731370e-05 2.598218282983775571e-05 4.049501474972626579e-05 1.773406260472436529e-03 1.191831450875799120e-03 9.153204188756670196e-05 8.382781351617711249e-04 1.001998892872713655e-04 4.677049586884528785e-03 1.099283284286485030e-04 -8.780640824233708369e-06 6.084191016081458373e-05 2.099907122545282114e-04 7.002566788141524699e-05 7.139345090445198272e-03 1.865470477890254916e-04
8.917082751701854609e-07 9.909159099227184295e-07 2.081027546959357305e-05 2.154828732581581860e-06 -8.631255889430627554e-06 -2.474175984981020771e-05 -4.951655137783595850e-06 4.896346518488658137e-05 1.086180363703928484e-05 2.411938057122398196e-07 1.208404451278633070e-06 -1.801980543803981761e-06 -1.056081632192298656e-09 8.104171798747178933e-05 5.546408281847171510e-05 2.612612821878179059e-08 1.093090930827263912e-03 3.344070347070576474e-06 2.060766187243464462e-06 2.972796224322638666e-06 1.284632755106854664e-04 9.153204188756670196e-05 7.983795681849714242e-06 7.112276375866827629e-05 9.141912364084939664e-06 3.925287129828462177e-04 1.006755605088437735e-05 -1.011877029739188502e-06 5.603647804091954951e-06 3.050250597214384211e-05 6.582036633227328447e-06 3.876374973854737659e-04 1.274191395190179726e-05
9.298840688969474966e-06 1.041461122428756710e-05 2.187006294238177028e-04 2.977176399256080099e-05 -2.244983258272652380e-04 -3.344434311715721564e-04 -4.350325205122356810e-05 3.785522210135707161e-04 1.177276230689114264e-04 3.746489142913817092e-06 9.714141489968034071e-06 6.831514953169337212e-06 -1.079250054857241848e-08 8.764087052663306491e-04 6.728723223114258445e-04 3.909877656125348683e-07 1.005086139742141470e-02 6.003035753007755125e-05 2.529788644937903448e-05 3.834047234358575556e-05 1.673485820877514347e-03 8.382781351617711249e-04 7.112276375866827629e-05 8.062782380517461833e-04 9.618632666225015049e-05 4.046686915693585053e-03 9.862489221910394682e-05 -8.380954623638096313e-06 5.915285865981765191e-05 1.891969048002355852e-04 6.791746761414854108e-05 2.017508680207508561e-05 6.689552957782004834e-05
1.295595145150371217e-06 1.450878391811046560e-06 3.046831639210542713e-05 3.311500190186052085e-06 -2.070162473002725567e-05 -3.750079566732632686e-05 -6.664748337933311104e-06 4.669348981958935013e-05 1.531630867024210712e-05 3.703565239987942282e-07 1.353327318598888949e-06 -1.756854042670040764e-06 -1.491779935542080832e-09 1.160300077974573264e-04 4.037655402578124665e-05 3.810229938108956475e-08 1.318863106835842887e-03 3.126094009227581865e-06 1.895736233767077432e-06 4.239778853001733764e-06 1.920932854898365835e-04 1.001998892872713655e-04 9.141912364084939664e-06 9.618632666225015049e-05 1.236235639519099059e-05 5.051830015857243679e-04 1.300264110757006584e-05 -1.403091939377760011e-06 8.213307784504311624e-06 2.435973420213627752e-05 9.439373066396001578e-06 1.327039583125940537e-06 9.291888030424033077e-06
4.809153353678567212e-05 5.396978958935665061e-05 1.133399414780541506e-03 1.749862061689149426e-04 -1.326439999194460682e-03 -1.965292963935110979e-03 -2.215225529522467189e-04 1.825112630861393985e-03 6.077160235534020743e-04 1.987166563267491468e-05 5.778873484556475880e-05 -9.331620100098782559e-05 -5.515780650236688419e-08 4.524853060078556401e-03 1.479453309346063020e-03 2.185190152825585349e-06 5.331988256515460267e-02 1.408135122126968669e-04 7.393190977033203424e-05 2.155124242039281211e-04 9.960347262620568992e-03 4.677049586884528785e-03 3.925287129828462177e-04 4.046686915693585053e-03 5.051830015857243679e-04 2.206036201676352115e-02 5.390005857924159679e-04 -5.494224717038985153e-05 3.052109351692498048e-04 6.652449511462178331e-04 3.487524983978209227e-04 1.017915810523237728e-02 5.131455144884215997e-04
1.331251098317019999e-06 1.490137586480156408e-06 3.129407239004336380e-05 3.503366270554699886e-06 -1.950629858838050443e-05 -3.984225828696112340e-05 -7.285175291482767681e-06 5.056447025267818646e-05 1.523546058414025026e-05 3.138125677548599568e-07 1.504238792982538354e-06 -4.856321689883710954e-06 -1.529617766996243046e-09 1.159055967903165692e-04 3.191689044230756612e-05 3.754758064298233794e-08 1.418864143925340979e-03 1.688044535220359916e-06 1.621071293790664786e-06 4.488432017454607323e-06 2.063331188178984773e-04 1.099283284286485030e-04 1.006755605088437735e-05 9.862489221910394682e-05 1.300264110757006584e-05 5.390005857924159679e-04 1.401223873725771113e-05 -1.710444205480084632e-06 8.404419139885523421e-06 2.362812533487842630e-05 9.678136345720527467e-06 1.553283273760799540e-04 1.208655080683978413e-05
-3.322630036542773914e-07 -3.772791246681460998e-07 -7.986439335376271896e-06 -9.700942983849551665e-08 9.655712435870367059e-07 1.073386010909975579e-06 2.087207577613744786e-06 -4.115079962662996981e-06 -2.940720553565601994e-06 -5.352214257900213618e-10 -3.547378986026929632e-07 1.328822599651521537e-04 -7.172239657078367650e-11 -2.136630503525287369e-05 -2.149596093302064828e-05 5.975853793623105600e-09 -1.359445658448930883e-04 1.084845965764364653e-07 4.185282345228896932e-08 -1.036497493392102201e-07 -5.434255581450552410e-06 -8.780640824233708369e-06 -1.011877029739188502e-06 -8.380954623638096313e-06 -1.403091939377760011e-06 -5.494224717038985153e-05 -1.710444205480084632e-06 1.219051427043733825e-05 -7.714209743527411480e-07 1.195042828917905047e-04 -1.092507624727960911e-06 7.241423483428704110e-05 -1.078397991879971663e-06
1.402736038837990659e-06 1.605768504578807297e-06 3.371615863866160145e-05 4.060840638917981244e-07 -4.028062387141840387e-06 -4.494194440109471647e-06 -9.076779628849765760e-06 1.732993666929764549e-05 1.253152812052542951e-05 -1.885340325128735489e-08 1.497588444884913186e-06 6.566742882830192738e-06 -1.615742416439687539e-09 1.028951192462245991e-04 -1.603278145557508646e-05 -1.995508467795907234e-08 6.284492735316005814e-04 1.326562646726989702e-08 -1.053380187691697736e-08 4.555717186909124740e-07 2.246927942058359263e-05 6.084191016081458373e-05 5.603647804091954951e-06 5.915285865981765191e-05 8.213307784504311624e-06 3.052109351692498048e-04 8.404419139885523421e-06 -7.714209743527411480e-07 9.180033723930566304e-06 -3.085762637421911401e-05 9.890955166888208949e-06 6.235768305180036203e-06 1.037130179545139145e-05
-8.614279305079415315e-07 -7.774879576349218461e-06 -1.632819550912042420e-04 5.574190080936251715e-07 2.716534732396277247e-04 -2.551332019876130893e-05 2.342102458821704682e-05 5.167180801238399580e-04 -4.966266086210082851e-05 -4.412242982958219719e-07 -7.252580930806521785e-06 1.264106533129260874e-03 1.872193193726149083e-09 -4.401794563859169748e-04 -2.159685543508114980e-03 2.485680914356869792e-07 7.271128795168521272e-03 1.231551792834799067e-06 2.150936888086868145e-05 9.512910304842452311e-06 2.743727637660332147e-04 2.099907122545282114e-04 3.050250597214384211e-05 1.891969048002355852e-04 2.435973420213627752e-05 6.652449511462178331e-04 2.362812533487842630e-05 1.195042828917905047e-04 -3.085762637421911401e-05 1.374987113050674982e-02 8.649602277789162654e-05 7.202680206211983620e-04 -3.622823663322924614e-05
1.573813384946528113e-06 1.734948502084014101e-06 3.643570044762721308e-05 4.635846633192541295e-07 -1.891672281121812404e-06 -5.319463698155389765e-06 -1.000221333377019150e-05 2.459519750317630012e-05 1.364680231721125190e-05 -2.499654762179422736e-08 1.618383771307958665e-06 4.196045138058016868e-06 -1.751616521438211903e-09 1.114143899978634858e-04 -3.625539135834210006e-05 -2.022562762930609490e-08 7.783811421447882090e-04 1.370195729742066109e-08 1.935048381177599525e-07 6.062633928935221386e-07 2.803707597041487113e-05 7.002566788141524699e-05 6.582036633227328447e-06 6.791746761414854108e-05 9.439373066396001578e-06 3.487524983978209227e-04 9.678136345720527467e-06 -1.092507624727960911e-06 9.890955166888208949e-06 8.649602277789162654e-05 1.185667651608972309e-05 5.517507518365232628e-06 1.118507040011637561e-05
-3.439883708637900797e-07 -3.936999984734175446e-07 -8.268107505416774191e-06 -9.960332112212880528e-08 9.880766258448659495e-07 1.102319347971862099e-06 2.224289724209450521e-06 -4.250019630351698479e-06 -3.072371593472882596e-06 4.497575143365876862e-09 1.158882969535269527e-04 8.071017839202880139e-04 -2.310859940454175263e-09 -6.980351433159006312e-06 -1.568708950028400767e-04 1.434631478939985348e-08 -7.612706420733291639e-05 7.060051843660044787e-07 2.508673254297650424e-07 -7.949311822547347411e-08 -5.952540902761584800e-06 7.139345090445198272e-03 3.876374973854737659e-04 2.017508680207508561e-05 1.327039583125940537e-06 1.017915810523237728e-02 1.553283273760799540e-04 7.241423483428704110e-05 6.235768305180036203e-06 7.202680206211983620e-04 5.517507518365232628e-06 1.589935163455753475e-01 2.625582126184345961e-03
1.588302941778471641e-06 1.817837225669222543e-06 3.817646346827844635e-05 4.598999889213623035e-07 -4.562261821794589563e-06 -5.089756548363085214e-06 -1.027024810014014154e-05 1.962368281391725628e-05 1.418610991960328534e-05 -2.076672479918561246e-08 3.618394695467074165e-06 5.142601012564602910e-06 -1.821297193033390421e-09 1.164585483805515010e-04 -1.786540247790973336e-05 -2.258416854514588469e-08 7.113709922074432828e-04 1.374134371144899607e-08 -1.240790499747455852e-08 5.158753925784854904e-07 2.544745959806700376e-05 1.865470477890254916e-04 1.274191395190179726e-05 6.689552957782004834e-05 9.291888030424033077e-06 5.131455144884215997e-04 1.208655080683978413e-05 -1.078397991879971663e-06 1.037130179545139145e-05 -3.622823663322924614e-05 1.118507040011637561e-05 2.625582126184345961e-03 5.505051109771877009e-05
