9.263361154582507910e-09 6.941728055873080343e-09 5.276357981483351452e-07 5.635590745523890834e-08 -6.354969109705627572e-07 -2.586292864618604751e-07 -1.405801076683982216e-07 -9.618988259968388006e-08 1.984313625587964247e-07 3.194458226784308820e-09 0.000000000000000000e+00 -1.766771029643072930e-07 -2.829017542570419597e-11 2.141541747838469956e-06 2.286446175818898891e-06 1.657026790795027673e-10 -3.061449363964638019e-07 6.160952270473991846e-07 1.751911692652159960e-07 4.668451429745109903e-08 1.226025152067913795e-06 2.250854292442779823e-06 1.119461569346279848e-07 2.609817522995332975e-06 2.086150813727176528e-07 9.241533459336251629e-06 1.492206681403388771e-07 -4.320501710761727390e-08 1.819717650425387666e-07 1.149023029213020918e-05 3.206122836162063379e-07 -8.582795808057664574e-06 6.384561515736994136e-08
6.941728055873080343e-09 1.170332707709424952e-08 8.887390532616052343e-07 1.329274144692755817e-08 -1.149797976797675440e-07 -1.036464058296804852e-07 -2.587340486886359412e-07 2.745243086345958757e-07 3.322863807662591612e-07 -4.861759919492519758e-09 0.000000000000000000e+00 -2.708775829222542552e-07 -4.954469898598265807e-11 3.680507973876781776e-06 -4.174129032224070547e-07 -6.540960328351153737e-10 1.760722002315954549e-05 1.808201653905477975e-08 2.137868173488515633e-09 1.212413815532008004e-08 5.870360749221142060e-07 1.316039285520401873e-06 1.402047259234424515e-07 1.949740442438013128e-06 2.611533363781698870e-07 9.079177611335023161e-06 2.488636098786011062e-07 -7.015445070925045059e-08 3.067868197195631291e-07 -1.379448320774982447e-06 3.317054343634174254e-07 -1.445668744910747631e-05 1.075402612351062791e-07
5.276357981483351452e-07 8.887390532616052343e-07 6.755158463916203777e-05 1.011004614753408432e-06 -8.747659949406557598e-06 -7.880899979324761998e-06 -1.965011620521561598e-05 2.086204006530483813e-05 2.524940863088020974e-05 -3.679370024222449466e-07 0.000000000000000000e+00 -2.278456818041729048e-05 -3.757227555700637516e-09 2.797055264412579836e-04 -3.172764599041125172e-05 -4.965122835076378702e-08 1.337940196919470883e-03 1.377268502135644507e-06 1.628794567011780811e-07 9.218433068697619941e-07 4.463368683009590103e-05 1.000372705685612535e-04 1.065636369102397680e-05 1.481454606569134109e-04 1.984442212282070515e-05 6.900257484295179398e-04 1.891398066144154444e-05 -5.528740112999171000e-06 2.329756621031296382e-05 -1.048339364912655478e-04 2.521253834216969963e-05 -1.098828888228044979e-03 8.173957285077836356e-06
5.635590745523890834e-08 1.329274144692755817e-08 1.011004614753408432e-06 4.108743127315887807e-06 -4.240199784854829942e-05 -2.604409348524289961e-05 1.724677367139039969e-06 -2.108724737537781132e-05 1.056427279025450078e-06 4.659839932665586480e-07 0.000000000000000000e+00 -2.017442809597181538e-07 6.180165123280213718e-11 8.673909766285268981e-06 2.227881740276341498e-05 4.168597833007070680e-08 -7.750337408142606889e-04 1.421640988492323438e-05 2.595197863251615083e-06 3.109122849328580804e-06 1.404053867068778588e-04 5.509127745827248785e-05 5.994460058140256066e-07 5.478434174241390430e-05 2.552495360435615303e-06 2.223400513856080784e-04 1.138018827735477387e-06 -8.480046946855498785e-08 3.484633471362319118e-07 1.144321905314375965e-04 1.542913192157884270e-06 -1.644552208148898479e-05 1.223347843008268223e-07
-6.354969109705627572e-07 -1.149797976797675440e-07 -8.747659949406557598e-06 -4.240199784854829942e-05 5.079844992548503049e-04 2.137776236059194088e-04 -2.181027952438428704e-05 3.384484866817468059e-04 -3.524685185734731038e-06 -5.166942474113825291e-06 0.000000000000000000e+00 1.583970261270737997e-06 -1.265898846468285981e-09 -3.298256522488502069e-05 -2.224130422169606129e-04 -3.398872732893068187e-07 1.180123423693270508e-02 -1.907584505937077643e-04 -3.097319479191831630e-05 -2.439714488081591879e-05 -1.075374189718718418e-03 -5.147938047637719413e-04 1.271009496873075230e-05 -5.198589736409923697e-04 -8.247442539071886262e-06 -1.690772803031559976e-03 1.401642977672000996e-05 7.421768430997382640e-07 -3.014165265068915844e-06 -1.344114046890889595e-03 -1.690689693924651187e-05 1.422939448148915673e-04 -1.058494765930072746e-06
-2.586292864618604751e-07 -1.036464058296804852e-07 -7.880899979324761998e-06 -2.604409348524289961e-05 2.137776236059194088e-04 2.093381136979309467e-04 -8.012495106115336853e-06 4.092735186757400086e-05 -1.252635406726440935e-05 -2.673043346011552656e-06 0.000000000000000000e+00 1.714548538520546163e-06 9.214794041571270919e-11 -1.006471209908130313e-04 -7.145231032715227380e-05 -3.317545460009438223e-07 1.975852532261882302e-03 -4.686445301874605520e-05 -1.006384852169771738e-05 -2.548786254618648514e-05 -1.191290454513166700e-03 -3.732865691806406790e-04 -1.775539535147252585e-05 -3.652573223173226965e-04 -2.952970364332046404e-05 -1.844896357387052844e-03 -2.710910003067064394e-05 6.542712276805286622e-07 -2.717028241315994796e-06 -4.595213639436303396e-04 -7.681549130988564721e-06 1.281947804596353813e-04 -9.536140438906296030e-07
-1.405801076683982216e-07 -2.587340486886359412e-07 -1.965011620521561598e-05 1.724677367139039969e-06 -2.181027952438428704e-05 -8.012495106115336853e-06 7.335300482788684304e-05 -2.060540293235441653e-05 -1.904279402842060857e-05 2.610831446834399865e-06 0.000000000000000000e+00 8.118207015745787289e-06 5.873480898824651773e-09 -9.286507482097206961e-06 4.566223029043404514e-07 4.761335883111994364e-07 -8.752916607894446928e-04 7.007857210762581073e-06 8.107665453876859349e-07 8.292634488177537871e-07 3.921574510260701087e-05 -2.603213552758662790e-06 -3.645037597204410807e-06 -1.694387739310293159e-05 -5.034243315216314123e-06 -1.034211630595358424e-04 -5.990603096383826292e-06 1.557845093164577791e-06 -6.782377987822740405e-06 6.138509697393174243e-05 -7.023709004759771010e-06 3.196389168169307691e-04 -2.377726760463463179e-06
-9.618988259968388006e-08 2.745243086345958757e-07 2.086204006530483813e-05 -2.108724737537781132e-05 3.384484866817468059e-04 4.092735186757400086e-05 -2.060540293235441653e-05 2.239669676988601584e-03 -9.159660694189479240e-06 -4.428018432673135969e-06 0.000000000000000000e+00 -8.548587853718816372e-06 -1.520957264019862117e-09 -3.025120457691039336e-05 2.676336756204932709e-05 -1.031356492390893845e-07 3.176774971793235036e-02 -1.372118550545308802e-04 -1.651640618391829641e-05 -2.469197977286123258e-06 -9.148457425515272787e-05 -3.551403138795595420e-05 4.490031578731340641e-05 -3.023317314433555936e-05 3.462752088444720039e-05 6.088742173254686274e-04 5.332838700805864467e-05 -1.694396523172680390e-06 7.196397976804964741e-06 -6.527049716823953972e-04 1.553395763159299590e-06 -3.393526948861257044e-04 2.524373414543477344e-06
1.984313625587964247e-07 3.322863807662591612e-07 2.524940863088020974e-05 1.056427279025450078e-06 -3.524685185734731038e-06 -1.252635406726440935e-05 -1.904279402842060857e-05 -9.159660694189479240e-06 9.526594761307610531e-05 4.966420671729996417e-06 0.000000000000000000e+00 -5.375366750153133506e-06 -5.673463956078726557e-09 6.902945600333108920e-04 -1.658367824296053345e-05 5.692092714440725625e-08 2.723526604837154738e-03 -1.416870255530358807e-06 6.744147471754307702e-08 1.593488535645949115e-06 7.574046645610529849e-05 6.828563422909288323e-05 7.228106768498453768e-06 8.476011744052104797e-05 1.113541980908606141e-05 4.241100527038368494e-04 1.077886531886637327e-05 -2.043827337907637923e-06 8.710559801753258200e-06 -3.628391750419278383e-05 9.453081926254401309e-06 -4.107198929897653943e-04 3.055259010203001993e-06
3.194458226784308820e-09 -4.861759919492519758e-09 -3.679370024222449466e-07 4.659839932665586480e-07 -5.166942474113825291e-06 -2.673043346011552656e-06 2.610831446834399865e-06 -4.428018432673135969e-06 4.966420671729996417e-06 2.348545058373126711e-06 0.000000000000000000e+00 7.086630433900201006e-07 7.081814538903434094e-11 1.196668380601092508e-05 8.054457853852974065e-07 -2.226992224841480044e-08 -7.192743644390477045e-05 1.843213788629146879e-06 3.180687133282503393e-07 3.136890193265291234e-07 1.401643454624814923e-05 7.073662180375231526e-06 2.432928024219197403e-08 6.691742625243704678e-06 2.239025019876781157e-07 2.516703231317716328e-05 -3.147428655308793701e-08 2.502698851051222582e-08 -1.274346286420169899e-07 1.509742377449419261e-05 8.633935183094402539e-09 5.985052896526845075e-06 -4.452155130725764710e-08
0.000000000000000000e+00 0.000000000000000000e+00 0.000000000000000000e+00 0.000000000000000000e+00 0.000000000000000000e+00 0.000000000000000000e+00 0.000000000000000000e+00 0.000000000000000000e+00 0.000000000000000000e+00 0.000000000000000000e+00 7.542184609733101662e-08 0.000000000000000000e+00 0.000000000000000000e+00 0.000000000000000000e+00 0.000000000000000000e+00 0.000000000000000000e+00 0.000000000000000000e+00 0.000000000000000000e+00 0.000000000000000000e+00 0.000000000000000000e+00 0.000000000000000000e+00 5.668714740104330886e-06 3.048956728484642284e-07 0.000000000000000000e+00 0.000000000000000000e+00 8.349153041199793739e-06 1.229684190727165916e-07 0.000000000000000000e+00 0.000000000000000000e+00 0.000000000000000000e+00 0.000000000000000000e+00 1.195007032223158460e-04 1.990640439186115897e-06
-1.766771029643072930e-07 -2.708775829222542552e-07 -2.278456818041729048e-05 -2.017442809597181538e-07 1.583970261270737997e-06 1.714548538520546163e-06 8.118207015745787289e-06 -8.548587853718816372e-06 -5.375366750153133506e-06 7.086630433900201006e-07 0.000000000000000000e+00 4.156313752325622177e-04 -1.141774859203343609e-10 -6.308247077673732634e-05 -5.533465322035851678e-05 2.936676032621880858e-08 -3.727645305500272891e-04 2.149289375072173990e-07 1.183097271267650659e-07 -1.856900966089145633e-07 -1.006757397294108918e-05 -1.666334065933084555e-05 -2.677095914604448175e-06 -2.971091857974523246e-05 -4.868531114043079306e-06 -1.687920266511813900e-04 -5.448589405910916403e-06 3.825733282157209704e-05 -3.509740792553376148e-06 3.222025790630288124e-04 -5.077895334074865354e-06 5.554336707726428672e-04 4.671064607772993469e-07
-2.829017542570419597e-11 -4.954469898598265807e-11 -3.757227555700637516e-09 6.180165123280213718e-11 -1.265898846468285981e-09 9.214794041571270919e-11 5.873480898824651773e-09 -1.520957264019862117e-09 -5.673463956078726557e-09 7.081814538903434094e-11 0.000000000000000000e+00 -1.141774859203343609e-10 6.982542922566578147e-13 -3.660569101778184981e-08 1.697315436681723243e-09 2.633942349732034484e-11 -2.067935818652340516e-07 5.594279197590968188e-10 5.972937459702506210e-11 -2.306747686233389622e-11 -1.171078203515359920e-09 -4.967161843628315639e-09 -7.690252810551370573e-10 -7.614021857606857869e-09 -1.212314618331941107e-09 -3.848780674833330456e-08 -1.246155680300398864e-09 1.814473747633630859e-10 -1.310823418390666313e-09 7.408156389888029145e-09 -1.388302695309370268e-09 6.049639892559754508e-08 -4.654633527622391123e-10
2.141541747838469956e-06 3.680507973876781776e-06 2.797055264412579836e-04 8.673909766285268981e-06 -3.298256522488502069e-05 -1.006471209908130313e-04 -9.286507482097206961e-06 -3.025120457691039336e-05 6.902945600333108920e-04 1.196668380601092508e-05 0.000000000000000000e+00 -6.308247077673732634e-05 -3.660569101778184981e-08 5.945547212326141723e-03 -2.073584496722528188e-04 2.154862065491223457e-06 2.315213395139967267e-02 -1.560245459602982335e-05 -1.492517353406304188e-06 1.247692210426977370e-05 6.073937775861758042e-04 6.309702405351193949e-04 6.767028222568422316e-05 8.187083664980231417e-04 1.096880258375024637e-04 4.067958299178093748e-03 1.059732480407322237e-04 -2.188763235445648610e-05 9.658735704915715587e-05 -5.291403093480343770e-04 1.034563843556583101e-04 -4.544395018361908033e-03 3.394015231801116722e-05
2.286446175818898891e-06 -4.174129032224070547e-07 -3.172764599041125172e-05 2.227881740276341498e-05 -2.224130422169606129e-04 -7.145231032715227380e-05 4.566223029043404514e-07 2.676336756204932709e-05 -1.658367824296053345e-05 8.054457853852974065e-07 0.000000000000000000e+00 -5.533465322035851678e-05 1.697315436681723243e-09 -2.073584496722528188e-04 8.193233551695841207e-03 5.635977822711742020e-07 -1.633548628930815922e-03 8.170374321581986080e-04 2.795317503873009251e-04 4.153059878194233413e-05 1.297596166831049337e-04 1.713683959234619386e-03 7.037429030160893796e-05 1.665402740203379998e-03 7.184964992338477296e-05 3.979012272486408090e-03 2.418435132401384739e-05 -3.272560772632649561e-06 -1.166275773499030238e-05 6.068636479624384128e-03 4.844326276926921073e-05 4.791884727837824134e-04 -4.483064032409793142e-06
1.657026790795027673e-10 -6.540960328351153737e-10 -4.965122835076378702e-08 4.168597833007070680e-08 -3.398872732893068187e-07 -3.317545460009438223e-07 4.761335883111994364e-07 -1.031356492390893845e-07 5.692092714440725625e-08 -2.226992224841480044e-08 0.000000000000000000e+00 2.936676032621880858e-08 2.633942349732034484e-11 2.154862065491223457e-06 5.635977822711742020e-07 5.249402360470332679e-09 2.395742894718899468e-06 1.205486519889218525e-07 3.270777581972413705e-08 4.250480641127545801e-08 1.875372772977870091e-06 6.800860814910421208e-07 2.852200839855640929e-08 6.176972876820469543e-07 4.191836872486988850e-08 2.901869945615295575e-06 3.391627248380174552e-08 4.229676283292943350e-09 -1.710010175352325945e-08 1.406210906605159666e-06 -5.173854106328115671e-09 8.100074899335717976e-07 -5.966871993409056632e-09
-3.061449363964638019e-07 1.760722002315954549e-05 1.337940196919470883e-03 -7.750337408142606889e-04 1.180123423693270508e-02 1.975852532261882302e-03 -8.752916607894446928e-04 3.176774971793235036e-02 2.723526604837154738e-03 -7.192743644390477045e-05 0.000000000000000000e+00 -3.727645305500272891e-04 -2.067935818652340516e-07 2.315213395139967267e-02 -1.633548628930815922e-03 2.395742894718899468e-06 6.775307517989279660e-01 -4.777437866972948990e-03 -6.152418861266844945e-04 -1.630019728323384154e-04 -6.572617722226208742e-03 -3.400193107130322114e-03 1.315292336519613631e-03 -2.758762922088424819e-03 1.078073932533683658e-03 1.250213887527770046e-02 1.700731861472345747e-03 -1.054442205088695753e-04 4.619153176502727555e-04 -2.779320922125087107e-02 2.409810224671328385e-04 -2.174522474758332213e-02 1.622160342327301150e-04
6.160952270473991846e-07 1.808201653905477975e-08 1.377268502135644507e-06 1.421640988492323438e-05 -1.907584505937077643e-04 -4.686445301874605520e-05 7.007857210762581073e-06 -1.372118550545308802e-04 -1.416870255530358807e-06 1.843213788629146879e-06 0.000000000000000000e+00 2.149289375072173990e-07 5.594279197590968188e-10 -1.560245459602982335e-05 8.170374321581986080e-04 1.205486519889218525e-07 -4.777437866972948990e-03 1.545970915770641257e-04 3.929414730877942583e-05 8.305330623382556224e-06 1.783100186718746937e-04 3.133634783933504208e-04 -2.357319912638334710e-06 3.145612645665089857e-04 4.572249686232993415e-06 7.145194728930456254e-04 -9.744333460380292240e-06 -9.684423620085440745e-08 4.771036112664017354e-07 1.447946418997620322e-03 1.507788720110149290e-05 -2.224579545163752974e-05 1.694026975297146696e-07
1.751911692652159960e-07 2.137868173488515633e-09 1.628794567011780811e-07 2.595197863251615083e-06 -3.097319479191831630e-05 -1.006384852169771738e-05 8.107665453876859349e-07 -1.651640618391829641e-05 6.744147471754307702e-08 3.180687133282503393e-07 0.000000000000000000e+00 1.183097271267650659e-07 5.972937459702506210e-11 -1.492517353406304188e-06 2.795317503873009251e-04 3.270777581972413705e-08 -6.152418861266844945e-04 3.929414730877942583e-05 1.174356415978708228e-05 2.349724510437491566e-06 4.033865833644677788e-05 8.720655451810674385e-05 1.887063313311638362e-06 8.647637948892406663e-05 3.049151657965224363e-06 2.194504987361340373e-04 5.743338413468040797e-08 -5.339894633375006915e-09 5.717608268335872103e-08 4.164337550975499326e-04 4.245432120042160734e-06 -2.591564527520198995e-06 2.071933196630254291e-08
4.668451429745109903e-08 1.212413815532008004e-08 9.218433068697619941e-07 3.109122849328580804e-06 -2.439714488081591879e-05 -2.548786254618648514e-05 8.292634488177537871e-07 -2.469197977286123258e-06 1.593488535645949115e-06 3.136890193265291234e-07 0.000000000000000000e+00 -1.856900966089145633e-07 -2.306747686233389622e-11 1.247692210426977370e-05 4.153059878194233413e-05 4.250480641127545801e-08 -1.630019728323384154e-04 8.305330623382556224e-06 2.349724510437491566e-06 3.270042545104686170e-06 1.449732681018805493e-04 5.227662669090213355e-05 2.746444450582595789e-06 5.106030240443171187e-05 4.124410742172699069e-06 2.440736311272105033e-04 3.755723774849089909e-06 -7.525462788209531173e-08 3.179707043526156276e-07 9.313170109075618285e-05 1.293941235249157267e-06 -1.498780389732199528e-05 1.116746333202153310e-07
1.226025152067913795e-06 5.870360749221142060e-07 4.463368683009590103e-05 1.404053867068778588e-04 -1.075374189718718418e-03 -1.191290454513166700e-03 3.921574510260701087e-05 -9.148457425515272787e-05 7.574046645610529849e-05 1.401643454624814923e-05 0.000000000000000000e+00 -1.006757397294108918e-05 -1.171078203515359920e-09 6.073937775861758042e-04 1.297596166831049337e-04 1.875372772977870091e-06 -6.572617722226208742e-03 1.783100186718746937e-04 4.033865833644677788e-05 1.449732681018805493e-04 6.855435325700825686e-03 2.019169603006750347e-03 1.139133941873899151e-04 1.967788694899825878e-03 1.766416600548634730e-04 1.049844710212856358e-02 1.735012417383245394e-04 -3.714571566258032452e-06 1.538671607221849666e-05 2.030595122045274550e-03 3.776006224442688872e-05 -7.261402264396726869e-04 5.398974953113606161e-06
2.250854292442779823e-06 1.316039285520401873e-06 1.000372705685612535e-04 5.509127745827248785e-05 -5.147938047637719413e-04 -3.732865691806406790e-04 -2.603213552758662790e-06 -3.551403138795595420e-05 6.828563422909288323e-05 7.073662180375231526e-06 5.668714740104330886e-06 -1.666334065933084555e-05 -4.967161843628315639e-09 6.309702405351193949e-04 1.713683959234619386e-03 6.800860814910421208e-07 -3.400193107130322114e-03 3.133634783933504208e-04 8.720655451810674385e-05 5.227662669090213355e-05 2.019169603006750347e-03 1.647592431280242445e-03 7.458683137826395556e-05 1.267923088468430942e-03 8.805173388277548745e-05 5.588451363196157533e-03 7.343978960296593738e-05 -6.929418389826301597e-06 3.465620317054848832e-05 3.376261952924827347e-03 7.283210215686903373e-05 7.362683613488693948e-03 1.618749626232369294e-04
1.119461569346279848e-07 1.402047259234424515e-07 1.065636369102397680e-05 5.994460058140256066e-07 1.271009496873075230e-05 -1.775539535147252585e-05 -3.645037597204410807e-06 4.490031578731340641e-05 7.228106768498453768e-06 2.432928024219197403e-08 3.048956728484642284e-07 -2.677095914604448175e-06 -7.690252810551370573e-10 6.767028222568422316e-05 7.037429030160893796e-05 2.852200839855640929e-08 1.315292336519613631e-03 -2.357319912638334710e-06 1.887063313311638362e-06 2.746444450582595789e-06 1.139133941873899151e-04 7.458683137826395556e-05 8.737895960130042826e-06 5.643484084213359339e-05 8.862423780933229904e-06 3.584007218380436946e-04 1.062518448675587630e-05 -7.979810320910135188e-07 3.684310817762814778e-06 5.297189441649910761e-05 4.676371478453391226e-06 3.101754054135183393e-04 9.345309704268176310e-06
2.609817522995332975e-06 1.949740442438013128e-06 1.481454606569134109e-04 5.478434174241390430e-05 -5.198589736409923697e-04 -3.652573223173226965e-04 -1.694387739310293159e-05 -3.023317314433555936e-05 8.476011744052104797e-05 6.691742625243704678e-06 0.000000000000000000e+00 -2.971091857974523246e-05 -7.614021857606857869e-09 8.187083664980231417e-04 1.665402740203379998e-03 6.176972876820469543e-07 -2.758762922088424819e-03 3.145612645665089857e-04 8.647637948892406663e-05 5.106030240443171187e-05 1.967788694899825878e-03 1.267923088468430942e-03 5.643484084213359339e-05 1.350280712422038823e-03 9.904663486900453569e-05 5.310725097810806844e-03 7.397888268748575510e-05 -1.057634297271895256e-05 5.128053561958038301e-05 3.262373850407234051e-03 9.039568536660142102e-05 -2.401098728003332045e-03 1.807805503300503435e-05
2.086150813727176528e-07 2.611533363781698870e-07 1.984442212282070515e-05 2.552495360435615303e-06 -8.247442539071886262e-06 -2.952970364332046404e-05 -5.034243315216314123e-06 3.462752088444720039e-05 1.113541980908606141e-05 2.239025019876781157e-07 0.000000000000000000e+00 -4.868531114043079306e-06 -1.212314618331941107e-09 1.096880258375024637e-04 7.184964992338477296e-05 4.191836872486988850e-08 1.078073932533683658e-03 4.572249686232993415e-06 3.049151657965224363e-06 4.124410742172699069e-06 1.766416600548634730e-04 8.805173388277548745e-05 8.862423780933229904e-06 9.904663486900453569e-05 1.230116881720322430e-05 5.035892548098393857e-04 1.270797189342223293e-05 -1.477428032508662843e-06 6.861771816729300804e-06 9.885924359274429307e-05 8.711140414190889650e-06 -3.219855541672107108e-04 2.415439963465128668e-06
9.241533459336251629e-06 9.079177611335023161e-06 6.900257484295179398e-04 2.223400513856080784e-04 -1.690772803031559976e-03 -1.844896357387052844e-03 -1.034211630595358424e-04 6.088742173254686274e-04 4.241100527038368494e-04 2.516703231317716328e-05 8.349153041199793739e-06 -1.687920266511813900e-04 -3.848780674833330456e-08 4.067958299178093748e-03 3.979012272486408090e-03 2.901869945615295575e-06 1.250213887527770046e-02 7.145194728930456254e-04 2.194504987361340373e-04 2.440736311272105033e-04 1.049844710212856358e-02 5.588451363196157533e-03 3.584007218380436946e-04 5.310725097810806844e-03 5.035892548098393857e-04 2.553283685911120204e-02 4.781802783167467437e-04 -5.188419042900559917e-05 2.385396926597597501e-04 8.195158232511512778e-03 3.506971652699794172e-04 2.031496567617147551e-03 3.043599771747556399e-04
1.492206681403388771e-07 2.488636098786011062e-07 1.891398066144154444e-05 1.138018827735477387e-06 1.401642977672000996e-05 -2.710910003067064394e-05 -5.990603096383826292e-06 5.332838700805864467e-05 1.077886531886637327e-05 -3.147428655308793701e-08 1.229684190727165916e-07 -5.448589405910916403e-06 -1.246155680300398864e-09 1.059732480407322237e-04 2.418435132401384739e-05 3.391627248380174552e-08 1.700731861472345747e-03 -9.744333460380292240e-06 5.743338413468040797e-08 3.755723774849089909e-06 1.735012417383245394e-04 7.343978960296593738e-05 1.062518448675587630e-05 7.397888268748575510e-05 1.270797189342223293e-05 4.781802783167467437e-04 1.493849163701843593e-05 -1.473641915554217328e-06 6.532192623204974279e-06 -2.509942817885713479e-05 7.102999097179244047e-06 -1.124051080755795106e-04 5.541980991460060671e-06
-4.320501710761727390e-08 -7.015445070925045059e-08 -5.528740112999171000e-06 -8.480046946855498785e-08 7.421768430997382640e-07 6.542712276805286622e-07 1.557845093164577791e-06 -1.694396523172680390e-06 -2.043827337907637923e-06 2.502698851051222582e-08 0.000000000000000000e+00 3.825733282157209704e-05 1.814473747633630859e-10 -2.188763235445648610e-05 -3.272560772632649561e-06 4.229676283292943350e-09 -1.054442205088695753e-04 -9.684423620085440745e-08 -5.339894633375006915e-09 -7.525462788209531173e-08 -3.714571566258032452e-06 -6.929418389826301597e-06 -7.979810320910135188e-07 -1.057634297271895256e-05 -1.477428032508662843e-06 -5.188419042900559917e-05 -1.473641915554217328e-06 3.701064131459206239e-06 -1.518653675076442977e-06 3.384649001583677977e-05 -1.761112282557520307e-06 1.064216413464074220e-04 -3.813447633703545336e-07
1.819717650425387666e-07 3.067868197195631291e-07 2.329756621031296382e-05 3.484633471362319118e-07 -3.014165265068915844e-06 -2.717028241315994796e-06 -6.782377987822740405e-06 7.196397976804964741e-06 8.710559801753258200e-06 -1.274346286420169899e-07 0.000000000000000000e+00 -3.509740792553376148e-06 -1.310823418390666313e-09 9.658735704915715587e-05 -1.166275773499030238e-05 -1.710010175352325945e-08 4.619153176502727555e-04 4.771036112664017354e-07 5.717608268335872103e-08 3.179707043526156276e-07 1.538671607221849666e-05 3.465620317054848832e-05 3.684310817762814778e-06 5.128053561958038301e-05 6.861771816729300804e-06 2.385396926597597501e-04 6.532192623204974279e-06 -1.518653675076442977e-06 8.081510392789360215e-06 -3.305405587071272511e-05 8.732560988008827336e-06 -3.769466927219569099e-04 2.854381718785454187e-06
1.149023029213020918e-05 -1.379448320774982447e-06 -1.048339364912655478e-04 1.144321905314375965e-04 -1.344114046890889595e-03 -4.595213639436303396e-04 6.138509697393174243e-05 -6.527049716823953972e-04 -3.628391750419278383e-05 1.509742377449419261e-05 0.000000000000000000e+00 3.222025790630288124e-04 7.408156389888029145e-09 -5.291403093480343770e-04 6.068636479624384128e-03 1.406210906605159666e-06 -2.779320922125087107e-02 1.447946418997620322e-03 4.164337550975499326e-04 9.313170109075618285e-05 2.030595122045274550e-03 3.376261952924827347e-03 5.297189441649910761e-05 3.262373850407234051e-03 9.885924359274429307e-05 8.195158232511512778e-03 -2.509942817885713479e-05 3.384649001583677977e-05 -3.305405587071272511e-05 2.987728032645476511e-02 2.598798473241797566e-04 1.864420189565096789e-03 -9.908974434021250918e-06
3.206122836162063379e-07 3.317054343634174254e-07 2.521253834216969963e-05 1.542913192157884270e-06 -1.690689693924651187e-05 -7.681549130988564721e-06 -7.023709004759771010e-06 1.553395763159299590e-06 9.453081926254401309e-06 8.633935183094402539e-09 0.000000000000000000e+00 -5.077895334074865354e-06 -1.388302695309370268e-09 1.034563843556583101e-04 4.844326276926921073e-05 -5.173854106328115671e-09 2.409810224671328385e-04 1.507788720110149290e-05 4.245432120042160734e-06 1.293941235249157267e-06 3.776006224442688872e-05 7.283210215686903373e-05 4.676371478453391226e-06 9.039568536660142102e-05 8.711140414190889650e-06 3.506971652699794172e-04 7.102999097179244047e-06 -1.761112282557520307e-06 8.732560988008827336e-06 2.598798473241797566e-04 1.242022017775750912e-05 -4.082161083394247078e-04 3.084014831742646030e-06
-8.582795808057664574e-06 -1.445668744910747631e-05 -1.098828888228044979e-03 -1.644552208148898479e-05 1.422939448148915673e-04 1.281947804596353813e-04 3.196389168169307691e-04 -3.393526948861257044e-04 -4.107198929897653943e-04 5.985052896526845075e-06 1.195007032223158460e-04 5.554336707726428672e-04 6.049639892559754508e-08 -4.544395018361908033e-03 4.791884727837824134e-04 8.100074899335717976e-07 -2.174522474758332213e-02 -2.224579545163752974e-05 -2.591564527520198995e-06 -1.498780389732199528e-05 -7.261402264396726869e-04 7.362683613488693948e-03 3.101754054135183393e-04 -2.401098728003332045e-03 -3.219855541672107108e-04 2.031496567617147551e-03 -1.124051080755795106e-04 1.064216413464074220e-04 -3.769466927219569099e-04 1.864420189565096789e-03 -4.082161083394247078e-04 2.075157681675515176e-01 3.022496120235972604e-03
6.384561515736994136e-08 1.075402612351062791e-07 8.173957285077836356e-06 1.223347843008268223e-07 -1.058494765930072746e-06 -9.536140438906296030e-07 -2.377726760463463179e-06 2.524373414543477344e-06 3.055259010203001993e-06 -4.452155130725764710e-08 1.990640439186115897e-06 4.671064607772993469e-07 -4.654633527622391123e-10 3.394015231801116722e-05 -4.483064032409793142e-06 -5.966871993409056632e-09 1.622160342327301150e-04 1.694026975297146696e-07 2.071933196630254291e-08 1.116746333202153310e-07 5.398974953113606161e-06 1.618749626232369294e-04 9.345309704268176310e-06 1.807805503300503435e-05 2.415439963465128668e-06 3.043599771747556399e-04 5.541980991460060671e-06 -3.813447633703545336e-07 2.854381718785454187e-06 -9.908974434021250918e-06 3.084014831742646030e-06 3.022496120235972604e-03 5.356540222642024087e-05
