3.737561666822602585e-07 4.184047406693340409e-07 7.871472098799162188e-06 1.297606373977362316e-07 -6.313573366668076639e-07 -1.141562159622339733e-06 -2.650941837438802811e-06 6.373508158302595952e-06 3.827950903430694987e-06 1.298193830291231291e-08 3.928240932912587019e-07 -1.899314158288892949e-06 -4.280212986069830125e-10 3.065618921076559170e-05 -3.785399774922238914e-06 -4.744679779581699365e-09 1.846447173022896170e-04 -4.071676991806121961e-11 1.583808824798661107e-08 1.182784305466021334e-07 6.862157372540634106e-06 1.354422361542759289e-05 1.300538437754422460e-06 1.313987571413570989e-05 1.870703262971966829e-06 6.679390971889869095e-05 1.918818574101378397e-06 -4.726851388788643641e-07 2.000348904996875706e-06 -3.027703250015251222e-06 2.226704773772067623e-06 -4.911011546059941587e-07 2.264769556727504741e-06
4.184047406693340409e-07 4.722478502825733607e-07 8.884135768611483604e-06 1.436309715401346710e-07 -8.596650270231179453e-07 -1.250779503166071005e-06 -2.977461118178450850e-06 6.607465351968550030e-06 4.311115288416508633e-06 1.510713219919215226e-08 4.433608522240266500e-07 -2.108806011075191463e-06 -4.819973123355688623e-10 3.455981280089709569e-05 -3.191071568125465931e-06 -5.438565399309077902e-09 2.012763066927479550e-04 -1.004876045713334099e-10 5.429559928385359484e-09 1.265421473563607102e-07 7.470617026888717795e-06 1.503790537414303915e-05 1.436179039468657183e-06 1.459785681696524198e-05 2.077656192491910931e-06 7.430700815924287217e-05 2.130037438073347975e-06 -5.303956004162825592e-07 2.258019418218167046e-06 -1.037969834884283956e-05 2.444990783586721524e-06 -5.542812422986415459e-07 2.556131810421419175e-06
7.871472098799162188e-06 8.884135768611483604e-06 1.671377664011671751e-04 2.702282803632887274e-06 -1.617422902500846251e-05 -2.353221546900213524e-05 -5.600715922206890042e-05 1.243066120268908629e-04 8.110184653072359312e-05 2.848056691138758834e-07 8.340973672673100293e-06 -4.032654822531507252e-05 -9.065087136418454617e-09 6.501575168046696456e-04 -6.003579307758136674e-05 -1.022871930135301933e-07 3.786544457082153137e-03 -1.889695062794601695e-09 1.021198672479285665e-07 2.380760747086316206e-06 1.405523556898951047e-04 2.829105726178937890e-04 2.701899381172876734e-05 2.746158701393236305e-04 3.908565599526002784e-05 1.397927166585208715e-03 4.007228721971087699e-05 -1.003687019418192878e-05 4.247410091352882879e-05 -1.952754658235144626e-04 4.599773917180521236e-05 -1.042772546578699913e-05 4.808865741676747257e-05
1.297606373977362316e-07 1.436309715401346710e-07 2.702282803632887274e-06 7.281044750306255939e-06 -4.672673611061797588e-05 -6.315363877965553718e-05 1.682122194524729494e-06 -1.682392764806407836e-05 2.764832404787549213e-06 3.044824806966791270e-07 1.348568322201877769e-07 -5.067225781566964449e-07 -5.465323982190607165e-11 2.209281749148382318e-05 -2.358022788302785512e-05 8.228041868002258803e-08 8.380341090113852930e-04 2.688378921351946808e-09 4.137031318015600968e-08 6.329305301735683025e-06 3.762490482427687162e-04 6.461815809450257404e-05 4.904324114170088252e-06 6.069722098717271225e-05 7.111563397506337571e-06 3.568802609949404069e-04 7.950569915215921382e-06 -1.638265495654005873e-07 6.865581146503232194e-07 1.899216599697944911e-06 7.932057251608891412e-07 -1.685954276760870829e-07 7.774972394642211818e-07
-6.313573366668076639e-07 -8.596650270231179453e-07 -1.617422902500846251e-05 -4.672673611061797588e-05 3.863039792350466783e-04 3.983834874306888397e-04 -1.635954742240722644e-05 3.250305570858900831e-04 -1.274463380380541381e-05 -2.343736732217724683e-06 -8.071713615555327603e-07 2.919916978864794970e-06 -2.032735789633799300e-10 -1.108112881631529600e-04 3.739063782665617581e-04 -5.068989996934286455e-07 -2.322137785814323493e-03 -2.120080230473981694e-07 6.162047781734702021e-06 -3.827189954140432292e-05 -2.347174720732785134e-03 -3.447551843401845304e-04 -1.853255359114870608e-05 -3.249525475357148353e-04 -3.366777055391960926e-05 -1.926381068977506663e-03 -3.588928005128688345e-05 9.851999616435924400e-07 -4.108834168921735971e-06 2.831587743400383128e-04 -1.863537603754240657e-06 1.009110170162115802e-06 -4.653627814416796220e-06
-1.141562159622339733e-06 -1.250779503166071005e-06 -2.353221546900213524e-05 -6.315363877965553718e-05 3.983834874306888397e-04 5.483293491521917112e-04 -1.414560419223373080e-05 1.285777859458229349e-04 -2.438094810336564666e-05 -2.609833420140311096e-06 -1.174370065563150991e-06 4.421713467150882181e-06 5.183248509249442828e-10 -1.941029904777964124e-04 1.867833448443922083e-04 -7.153643049727733639e-07 -7.513163495908970792e-03 -1.628815542809925252e-09 -8.706610311046768313e-07 -5.508599885809303793e-05 -3.268871528298229398e-03 -5.660580122736085960e-04 -4.357272879878046215e-05 -5.316205582884203857e-04 -6.264011455164678348e-05 -3.124544285018332219e-03 -7.017066191286379449e-05 1.426275926512815692e-06 -5.978774194239353327e-06 -3.999204891329400090e-05 -7.137113751787181854e-06 1.468174954090182931e-06 -6.770657956683647687e-06
-2.650941837438802811e-06 -2.977461118178450850e-06 -5.600715922206890042e-05 1.682122194524729494e-06 -1.635954742240722644e-05 -1.414560419223373080e-05 1.722866128841000349e-04 -4.468510006617487266e-05 -6.973092061194997924e-05 3.859724889663342466e-06 -2.795025030017535996e-06 1.607521435881898900e-05 1.327881656404444774e-08 -2.267755189625496066e-04 -8.893581873789478394e-06 8.853574539883442548e-07 -1.555764417530166102e-03 1.104577258408415538e-08 -4.049615118085931327e-07 1.311085599926637520e-06 8.258458086316344360e-05 -6.133388548479536833e-05 -7.161621410207155163e-06 -6.052059016791136339e-05 -9.633919899611922510e-06 -2.921524814135742650e-04 -1.024220616047854509e-05 3.277820975465469746e-06 -1.424187919391297296e-05 3.859056279568138392e-05 -1.567652838553569043e-05 3.494286737599447976e-06 -1.611430588495400875e-05
6.373508158302595952e-06 6.607465351968550030e-06 1.243066120268908629e-04 -1.682392764806407836e-05 3.250305570858900831e-04 1.285777859458229349e-04 -4.468510006617487266e-05 1.802853711453484761e-02 -5.823833639014592970e-05 -9.169431140756283238e-06 6.203494282476213139e-06 -3.502133972860444242e-05 -2.298165026181628541e-09 -2.217392778858550187e-04 8.018323623871805288e-04 -2.776839074605742382e-07 7.725861152343849181e-02 -4.405883405259802131e-07 1.606501586443416228e-05 -8.729051796862238928e-06 -7.000771273398672875e-04 6.507548893775847321e-04 8.923119846450658832e-05 6.523204405484739647e-04 8.042963240870461251e-05 2.950778539582167397e-03 8.562423757553611309e-05 -7.464576445978086379e-06 3.158960152899160744e-05 9.071140648705878400e-04 4.451522153245969754e-05 -7.755489688000672099e-06 3.576533424559643151e-05
3.827950903430694987e-06 4.311115288416508633e-06 8.110184653072359312e-05 2.764832404787549213e-06 -1.274463380380541381e-05 -2.438094810336564666e-05 -6.973092061194997924e-05 -5.823833639014592970e-05 2.398992161161080973e-04 8.786353440971545034e-06 4.047369910964744165e-06 -1.330484424513581618e-05 -1.487383055208188403e-08 1.518035006261468818e-03 -4.078872577425584223e-05 6.886855089243263106e-08 6.705898276138768169e-03 -9.639958474118257109e-09 3.876645199556060007e-07 2.539187532170089572e-06 1.467728054282217676e-04 1.897038773753950973e-04 1.782282529763027767e-05 1.835229523782544751e-04 2.475210560131713594e-05 9.300007083297917934e-04 2.481349360129724046e-05 -4.833720950489426608e-06 2.061395552405436124e-05 -7.772625496122861021e-05 2.248667549012576663e-05 -5.059944311823482837e-06 2.333451617584828049e-05
1.298193830291231291e-08 1.510713219919215226e-08 2.848056691138758834e-07 3.044824806966791270e-07 -2.343736732217724683e-06 -2.609833420140311096e-06 3.859724889663342466e-06 -9.169431140756283238e-06 8.786353440971545034e-06 2.873360316248502450e-06 1.421316461897064534e-08 7.671483671644857940e-07 -1.257796503438021596e-11 2.405930046255768773e-05 -4.847889937403071658e-06 -2.633182739460479226e-08 8.000214141217317420e-05 9.953083228779078768e-10 -2.724836046247789394e-08 2.541004674898916485e-07 1.543012049585686975e-05 5.684351471384692703e-06 4.070178430439639333e-07 5.429352824076418494e-06 5.949000099854348944e-07 2.834608766277802336e-05 5.391204703853194008e-07 -2.346109275835193650e-08 7.170820404890645960e-08 -1.206711458166800777e-06 6.982282076339822245e-08 -1.776902607116394308e-08 8.194391098596154444e-08
3.928240932912587019e-07 4.433608522240266500e-07 8.340973672673100293e-06 1.348568322201877769e-07 -8.071713615555327603e-07 -1.174370065563150991e-06 -2.795025030017535996e-06 6.203494282476213139e-06 4.047369910964744165e-06 1.421316461897064534e-08 5.074733649353437066e-07 -2.012487568188455522e-06 -4.523911906532801607e-10 3.244596866121809617e-05 -2.996073121356846728e-06 -5.104619993123981436e-09 1.889666728650736831e-04 -9.430481875845710561e-11 5.096269637392290650e-09 1.188113443177005863e-07 7.014234566397868246e-06 1.935384200531702824e-05 1.638807543722546027e-06 1.370464493005404427e-05 1.950561112879301489e-06 7.709534944868162698e-05 2.116208426147872500e-06 -5.008878115839423773e-07 2.119660715339859810e-06 -9.745179407528183318e-06 2.295507111861416779e-06 1.195986007419665777e-04 4.387670079669975880e-06
-1.899314158288892949e-06 -2.108806011075191463e-06 -4.032654822531507252e-05 -5.067225781566964449e-07 2.919916978864794970e-06 4.421713467150882181e-06 1.607521435881898900e-05 -3.502133972860444242e-05 -1.330484424513581618e-05 7.671483671644857940e-07 -2.012487568188455522e-06 2.366861982381720294e-03 -5.795565375268915848e-09 -4.504987237885746160e-05 -4.390813225514131704e-04 7.412598383071630281e-08 -5.440243758526008269e-04 2.150675356757785719e-06 7.249606666564139878e-07 -3.500802856628580177e-07 -2.797752567773354078e-05 3.272882395309224688e-05 -6.904306556824754257e-07 3.326982527057823034e-05 4.129082863577457805e-07 -2.758071621574675791e-05 -4.422617033804179085e-06 2.129967719860117016e-04 1.432506266106086381e-05 2.053262599999335948e-03 1.122226633281013064e-05 1.325572032945805060e-03 1.299451983718374740e-05
-4.280212986069830125e-10 -4.819973123355688623e-10 -9.065087136418454617e-09 -5.465323982190607165e-11 -2.032735789633799300e-10 5.183248509249442828e-10 1.327881656404444774e-08 -2.298165026181628541e-09 -1.487383055208188403e-08 -1.257796503438021596e-11 -4.523911906532801607e-10 -5.795565375268915848e-09 1.518357279567970684e-12 -8.698326440663473330e-08 3.455627121270280153e-09 4.398113618093024558e-11 -4.288153159424626932e-07 -6.247516494483938430e-12 -4.412567287438769669e-11 -6.289742478525399050e-11 -3.251116777375030799e-09 -1.586911969588674659e-08 -1.567403425258690233e-09 -1.543955349331968232e-08 -2.188393992309450549e-09 -7.686175772283243566e-08 -2.226561183290084516e-09 -1.676096622763241835e-10 -2.386691777863988694e-09 1.646644487168850645e-09 -2.591347106904982039e-09 -3.869822421602890126e-09 -2.690654252562529147e-09
3.065618921076559170e-05 3.455981280089709569e-05 6.501575168046696456e-04 2.209281749148382318e-05 -1.108112881631529600e-04 -1.941029904777964124e-04 -2.267755189625496066e-04 -2.217392778858550187e-04 1.518035006261468818e-03 2.405930046255768773e-05 3.244596866121809617e-05 -4.504987237885746160e-05 -8.698326440663473330e-08 1.085741931740559843e-02 -3.193228433899682997e-04 2.949833284696122321e-06 4.806426570976064100e-02 1.420642160816780472e-07 2.500115189959612455e-06 2.005555512722834172e-05 1.165676391170032385e-03 1.474771537236646600e-03 1.377821313642287970e-04 1.426208811530617002e-03 1.935145852197692824e-04 7.248414211039836547e-03 1.944918340071724106e-04 -3.220943586335380784e-05 1.660199290385060080e-04 -6.200355501779209171e-04 1.803829497621729425e-04 2.575551633221860533e-06 1.878644663350278196e-04
-3.785399774922238914e-06 -3.191071568125465931e-06 -6.003579307758136674e-05 -2.358022788302785512e-05 3.739063782665617581e-04 1.867833448443922083e-04 -8.893581873789478394e-06 8.018323623871805288e-04 -4.078872577425584223e-05 -4.847889937403071658e-06 -2.996073121356846728e-06 -4.390813225514131704e-04 3.455627121270280153e-09 -3.193228433899682997e-04 1.040780808758200691e-02 2.663316808036570611e-07 7.177826766658340109e-03 7.193306679443599912e-04 2.683467730373736786e-04 1.857197810690460515e-05 -1.561742582285926152e-03 1.239507791767047694e-03 8.593272502590311435e-05 1.221541519789911667e-03 6.495134418895012274e-05 2.492783930744492914e-03 4.065670160529880663e-05 -3.674143962331737702e-05 -1.998121943933077157e-05 -2.269145578390704444e-03 -3.996619009734394987e-05 -2.585986380768593817e-04 -2.215071812150500987e-05
-4.744679779581699365e-09 -5.438565399309077902e-09 -1.022871930135301933e-07 8.228041868002258803e-08 -5.068989996934286455e-07 -7.153643049727733639e-07 8.853574539883442548e-07 -2.776839074605742382e-07 6.886855089243263106e-08 -2.633182739460479226e-08 -5.104619993123981436e-09 7.412598383071630281e-08 4.398113618093024558e-11 2.949833284696122321e-06 2.663316808036570611e-07 8.100119453572082461e-09 1.843320767187031571e-05 3.959509501793248691e-08 1.590369321031711555e-08 7.391859742079200103e-08 4.239955653535129182e-06 7.672137919164620011e-07 5.412924088641985844e-08 7.186639069668888890e-07 7.523085952902039467e-08 3.996858059312901823e-06 8.019405450807211394e-08 8.883054677027358148e-09 -2.566927332955387871e-08 2.968184521536362420e-07 -2.637422400816825012e-08 2.619796088856254043e-08 -2.906152766477626965e-08
1.846447173022896170e-04 2.012763066927479550e-04 3.786544457082153137e-03 8.380341090113852930e-04 -2.322137785814323493e-03 -7.513163495908970792e-03 -1.555764417530166102e-03 7.725861152343849181e-02 6.705898276138768169e-03 8.000214141217317420e-05 1.889666728650736831e-04 -5.440243758526008269e-04 -4.288153159424626932e-07 4.806426570976064100e-02 7.177826766658340109e-03 1.843320767187031571e-05 7.012021879997289986e-01 2.150546445045715157e-04 3.096052752710026215e-04 8.216075749786339553e-04 4.553158222273119560e-02 1.849235625215091966e-02 1.855877473143188608e-03 1.771832558810861047e-02 2.287546498258368702e-03 9.359385225302813138e-02 2.473210380144905129e-03 -2.062250739972144821e-04 9.647284289445189932e-04 8.577037266549071906e-03 1.169662118096453755e-03 -1.041677089179230157e-04 1.091915001681878754e-03
-4.071676991806121961e-11 -1.004876045713334099e-10 -1.889695062794601695e-09 2.688378921351946808e-09 -2.120080230473981694e-07 -1.628815542809925252e-09 1.104577258408415538e-08 -4.405883405259802131e-07 -9.639958474118257109e-09 9.953083228779078768e-10 -9.430481875845710561e-11 2.150675356757785719e-06 -6.247516494483938430e-12 1.420642160816780472e-07 7.193306679443599912e-04 3.959509501793248691e-08 2.150546445045715157e-04 5.760386627527331357e-05 2.014520453217007127e-05 2.639528870310954903e-06 -4.138903720102945409e-05 1.127746353105550469e-04 6.352290927010897880e-06 1.110442245777617718e-04 5.945246131520767718e-06 2.626197680115580644e-04 3.343444532449748034e-06 1.921773448541228162e-07 2.200920149664189664e-08 2.050596689165559431e-06 2.162819609537700153e-08 1.248412044525961770e-06 2.266360558901233195e-08
1.583808824798661107e-08 5.429559928385359484e-09 1.021198672479285665e-07 4.137031318015600968e-08 6.162047781734702021e-06 -8.706610311046768313e-07 -4.049615118085931327e-07 1.606501586443416228e-05 3.876645199556060007e-07 -2.724836046247789394e-08 5.096269637392290650e-09 7.249606666564139878e-07 -4.412567287438769669e-11 2.500115189959612455e-06 2.683467730373736786e-04 1.590369321031711555e-08 3.096052752710026215e-04 2.014520453217007127e-05 7.533609545416321316e-06 1.135334626892503782e-06 -7.325138209840862710e-06 4.508368828647538971e-05 3.223052910834591906e-06 4.405342433994347971e-05 3.019946111719112934e-06 1.212465170927848617e-04 2.351777358302969608e-06 6.137835095853510165e-08 3.385295515091611929e-08 2.291739668668587074e-05 2.544167333077085197e-07 4.305265242276703015e-07 3.750425440741529490e-08
1.182784305466021334e-07 1.265421473563607102e-07 2.380760747086316206e-06 6.329305301735683025e-06 -3.827189954140432292e-05 -5.508599885809303793e-05 1.311085599926637520e-06 -8.729051796862238928e-06 2.539187532170089572e-06 2.541004674898916485e-07 1.188113443177005863e-07 -3.500802856628580177e-07 -6.289742478525399050e-11 2.005555512722834172e-05 1.857197810690460515e-05 7.391859742079200103e-08 8.216075749786339553e-04 2.639528870310954903e-06 1.135334626892503782e-06 5.687093258829672205e-06 3.270052334602726023e-04 6.325322365564371393e-05 4.907574384028448097e-06 5.961924053126372263e-05 6.781195536362618491e-06 3.322104221566128820e-04 7.477436840217199992e-06 -1.353268132930886080e-07 6.059234949781585022e-07 9.784095886987865471e-06 7.783491894135037512e-07 -9.081382451330906515e-08 6.860624572039290677e-07
6.862157372540634106e-06 7.470617026888717795e-06 1.405523556898951047e-04 3.762490482427687162e-04 -2.347174720732785134e-03 -3.268871528298229398e-03 8.258458086316344360e-05 -7.000771273398672875e-04 1.467728054282217676e-04 1.543012049585686975e-05 7.014234566397868246e-06 -2.797752567773354078e-05 -3.251116777375030799e-09 1.165676391170032385e-03 -1.561742582285926152e-03 4.239955653535129182e-06 4.553158222273119560e-02 -4.138903720102945409e-05 -7.325138209840862710e-06 3.270052334602726023e-04 1.952530017552904854e-02 3.312703277532287258e-03 2.589554025489224217e-04 3.107151805853516132e-03 3.725530213245166109e-04 1.853716096567895044e-02 4.202429047553330236e-04 -8.654396299469537375e-06 3.569391065525200410e-05 3.264398196415956260e-04 4.348414570985208784e-05 -9.659371623168608984e-06 4.042298621227926112e-05
1.354422361542759289e-05 1.503790537414303915e-05 2.829105726178937890e-04 6.461815809450257404e-05 -3.447551843401845304e-04 -5.660580122736085960e-04 -6.133388548479536833e-05 6.507548893775847321e-04 1.897038773753950973e-04 5.684351471384692703e-06 1.935384200531702824e-05 3.272882395309224688e-05 -1.586911969588674659e-08 1.474771537236646600e-03 1.239507791767047694e-03 7.672137919164620011e-07 1.849235625215091966e-02 1.127746353105550469e-04 4.508368828647538971e-05 6.325322365564371393e-05 3.312703277532287258e-03 1.581788154691544934e-03 1.246232620086882127e-04 1.227796493855847458e-03 1.437350323095554271e-04 6.478945980121284323e-03 1.557506797545120554e-04 -8.255522578741609894e-06 7.291786522803695597e-05 2.025469678114323493e-04 8.319374834379341483e-05 6.935132467317762714e-03 1.965665986814255214e-04
1.300538437754422460e-06 1.436179039468657183e-06 2.701899381172876734e-05 4.904324114170088252e-06 -1.853255359114870608e-05 -4.357272879878046215e-05 -7.161621410207155163e-06 8.923119846450658832e-05 1.782282529763027767e-05 4.070178430439639333e-07 1.638807543722546027e-06 -6.904306556824754257e-07 -1.567403425258690233e-09 1.377821313642287970e-04 8.593272502590311435e-05 5.412924088641985844e-08 1.855877473143188608e-03 6.352290927010897880e-06 3.223052910834591906e-06 4.907574384028448097e-06 2.589554025489224217e-04 1.246232620086882127e-04 1.088598588409812250e-05 1.032797151478113973e-04 1.296282399547408234e-05 5.484032593947741480e-04 1.413996971132896734e-05 -1.123343568711723429e-06 6.924697196828030982e-06 3.024716392167331385e-05 8.047691255580803908e-06 3.840745601768604466e-04 1.416439631412004600e-05
1.313987571413570989e-05 1.459785681696524198e-05 2.746158701393236305e-04 6.069722098717271225e-05 -3.249525475357148353e-04 -5.316205582884203857e-04 -6.052059016791136339e-05 6.523204405484739647e-04 1.835229523782544751e-04 5.429352824076418494e-06 1.370464493005404427e-05 3.326982527057823034e-05 -1.543955349331968232e-08 1.426208811530617002e-03 1.221541519789911667e-03 7.186639069668888890e-07 1.771832558810861047e-02 1.110442245777617718e-04 4.405342433994347971e-05 5.961924053126372263e-05 3.107151805853516132e-03 1.227796493855847458e-03 1.032797151478113973e-04 1.177214194300595573e-03 1.374668897346535354e-04 5.782591281823745884e-03 1.422195522095963697e-04 -7.873899661187208309e-06 7.079426931441010142e-05 1.816176629597712473e-04 8.060735494318552966e-05 3.786275688968960683e-05 8.003455876902955391e-05
1.870703262971966829e-06 2.077656192491910931e-06 3.908565599526002784e-05 7.111563397506337571e-06 -3.366777055391960926e-05 -6.264011455164678348e-05 -9.633919899611922510e-06 8.042963240870461251e-05 2.475210560131713594e-05 5.949000099854348944e-07 1.950561112879301489e-06 4.129082863577457805e-07 -2.188393992309450549e-09 1.935145852197692824e-04 6.495134418895012274e-05 7.523085952902039467e-08 2.287546498258368702e-03 5.945246131520767718e-06 3.019946111719112934e-06 6.781195536362618491e-06 3.725530213245166109e-04 1.437350323095554271e-04 1.296282399547408234e-05 1.374668897346535354e-04 1.743500991568607510e-05 7.137499642787385225e-04 1.850449840978210541e-05 -1.498228159586230108e-06 1.003191468055517370e-05 2.324510063668298277e-05 1.144241997351379859e-05 2.980320508236416568e-06 1.134641679316009743e-05
6.679390971889869095e-05 7.430700815924287217e-05 1.397927166585208715e-03 3.568802609949404069e-04 -1.926381068977506663e-03 -3.124544285018332219e-03 -2.921524814135742650e-04 2.950778539582167397e-03 9.300007083297917934e-04 2.834608766277802336e-05 7.709534944868162698e-05 -2.758071621574675791e-05 -7.686175772283243566e-08 7.248414211039836547e-03 2.492783930744492914e-03 3.996858059312901823e-06 9.359385225302813138e-02 2.626197680115580644e-04 1.212465170927848617e-04 3.322104221566128820e-04 1.853716096567895044e-02 6.478945980121284323e-03 5.484032593947741480e-04 5.782591281823745884e-03 7.137499642787385225e-04 3.091078049590238394e-02 7.683735136990547943e-04 -5.771700566294695514e-05 3.583195423542074524e-04 5.652751460305040524e-04 4.065911794505539011e-04 9.739881776225029278e-03 5.651769015935815014e-04
1.918818574101378397e-06 2.130037438073347975e-06 4.007228721971087699e-05 7.950569915215921382e-06 -3.588928005128688345e-05 -7.017066191286379449e-05 -1.024220616047854509e-05 8.562423757553611309e-05 2.481349360129724046e-05 5.391204703853194008e-07 2.116208426147872500e-06 -4.422617033804179085e-06 -2.226561183290084516e-09 1.944918340071724106e-04 4.065670160529880663e-05 8.019405450807211394e-08 2.473210380144905129e-03 3.343444532449748034e-06 2.351777358302969608e-06 7.477436840217199992e-06 4.202429047553330236e-04 1.557506797545120554e-04 1.413996971132896734e-05 1.422195522095963697e-04 1.850449840978210541e-05 7.683735136990547943e-04 2.007380128868225242e-05 -1.965639227601326020e-06 1.023500190848899803e-05 2.153425040395387979e-05 1.170330316571702078e-05 1.536663637797797664e-04 1.411971636028160007e-05
-4.726851388788643641e-07 -5.303956004162825592e-07 -1.003687019418192878e-05 -1.638265495654005873e-07 9.851999616435924400e-07 1.426275926512815692e-06 3.277820975465469746e-06 -7.464576445978086379e-06 -4.833720950489426608e-06 -2.346109275835193650e-08 -5.008878115839423773e-07 2.129967719860117016e-04 -1.676096622763241835e-10 -3.220943586335380784e-05 -3.674143962331737702e-05 8.883054677027358148e-09 -2.062250739972144821e-04 1.921773448541228162e-07 6.137835095853510165e-08 -1.353268132930886080e-07 -8.654396299469537375e-06 -8.255522578741609894e-06 -1.123343568711723429e-06 -7.873899661187208309e-06 -1.498228159586230108e-06 -5.771700566294695514e-05 -1.965639227601326020e-06 1.941789472501132511e-05 -3.550087871704706690e-07 1.910022600121558339e-04 -7.676520506730763020e-07 1.188347249772993383e-04 -6.901548178674511789e-07
2.000348904996875706e-06 2.258019418218167046e-06 4.247410091352882879e-05 6.865581146503232194e-07 -4.108834168921735971e-06 -5.978774194239353327e-06 -1.424187919391297296e-05 3.158960152899160744e-05 2.061395552405436124e-05 7.170820404890645960e-08 2.119660715339859810e-06 1.432506266106086381e-05 -2.386691777863988694e-09 1.660199290385060080e-04 -1.998121943933077157e-05 -2.566927332955387871e-08 9.647284289445189932e-04 2.200920149664189664e-08 3.385295515091611929e-08 6.059234949781585022e-07 3.569391065525200410e-05 7.291786522803695597e-05 6.924697196828030982e-06 7.079426931441010142e-05 1.003191468055517370e-05 3.583195423542074524e-04 1.023500190848899803e-05 -3.550087871704706690e-07 1.105008937716252211e-05 -2.863299427350950217e-05 1.192278333647939197e-05 1.119137401555610380e-05 1.247791943729178728e-05
-3.027703250015251222e-06 -1.037969834884283956e-05 -1.952754658235144626e-04 1.899216599697944911e-06 2.831587743400383128e-04 -3.999204891329400090e-05 3.859056279568138392e-05 9.071140648705878400e-04 -7.772625496122861021e-05 -1.206711458166800777e-06 -9.745179407528183318e-06 2.053262599999335948e-03 1.646644487168850645e-09 -6.200355501779209171e-04 -2.269145578390704444e-03 2.968184521536362420e-07 8.577037266549071906e-03 2.050596689165559431e-06 2.291739668668587074e-05 9.784095886987865471e-06 3.264398196415956260e-04 2.025469678114323493e-04 3.024716392167331385e-05 1.816176629597712473e-04 2.324510063668298277e-05 5.652751460305040524e-04 2.153425040395387979e-05 1.910022600121558339e-04 -2.863299427350950217e-05 1.450101716082061870e-02 8.837544691149832102e-05 1.177159886372599338e-03 -3.452606655724290639e-05
2.226704773772067623e-06 2.444990783586721524e-06 4.599773917180521236e-05 7.932057251608891412e-07 -1.863537603754240657e-06 -7.137113751787181854e-06 -1.567652838553569043e-05 4.451522153245969754e-05 2.248667549012576663e-05 6.982282076339822245e-08 2.295507111861416779e-06 1.122226633281013064e-05 -2.591347106904982039e-09 1.803829497621729425e-04 -3.996619009734394987e-05 -2.637422400816825012e-08 1.169662118096453755e-03 2.162819609537700153e-08 2.544167333077085197e-07 7.783491894135037512e-07 4.348414570985208784e-05 8.319374834379341483e-05 8.047691255580803908e-06 8.060735494318552966e-05 1.144241997351379859e-05 4.065911794505539011e-04 1.170330316571702078e-05 -7.676520506730763020e-07 1.192278333647939197e-05 8.837544691149832102e-05 1.407686175950861337e-05 1.009161275045726222e-05 1.347537717329726946e-05
-4.911011546059941587e-07 -5.542812422986415459e-07 -1.042772546578699913e-05 -1.685954276760870829e-07 1.009110170162115802e-06 1.468174954090182931e-06 3.494286737599447976e-06 -7.755489688000672099e-06 -5.059944311823482837e-06 -1.776902607116394308e-08 1.195986007419665777e-04 1.325572032945805060e-03 -3.869822421602890126e-09 2.575551633221860533e-06 -2.585986380768593817e-04 2.619796088856254043e-08 -1.041677089179230157e-04 1.248412044525961770e-06 4.305265242276703015e-07 -9.081382451330906515e-08 -9.659371623168608984e-06 6.935132467317762714e-03 3.840745601768604466e-04 3.786275688968960683e-05 2.980320508236416568e-06 9.739881776225029278e-03 1.536663637797797664e-04 1.188347249772993383e-04 1.119137401555610380e-05 1.177159886372599338e-03 1.009161275045726222e-05 1.591108347979900417e-01 2.629238344905988640e-03
2.264769556727504741e-06 2.556131810421419175e-06 4.808865741676747257e-05 7.774972394642211818e-07 -4.653627814416796220e-06 -6.770657956683647687e-06 -1.611430588495400875e-05 3.576533424559643151e-05 2.333451617584828049e-05 8.194391098596154444e-08 4.387670079669975880e-06 1.299451983718374740e-05 -2.690654252562529147e-09 1.878644663350278196e-04 -2.215071812150500987e-05 -2.906152766477626965e-08 1.091915001681878754e-03 2.266360558901233195e-08 3.750425440741529490e-08 6.860624572039290677e-07 4.042298621227926112e-05 1.965665986814255214e-04 1.416439631412004600e-05 8.003455876902955391e-05 1.134641679316009743e-05 5.651769015935815014e-04 1.411971636028160007e-05 -6.901548178674511789e-07 1.247791943729178728e-05 -3.452606655724290639e-05 1.347537717329726946e-05 2.629238344905988640e-03 5.742794082074218528e-05
