1.836407828872029816e-07 2.081877925014278059e-07 4.552785621187083416e-06 4.649451332589058026e-08 -3.623256703229819797e-07 -5.306767822742655737e-07 -1.185815391661749754e-06 2.431097768036478593e-06 1.532078767681558145e-06 -1.181111888611777738e-08 1.937011986935591522e-07 -1.206585088005881508e-06 -2.046377255115617095e-10 1.322426805964419823e-05 -2.724376459585923143e-06 -2.758227091748393835e-09 8.421678126805379931e-05 1.554846453844014049e-10 6.676202545501716296e-09 5.666525029012191854e-08 2.685767059104468617e-06 8.333823063118815915e-06 7.748457010629949547e-07 8.099134448376773502e-06 1.127639576434939350e-06 4.188697762357417444e-05 1.157873054824909550e-06 -2.939180672135133983e-07 1.239864438544944091e-06 -2.452548255122329396e-07 1.396109027026024548e-06 -3.039241262073097482e-07 1.403927631523301595e-06
2.081877925014278059e-07 2.396238266526903759e-07 5.239940843840125012e-06 5.280705684825914222e-08 -5.546796313456406608e-07 -5.916869501325290780e-07 -1.354521433730147740e-06 2.513606936962649261e-06 1.758240239461115121e-06 -1.332111600536087274e-08 2.229366605385051308e-07 -1.355312186307649056e-06 -2.348390353362071259e-10 1.520876978000740396e-05 -2.057242991005580850e-06 -3.242095850446059754e-09 9.173735721392347253e-05 1.017948423043821559e-10 -3.497474270819803109e-09 5.958548455067979221e-08 2.917166069083870922e-06 9.355927590895024134e-06 8.631335965600877732e-07 9.100973432536023581e-06 1.267008601181562646e-06 4.717814452297921092e-05 1.300407555953209011e-06 -3.353101085264947400e-07 1.427310187432696912e-06 -7.023243176941222027e-06 1.541052770786903708e-06 -3.497956141248885432e-07 1.615823443120205273e-06
4.552785621187083416e-06 5.239940843840125012e-06 1.145904409793268924e-04 1.154889507416907604e-06 -1.213114358385614872e-05 -1.294016040366397371e-05 -2.961567450679747189e-05 5.497005319886992802e-05 3.844775768161531762e-05 -2.908413243081279422e-07 4.875324169278971617e-06 -3.036639048626793084e-05 -5.132765134155093102e-09 3.325824727544046287e-04 -4.499078268885498607e-05 -7.087747921067498472e-08 2.006110607984249502e-03 2.226928328857296809e-09 -7.651331936476254683e-08 1.303123342447720690e-06 6.379808810530561826e-05 2.046022347352920666e-04 1.887557399785145845e-05 1.990082937793773198e-04 2.770607336805376087e-05 1.031698737945329573e-03 2.843777345370770282e-05 -7.397880317492011369e-06 3.120650618523024560e-05 -1.535903273712156648e-04 3.370073188628149843e-05 -7.649558433913581661e-06 3.533588000512320108e-05
4.649451332589058026e-08 5.280705684825914222e-08 1.154889507416907604e-06 2.531774656793001159e-06 -2.565773702667033113e-05 -2.844000317430706839e-05 6.500505229601382246e-07 -5.585302919370593239e-07 1.729681109236403627e-06 2.274231176945576318e-07 4.913551846241799294e-08 -2.113788717127095211e-07 -4.127578690181408422e-11 1.056764216916152434e-05 -1.245462870792220818e-05 3.521913623888025454e-08 2.121659884549068455e-04 4.861883626193067913e-09 -9.542982562220765428e-08 2.887945588050910180e-06 1.407316990109190038e-04 2.586314647375382724e-05 1.720034368941019505e-06 2.446522827483758753e-05 2.682020270681035193e-06 1.440887833173022507e-04 2.815129314180829870e-06 -7.523655174022239680e-08 3.144407458680934730e-07 -2.514986656743548751e-07 3.522993164710024163e-07 -7.709539029778884712e-08 3.561295052579651060e-07
-3.623256703229819797e-07 -5.546796313456406608e-07 -1.213114358385614872e-05 -2.565773702667033113e-05 3.362665074870632730e-04 2.823049799943932927e-04 -1.002193712423268685e-05 1.130256537818989621e-04 -1.513052524181747636e-05 -2.598737630850351749e-06 -5.161273227496995741e-07 2.204717001883556146e-06 1.193780014125967414e-10 -9.570607469365529480e-05 3.280602277843191572e-04 -3.323430669019271157e-07 1.646284947635934812e-04 -2.245012774546942529e-07 6.795686954123808167e-06 -2.673043838499426699e-05 -1.355030915701844769e-03 -1.913922374661343212e-04 -5.356410728561464292e-06 -1.825172055205660478e-04 -1.581171159378278780e-05 -1.081206247227545431e-03 -1.417938827423537580e-05 7.932693248421068072e-07 -3.302623279225018325e-06 2.707050622652114780e-04 -1.085101354593513058e-06 8.098222759401905593e-07 -3.740841123749550919e-06
-5.306767822742655737e-07 -5.916869501325290780e-07 -1.294016040366397371e-05 -2.844000317430706839e-05 2.823049799943932927e-04 3.199331165580605136e-04 -7.036003111496322358e-06 -2.051048805352337164e-06 -1.961600351574453946e-05 -2.531892038151492667e-06 -5.505474647899404670e-07 2.369652637030940820e-06 4.868398697563209523e-10 -1.195933019192966433e-04 1.243150272490949938e-04 -3.975285087443241948e-07 -2.562844802534896931e-03 -3.304181283304875619e-08 6.225460222806106287e-07 -3.263754214462379663e-05 -1.586401381333737244e-03 -2.959959884002628006e-04 -2.025746691445865104e-05 -2.798825603817397785e-04 -3.100890156928008646e-05 -1.647951543517043801e-03 -3.273589546126450954e-05 8.427704996142565728e-07 -3.523230273577132690e-06 -1.785329988913948826e-05 -4.149089505242280383e-06 8.638287129890270753e-07 -3.990314998032073035e-06
-1.185815391661749754e-06 -1.354521433730147740e-06 -2.961567450679747189e-05 6.500505229601382246e-07 -1.002193712423268685e-05 -7.036003111496322358e-06 9.532734191395038988e-05 -1.350804985207381732e-05 -2.620125769615601504e-05 2.510874242001680426e-06 -1.260017960298599166e-06 9.537432753043347824e-06 6.996080814267463025e-09 -9.774708881170091112e-06 -7.226219630402511544e-06 5.641000327561455038e-07 -5.171952449949308341e-04 7.756405908168490062e-09 -2.874968137853540000e-07 6.272028231426512287e-07 3.292897197721868235e-05 -3.882491522465781263e-05 -4.359795772241974098e-06 -3.810261971742471789e-05 -5.858054482834851477e-06 -1.947119994909592621e-04 -6.435415175201139757e-06 1.855319641985374009e-06 -8.071214879444059761e-06 2.022325861107276848e-05 -8.899875907934583192e-06 1.977013359611824764e-06 -9.132488815814682214e-06
2.431097768036478593e-06 2.513606936962649261e-06 5.497005319886992802e-05 -5.585302919370593239e-07 1.130256537818989621e-04 -2.051048805352337164e-06 -1.350804985207381732e-05 5.906550388642429865e-03 -2.618120748524378804e-05 -1.786820395143667758e-06 2.338736343595627175e-06 -1.605255230040739535e-05 -6.794249107739254536e-10 -1.017316787224269674e-04 3.509172271771411004e-04 -7.794321286723920932e-08 3.500715831445518067e-02 -2.279419324696830602e-07 8.235476818377894162e-06 2.935725415797436715e-06 6.917465518085235982e-05 3.234407237424546185e-04 4.143153043598546951e-05 3.186197969755696522e-04 3.949853901373790002e-05 1.541780407763411551e-03 4.292202862074359252e-05 -3.557097727074400954e-06 1.496916924798332278e-05 4.517428446791689348e-04 2.129310447483343153e-05 -3.669561182122726171e-06 1.695093575964975516e-05
1.532078767681558145e-06 1.758240239461115121e-06 3.844775768161531762e-05 1.729681109236403627e-06 -1.513052524181747636e-05 -1.961600351574453946e-05 -2.620125769615601504e-05 -2.618120748524378804e-05 1.236371258675784133e-04 5.498699911534420793e-06 1.635784631578274599e-06 -6.527665222718520723e-06 -6.865601755094112073e-09 6.966488044262534891e-04 -2.504652874271550832e-05 6.347276210915098059e-08 3.280872091679884819e-03 -2.456101224319680554e-09 1.180765529669599436e-07 2.052813752093981669e-06 9.838607023479571125e-05 1.010342096835776252e-04 8.984234523694366558e-06 9.781560650876550372e-05 1.267856802694090272e-05 5.048950342332688855e-04 1.257747374977116826e-05 -2.457263060277302921e-06 1.047312567724529271e-05 -4.193567983783852817e-05 1.140102200626730515e-05 -2.566604740546229057e-06 1.185600945674611582e-05
-1.181111888611777738e-08 -1.332111600536087274e-08 -2.908413243081279422e-07 2.274231176945576318e-07 -2.598737630850351749e-06 -2.531892038151492667e-06 2.510874242001680426e-06 -1.786820395143667758e-06 5.498699911534420793e-06 2.091723002280351418e-06 -1.237403160077140115e-08 6.360418351092360778e-07 3.695593876439306285e-11 5.806458824741568813e-06 -3.616966054877575421e-06 -2.202983709259929654e-08 3.193808903841973562e-05 1.117023887729590321e-09 -3.104339500014855399e-08 2.496361211736223932e-07 1.236711765767184592e-05 2.928945340080146432e-06 1.607556947634160670e-07 2.795717472290976607e-06 2.543392687753730381e-07 1.481091953189307486e-05 1.987617232190354321e-07 1.421683963843761003e-08 -7.968434554555636673e-08 -1.539556856979312210e-07 -9.084134144264372708e-08 1.941529927168649099e-08 -8.968578921986431774e-08
1.937011986935591522e-07 2.229366605385051308e-07 4.875324169278971617e-06 4.913551846241799294e-08 -5.161273227496995741e-07 -5.505474647899404670e-07 -1.260017960298599166e-06 2.338736343595627175e-06 1.635784631578274599e-06 -1.237403160077140115e-08 2.908912424022277679e-07 -1.291957655509623408e-06 -2.183768008912126773e-10 1.414993566514536518e-05 -1.914161847734963724e-06 -3.015528036197280928e-09 8.535126882980593999e-05 9.474610108962176287e-11 -3.255308488062151670e-09 5.544222251603984027e-08 2.714330778687723464e-06 1.389697194550505046e-05 1.084239855558215653e-06 8.466936127112086665e-06 1.178772749041587603e-06 5.130867469308460178e-05 1.322935642625249632e-06 -3.147475863175079320e-07 1.327700919407879884e-06 -6.534599472703380255e-06 1.433819359480606456e-06 1.147128604293680496e-04 3.405530681310738759e-06
-1.206585088005881508e-06 -1.355312186307649056e-06 -3.036639048626793084e-05 -2.113788717127095211e-07 2.204717001883556146e-06 2.369652637030940820e-06 9.537432753043347824e-06 -1.605255230040739535e-05 -6.527665222718520723e-06 6.360418351092360778e-07 -1.291957655509623408e-06 1.260055589168524240e-03 -2.843062965885747664e-09 -4.497146785058103041e-05 -2.262199415349989431e-04 4.084072722966443777e-08 -3.438791664048101299e-04 7.467884578217448249e-07 2.743807466730057985e-07 -2.051867746561144179e-07 -1.214949722722686221e-05 -8.841650933197133764e-07 -2.006963326737468138e-06 8.452283987653716302e-07 -2.164822481654855708e-06 -1.046669450279360365e-04 -4.815814911302782200e-06 1.137498185157325532e-04 4.795275356410910537e-06 1.075293256242026031e-03 2.606501169729243969e-06 6.833258208510401693e-04 3.358970424452367492e-06
-2.046377255115617095e-10 -2.348390353362071259e-10 -5.132765134155093102e-09 -4.127578690181408422e-11 1.193780014125967414e-10 4.868398697563209523e-10 6.996080814267463025e-09 -6.794249107739254536e-10 -6.865601755094112073e-09 3.695593876439306285e-11 -2.183768008912126773e-10 -2.843062965885747664e-09 7.714820948381303044e-13 -3.448452560985299999e-08 1.956114990347035229e-09 2.853263435970821602e-11 -1.954691730021706084e-07 -2.107466159982588404e-12 -2.224575698895250593e-11 -5.715076553990160005e-11 -2.571761530954305256e-09 -9.695278914087338822e-09 -9.236470720551670279e-10 -9.438931268909350230e-09 -1.306322932253029798e-09 -4.830315685952990186e-08 -1.341288329054307187e-09 -4.617750868308128927e-11 -1.441887074238277260e-09 1.916159315742258608e-09 -1.562781422218545110e-09 -1.933839320418210817e-09 -1.625286294359014865e-09
1.322426805964419823e-05 1.520876978000740396e-05 3.325824727544046287e-04 1.056764216916152434e-05 -9.570607469365529480e-05 -1.195933019192966433e-04 -9.774708881170091112e-06 -1.017316787224269674e-04 6.966488044262534891e-04 5.806458824741568813e-06 1.414993566514536518e-05 -4.497146785058103041e-05 -3.448452560985299999e-08 4.874981957613213138e-03 -1.831173711041570633e-04 2.148271502175669976e-06 2.223297295669092455e-02 9.806289831552072240e-08 5.088627422144759014e-07 1.243820277628670000e-05 5.979877074208283161e-04 7.830802682679741502e-04 6.989590903977739296e-05 7.587450102579518371e-04 1.003469657978247622e-04 3.918158491948184156e-03 1.000866954456682738e-04 -1.918075287834709438e-05 9.084040117055039692e-05 -4.021249316028383978e-04 9.826731910847105159e-05 -8.111346986321219175e-06 1.028205030625248728e-04
-2.724376459585923143e-06 -2.057242991005580850e-06 -4.499078268885498607e-05 -1.245462870792220818e-05 3.280602277843191572e-04 1.243150272490949938e-04 -7.226219630402511544e-06 3.509172271771411004e-04 -2.504652874271550832e-05 -3.616966054877575421e-06 -1.914161847734963724e-06 -2.262199415349989431e-04 1.956114990347035229e-09 -1.831173711041570633e-04 4.847730405836127472e-03 7.440396030454722490e-08 5.098057111942863422e-03 2.834142308936494765e-04 1.153197485437014951e-04 5.369280262614057559e-06 -6.753592284948020143e-04 5.040582475951892964e-04 4.548022760925574131e-05 4.923756622832129457e-04 3.203544014026618039e-05 1.116899817530886060e-03 2.833675237914467455e-05 -1.823038744852913150e-05 -1.473926014662170833e-05 -2.140788088053895144e-03 -3.500410208981061673e-05 -1.345197178636849903e-04 -1.644184456399915397e-05
-2.758227091748393835e-09 -3.242095850446059754e-09 -7.087747921067498472e-08 3.521913623888025454e-08 -3.323430669019271157e-07 -3.975285087443241948e-07 5.641000327561455038e-07 -7.794321286723920932e-08 6.347276210915098059e-08 -2.202983709259929654e-08 -3.015528036197280928e-09 4.084072722966443777e-08 2.853263435970821602e-11 2.148271502175669976e-06 7.440396030454722490e-08 5.546448459458676646e-09 9.579103081043656038e-06 1.537741366995868994e-08 5.932783298358659918e-09 4.168865224872644570e-08 1.971362670112446366e-06 3.415218456853229485e-07 2.081979590446826417e-08 3.200276665408964910e-07 3.067135590378817928e-08 1.807030908724958890e-06 2.985493687881785639e-08 5.500306542755756240e-09 -1.919059427086353334e-08 2.292544430353493202e-07 -1.951943781792049893e-08 1.216902247285907107e-08 -2.171736375256379452e-08
8.421678126805379931e-05 9.173735721392347253e-05 2.006110607984249502e-03 2.121659884549068455e-04 1.646284947635934812e-04 -2.562844802534896931e-03 -5.171952449949308341e-04 3.500715831445518067e-02 3.280872091679884819e-03 3.193808903841973562e-05 8.535126882980593999e-05 -3.438791664048101299e-04 -1.954691730021706084e-07 2.223297295669092455e-02 5.098057111942863422e-03 9.579103081043656038e-06 3.647519325379477984e-01 4.005419175533096032e-05 1.847122499052070046e-04 3.210058801433927043e-04 1.392907143199441367e-02 8.891356324330154312e-03 9.494199370942038411e-04 8.541067698534817940e-03 1.132109577433101401e-03 4.533059351087603134e-02 1.223170787441312662e-03 -1.190737720692986335e-04 5.475465176996352143e-04 7.003721364006295670e-03 6.846957891466171151e-04 -6.990568135797935786e-05 6.198132002310100322e-04
1.554846453844014049e-10 1.017948423043821559e-10 2.226928328857296809e-09 4.861883626193067913e-09 -2.245012774546942529e-07 -3.304181283304875619e-08 7.756405908168490062e-09 -2.279419324696830602e-07 -2.456101224319680554e-09 1.117023887729590321e-09 9.474610108962176287e-11 7.467884578217448249e-07 -2.107466159982588404e-12 9.806289831552072240e-08 2.834142308936494765e-04 1.537741366995868994e-08 4.005419175533096032e-05 2.271542500093269961e-05 7.940731022452747722e-06 1.028249509039708142e-06 -1.362747439309471283e-05 4.464988155649461096e-05 2.435589239916662079e-06 4.398605331338128604e-05 2.276363441071171280e-06 1.029854949066034687e-04 1.218932721441127235e-06 6.654340515105563628e-08 8.452832061297723683e-09 8.236482630360750198e-07 9.280098826140814284e-09 4.335191996843496682e-07 8.785268198627460911e-09
6.676202545501716296e-09 -3.497474270819803109e-09 -7.651331936476254683e-08 -9.542982562220765428e-08 6.795686954123808167e-06 6.225460222806106287e-07 -2.874968137853540000e-07 8.235476818377894162e-06 1.180765529669599436e-07 -3.104339500014855399e-08 -3.255308488062151670e-09 2.743807466730057985e-07 -2.224575698895250593e-11 5.088627422144759014e-07 1.153197485437014951e-04 5.932783298358659918e-09 1.847122499052070046e-04 7.940731022452747722e-06 3.234630736337067891e-06 4.452776151358788598e-07 -4.670435937589016993e-06 2.010610109632921823e-05 1.719761361321566691e-06 1.951844352936158567e-05 1.572529657193277553e-06 5.981812708787056398e-05 1.427465342371678217e-06 2.856110799992482728e-08 -1.806109633613293792e-08 2.100343994239130613e-05 1.816219961163979925e-07 1.569302232856779597e-07 -2.075894309068926250e-08
5.666525029012191854e-08 5.958548455067979221e-08 1.303123342447720690e-06 2.887945588050910180e-06 -2.673043838499426699e-05 -3.263754214462379663e-05 6.272028231426512287e-07 2.935725415797436715e-06 2.052813752093981669e-06 2.496361211736223932e-07 5.544222251603984027e-08 -2.051867746561144179e-07 -5.715076553990160005e-11 1.243820277628670000e-05 5.369280262614057559e-06 4.168865224872644570e-08 3.210058801433927043e-04 1.028249509039708142e-06 4.452776151358788598e-07 3.425305246513054022e-06 1.622767623555803457e-04 3.388269137426388154e-05 2.475290763136324335e-06 3.208149252697899942e-05 3.541764676445216075e-06 1.816701300290874191e-04 3.745229335890499664e-06 -8.177336447904805686e-08 3.551660984172662740e-07 8.685117082418127645e-06 4.850523225074331640e-07 -6.734669273527721540e-08 4.022067345651526752e-07
2.685767059104468617e-06 2.917166069083870922e-06 6.379808810530561826e-05 1.407316990109190038e-04 -1.355030915701844769e-03 -1.586401381333737244e-03 3.292897197721868235e-05 6.917465518085235982e-05 9.838607023479571125e-05 1.236711765767184592e-05 2.714330778687723464e-06 -1.214949722722686221e-05 -2.571761530954305256e-09 5.979877074208283161e-04 -6.753592284948020143e-04 1.971362670112446366e-06 1.392907143199441367e-02 -1.362747439309471283e-05 -4.670435937589016993e-06 1.622767623555803457e-04 7.897631177048853451e-03 1.476587050747853310e-03 1.053984486302777124e-04 1.394347486910105325e-03 1.583096237336711356e-04 8.300599754987203482e-03 1.691288379603973031e-04 -4.194299887834734801e-06 1.736573116018308530e-05 2.352018938544957508e-04 2.189152131091127952e-05 -4.524681579010320513e-06 1.966824436435600244e-05
8.333823063118815915e-06 9.355927590895024134e-06 2.046022347352920666e-04 2.586314647375382724e-05 -1.913922374661343212e-04 -2.959959884002628006e-04 -3.882491522465781263e-05 3.234407237424546185e-04 1.010342096835776252e-04 2.928945340080146432e-06 1.389697194550505046e-05 -8.841650933197133764e-07 -9.695278914087338822e-09 7.830802682679741502e-04 5.040582475951892964e-04 3.415218456853229485e-07 8.891356324330154312e-03 4.464988155649461096e-05 2.010610109632921823e-05 3.388269137426388154e-05 1.476587050747853310e-03 1.080758816667759265e-03 8.286386221148312793e-05 7.285549361632218850e-04 8.859571756667314205e-05 4.176368761235432943e-03 9.846923586022282722e-05 -8.609520041239312715e-06 5.626073662984590015e-05 2.068499720629280326e-04 6.492966979316456351e-05 7.173801945663708414e-03 1.819922117100512523e-04
7.748457010629949547e-07 8.631335965600877732e-07 1.887557399785145845e-05 1.720034368941019505e-06 -5.356410728561464292e-06 -2.025746691445865104e-05 -4.359795772241974098e-06 4.143153043598546951e-05 8.984234523694366558e-06 1.607556947634160670e-07 1.084239855558215653e-06 -2.006963326737468138e-06 -9.236470720551670279e-10 6.989590903977739296e-05 4.548022760925574131e-05 2.081979590446826417e-08 9.494199370942038411e-04 2.435589239916662079e-06 1.719761361321566691e-06 2.475290763136324335e-06 1.053984486302777124e-04 8.286386221148312793e-05 7.272878753801627504e-06 6.270972630084138113e-05 8.188873321699098387e-06 3.521801394812789634e-04 9.102481799830783711e-06 -9.617671477691078113e-07 5.170618456455479392e-06 3.019707614921201308e-05 6.096235058502202532e-06 3.879709090137941556e-04 1.226012029310618275e-05
8.099134448376773502e-06 9.100973432536023581e-06 1.990082937793773198e-04 2.446522827483758753e-05 -1.825172055205660478e-04 -2.798825603817397785e-04 -3.810261971742471789e-05 3.186197969755696522e-04 9.781560650876550372e-05 2.795717472290976607e-06 8.466936127112086665e-06 8.452283987653716302e-07 -9.438931268909350230e-09 7.587450102579518371e-04 4.923756622832129457e-04 3.200276665408964910e-07 8.541067698534817940e-03 4.398605331338128604e-05 1.951844352936158567e-05 3.208149252697899942e-05 1.394347486910105325e-03 7.285549361632218850e-04 6.270972630084138113e-05 7.008312435180408684e-04 8.508032200424560636e-05 3.563189699950510773e-03 8.765033208275628876e-05 -8.218841475253531128e-06 5.473858261145987984e-05 1.864371442681101983e-04 6.301015517977864898e-05 1.570304027942547094e-05 6.190887514157334879e-05
1.127639576434939350e-06 1.267008601181562646e-06 2.770607336805376087e-05 2.682020270681035193e-06 -1.581171159378278780e-05 -3.100890156928008646e-05 -5.858054482834851477e-06 3.949853901373790002e-05 1.267856802694090272e-05 2.543392687753730381e-07 1.178772749041587603e-06 -2.164822481654855708e-06 -1.306322932253029798e-09 1.003469657978247622e-04 3.203544014026618039e-05 3.067135590378817928e-08 1.132109577433101401e-03 2.276363441071171280e-06 1.572529657193277553e-06 3.541764676445216075e-06 1.583096237336711356e-04 8.859571756667314205e-05 8.188873321699098387e-06 8.508032200424560636e-05 1.105648201951705944e-05 4.494044260713796028e-04 1.165956145708207790e-05 -1.342383772620193135e-06 7.597522842170341032e-06 2.421815236700547116e-05 8.752794797533905988e-06 9.461001230566767258e-07 8.595838644851170631e-06
4.188697762357417444e-05 4.717814452297921092e-05 1.031698737945329573e-03 1.440887833173022507e-04 -1.081206247227545431e-03 -1.647951543517043801e-03 -1.947119994909592621e-04 1.541780407763411551e-03 5.048950342332688855e-04 1.481091953189307486e-05 5.130867469308460178e-05 -1.046669450279360365e-04 -4.830315685952990186e-08 3.918158491948184156e-03 1.116899817530886060e-03 1.807030908724958890e-06 4.533059351087603134e-02 1.029854949066034687e-04 5.981812708787056398e-05 1.816701300290874191e-04 8.300599754987203482e-03 4.176368761235432943e-03 3.521801394812789634e-04 3.563189699950510773e-03 4.494044260713796028e-04 1.962083814026222700e-02 4.815373679837402481e-04 -5.235395266068244206e-05 2.826373126744053809e-04 6.627895301991170319e-04 3.235704481052904162e-04 1.024315941806829520e-02 4.888397790554198114e-04
1.157873054824909550e-06 1.300407555953209011e-06 2.843777345370770282e-05 2.815129314180829870e-06 -1.417938827423537580e-05 -3.273589546126450954e-05 -6.435415175201139757e-06 4.292202862074359252e-05 1.257747374977116826e-05 1.987617232190354321e-07 1.322935642625249632e-06 -4.815814911302782200e-06 -1.341288329054307187e-09 1.000866954456682738e-04 2.833675237914467455e-05 2.985493687881785639e-08 1.223170787441312662e-03 1.218932721441127235e-06 1.427465342371678217e-06 3.745229335890499664e-06 1.691288379603973031e-04 9.846923586022282722e-05 9.102481799830783711e-06 8.765033208275628876e-05 1.165956145708207790e-05 4.815373679837402481e-04 1.260672307676113300e-05 -1.606466975582857503e-06 7.771432084252795881e-06 2.369071355628687108e-05 8.969611251812811869e-06 1.553738261689730686e-04 1.137288190245124556e-05
-2.939180672135133983e-07 -3.353101085264947400e-07 -7.397880317492011369e-06 -7.523655174022239680e-08 7.932693248421068072e-07 8.427704996142565728e-07 1.855319641985374009e-06 -3.557097727074400954e-06 -2.457263060277302921e-06 1.421683963843761003e-08 -3.147475863175079320e-07 1.137498185157325532e-04 -4.617750868308128927e-11 -1.918075287834709438e-05 -1.823038744852913150e-05 5.500306542755756240e-09 -1.190737720692986335e-04 6.654340515105563628e-08 2.856110799992482728e-08 -8.177336447904805686e-08 -4.194299887834734801e-06 -8.609520041239312715e-06 -9.617671477691078113e-07 -8.218841475253531128e-06 -1.342383772620193135e-06 -5.235395266068244206e-05 -1.606466975582857503e-06 1.046114668014026148e-05 -8.478953214172414779e-07 1.023328449105136324e-04 -1.145159453425560622e-06 6.133052021492956180e-05 -1.145161990054588346e-06
1.239864438544944091e-06 1.427310187432696912e-06 3.120650618523024560e-05 3.144407458680934730e-07 -3.302623279225018325e-06 -3.523230273577132690e-06 -8.071214879444059761e-06 1.496916924798332278e-05 1.047312567724529271e-05 -7.968434554555636673e-08 1.327700919407879884e-06 4.795275356410910537e-06 -1.441887074238277260e-09 9.084040117055039692e-05 -1.473926014662170833e-05 -1.919059427086353334e-08 5.475465176996352143e-04 8.452832061297723683e-09 -1.806109633613293792e-08 3.551660984172662740e-07 1.736573116018308530e-05 5.626073662984590015e-05 5.170618456455479392e-06 5.473858261145987984e-05 7.597522842170341032e-06 2.826373126744053809e-04 7.771432084252795881e-06 -8.478953214172414779e-07 8.634945990243745879e-06 -3.095398833059124957e-05 9.298995761785804756e-06 5.074675925090608495e-06 9.756718779602783953e-06
-2.452548255122329396e-07 -7.023243176941222027e-06 -1.535903273712156648e-04 -2.514986656743548751e-07 2.707050622652114780e-04 -1.785329988913948826e-05 2.022325861107276848e-05 4.517428446791689348e-04 -4.193567983783852817e-05 -1.539556856979312210e-07 -6.534599472703380255e-06 1.075293256242026031e-03 1.916159315742258608e-09 -4.021249316028383978e-04 -2.140788088053895144e-03 2.292544430353493202e-07 7.003721364006295670e-03 8.236482630360750198e-07 2.100343994239130613e-05 8.685117082418127645e-06 2.352018938544957508e-04 2.068499720629280326e-04 3.019707614921201308e-05 1.864371442681101983e-04 2.421815236700547116e-05 6.627895301991170319e-04 2.369071355628687108e-05 1.023328449105136324e-04 -3.095398833059124957e-05 1.357522149151757333e-02 8.654279151988495322e-05 6.110588827751979287e-04 -3.614236092478605747e-05
1.396109027026024548e-06 1.541052770786903708e-06 3.370073188628149843e-05 3.522993164710024163e-07 -1.085101354593513058e-06 -4.149089505242280383e-06 -8.899875907934583192e-06 2.129310447483343153e-05 1.140102200626730515e-05 -9.084134144264372708e-08 1.433819359480606456e-06 2.606501169729243969e-06 -1.562781422218545110e-09 9.826731910847105159e-05 -3.500410208981061673e-05 -1.951943781792049893e-08 6.846957891466171151e-04 9.280098826140814284e-09 1.816219961163979925e-07 4.850523225074331640e-07 2.189152131091127952e-05 6.492966979316456351e-05 6.096235058502202532e-06 6.301015517977864898e-05 8.752794797533905988e-06 3.235704481052904162e-04 8.969611251812811869e-06 -1.145159453425560622e-06 9.298995761785804756e-06 8.654279151988495322e-05 1.121062694194342284e-05 4.449954601562033169e-06 1.051729799744981041e-05
-3.039241262073097482e-07 -3.497956141248885432e-07 -7.649558433913581661e-06 -7.709539029778884712e-08 8.098222759401905593e-07 8.638287129890270753e-07 1.977013359611824764e-06 -3.669561182122726171e-06 -2.566604740546229057e-06 1.941529927168649099e-08 1.147128604293680496e-04 6.833258208510401693e-04 -1.933839320418210817e-09 -8.111346986321219175e-06 -1.345197178636849903e-04 1.216902247285907107e-08 -6.990568135797935786e-05 4.335191996843496682e-07 1.569302232856779597e-07 -6.734669273527721540e-08 -4.524681579010320513e-06 7.173801945663708414e-03 3.879709090137941556e-04 1.570304027942547094e-05 9.461001230566767258e-07 1.024315941806829520e-02 1.553738261689730686e-04 6.133052021492956180e-05 5.074675925090608495e-06 6.110588827751979287e-04 4.449954601562033169e-06 1.591052427690197169e-01 2.626853623358946666e-03
1.403927631523301595e-06 1.615823443120205273e-06 3.533588000512320108e-05 3.561295052579651060e-07 -3.740841123749550919e-06 -3.990314998032073035e-06 -9.132488815814682214e-06 1.695093575964975516e-05 1.185600945674611582e-05 -8.968578921986431774e-08 3.405530681310738759e-06 3.358970424452367492e-06 -1.625286294359014865e-09 1.028205030625248728e-04 -1.644184456399915397e-05 -2.171736375256379452e-08 6.198132002310100322e-04 8.785268198627460911e-09 -2.075894309068926250e-08 4.022067345651526752e-07 1.966824436435600244e-05 1.819922117100512523e-04 1.226012029310618275e-05 6.190887514157334879e-05 8.595838644851170631e-06 4.888397790554198114e-04 1.137288190245124556e-05 -1.145161990054588346e-06 9.756718779602783953e-06 -3.614236092478605747e-05 1.051729799744981041e-05 2.626853623358946666e-03 5.438850851110086417e-05
