theo_error.scale_from_amplitudes = yes
scaling_form = 1
eft_nu = 3.0
eft_C = 2.1603
residual_list.load = no
residual_list.load.prefix = NLOsim-500-158.theo
eft_C = 2.95425631105899811
eft_C = 2.82282970845699310
