par.Ct_1S0nn = -0.149929586697714
par.Ct_1S0nn = -0.149920004699164
par.Ct_1S0nn = -0.149913410620251
