8.493506172164811141e-09 3.889948914550899263e-09 -5.607473571014510781e-07 -9.848438425836189721e-09 1.263615819532452331e-07 6.306759055652252462e-08 1.688305185806921026e-07 -1.157786336695505466e-07 -2.237121194901868537e-07 4.788215185893732039e-09 5.434691122643124127e-09 2.253106368667180473e-07 3.630584136095828872e-11 -2.976804894715769303e-06 -4.118170975278369410e-07 5.234400384522779442e-10 -1.048605305924592706e-05 4.123840834411578450e-11 8.103403347812206737e-09 -5.576372499612271721e-09 -3.216107206725835973e-07 -1.080110028466868464e-06 -9.340394538900821187e-08 -1.065196322391022366e-06 -1.485740589946813409e-07 -5.503740379927553984e-06 -1.458492962614491728e-07 5.453460960509690124e-08 -2.296409291475386524e-07 5.776695945774729480e-06 -2.012706734330246909e-07 5.709077314644911328e-08 -2.600124619065728425e-07
3.889948914550899263e-09 2.244752257495082312e-09 -3.223132053239142514e-07 -4.289745372675488654e-09 3.134944819090442681e-08 4.324101636020018678e-08 1.001868471233190470e-07 -1.345538098552149914e-07 -1.301768695391931853e-07 2.881340187445906686e-09 3.123818050144840434e-09 1.558948485863940125e-07 2.107605093290860333e-11 -1.716167204166324253e-06 1.902340617122346327e-07 2.755445003830622226e-10 -8.135205903668787120e-06 -8.389662346735560957e-12 3.058084038847012441e-10 -5.094635626537550448e-09 -2.343023486853720185e-07 -7.015558702269474340e-07 -6.359336467611400957e-08 -6.873450973023392779e-07 -9.576009707906748128e-08 -3.502473567360540703e-06 -9.434896720682291272e-08 3.369884525991451801e-08 -1.317450660141008162e-07 6.596471027510401626e-07 -1.420765251504366842e-07 3.281533092259106449e-08 -1.494531342144292407e-07
-5.607473571014510781e-07 -3.223132053239142514e-07 4.646262649693351759e-05 6.180423636451254815e-07 -4.515720651066169656e-06 -6.230542990130646559e-06 -1.446612068315955140e-05 1.939258390398046795e-05 1.877647311163187991e-05 -4.182314350705135583e-07 -4.503097884630481751e-07 -1.867557802788541666e-05 -3.053034764485653906e-09 2.474647552884613592e-04 -2.741406600533893606e-05 -3.982494037104190407e-08 1.172951848633381434e-03 1.205060875713505155e-09 -4.393399958169362755e-08 7.341111167879309840e-07 3.376067256485687057e-05 1.011276203287825320e-04 9.167141173950497211e-06 9.917951468916881444e-05 1.381295673764377279e-05 5.050236074197646122e-04 1.360271191576291446e-05 -4.518192024951377319e-06 1.902772785269420849e-05 -9.508250672199647065e-05 2.048093001936151071e-05 -4.730449881807852223e-06 2.154421549940103444e-05
-9.848438425836189721e-09 -4.289745372675488654e-09 6.180423636451254815e-07 1.949807724290152846e-06 -1.472848673721551330e-05 -1.933435110204332128e-05 5.000392368602056902e-07 -2.565562183223081992e-06 1.112138979129644276e-06 2.034775671697377346e-07 -5.989986942572154850e-09 -1.727739486799701831e-07 -2.407415760201893129e-11 1.105336369100706301e-05 -1.643819409945690597e-05 2.877416406649028586e-08 -6.194221904768195449e-05 8.152581693972497945e-09 -2.025805774421674577e-07 2.261825989518793102e-06 1.045853311992168445e-04 2.528618241975361718e-05 1.572916686255675811e-06 2.405685811845533010e-05 2.451249767816981633e-06 1.465281053979229371e-04 2.588131843047960531e-06 -6.072859727942805097e-08 2.530384813283302894e-07 -7.673368403995688849e-06 2.088793459341760224e-07 -6.292408859516374624e-08 2.865795344352426055e-07
1.263615819532452331e-07 3.134944819090442681e-08 -4.515720651066169656e-06 -1.472848673721551330e-05 1.342725956635652167e-04 1.307066771459910451e-04 -4.995950500393738725e-06 5.466620176167240704e-05 -6.607467152930826646e-06 -1.613808032819407845e-06 4.376578261829493539e-08 1.260139985588480486e-06 6.678673579300044191e-12 -6.985298781045936017e-05 2.274244585033266650e-04 -1.872399984769123657e-07 1.775059315521143773e-03 -1.537523221410912468e-07 4.622674298990236104e-06 -1.449811494506240054e-05 -6.983525915340051127e-04 -1.464542351362511723e-04 -5.218123873592164707e-06 -1.403461085344997073e-04 -1.198188747654198197e-05 -8.616201535363400077e-04 -1.158717882950997817e-05 4.454334395179010042e-07 -1.848639891664227928e-06 2.019808538864043066e-04 -7.907492574689142250e-08 4.597542547776932389e-07 -2.093890642365773514e-06
6.306759055652252462e-08 4.324101636020018678e-08 -6.230542990130646559e-06 -1.933435110204332128e-05 1.307066771459910451e-04 2.019471883016874306e-04 -4.146233260161539511e-06 1.922208708318763727e-06 -1.222346316958218063e-05 -1.966513781302596646e-06 6.038561974280185373e-08 1.743248171954706537e-06 3.554748898275560875e-10 -1.187000870121547905e-04 9.424842661702950036e-05 -3.053958055128047026e-07 -2.570280211951160489e-04 -1.101817843162995602e-08 -4.961760383181068375e-08 -2.415270682694163382e-05 -1.098179895756603349e-03 -2.804183835066132910e-04 -2.003782139737461158e-05 -2.661103128439152275e-04 -2.866143284862791090e-05 -1.616398050285546137e-03 -3.097156118353249697e-05 6.110638922631503234e-07 -2.551026864168003744e-06 -1.977637483880796405e-05 -3.069031035892769122e-06 6.343436343015190608e-07 -2.889035144548196549e-06
1.688305185806921026e-07 1.001868471233190470e-07 -1.446612068315955140e-05 5.000392368602056902e-07 -4.995950500393738725e-06 -4.146233260161539511e-06 5.718655309652386013e-05 -4.547957648368272998e-06 -1.446811382057102151e-05 2.276287725928984195e-06 1.402037774413041004e-07 7.089609705341722534e-06 5.039062191576917065e-09 1.373175505532567113e-06 -6.171091133683047374e-06 4.115221016986626524e-07 -2.841581147987091256e-04 5.916068477996011527e-09 -2.160561088906128525e-07 4.430343452855829841e-07 2.196885154112873813e-05 -1.930673571150942234e-05 -2.347370483636477008e-06 -1.928376726775674334e-05 -3.205722194986503599e-06 -9.262529046227975906e-05 -3.405760835221894663e-06 1.362757316001415034e-06 -5.928962851354012688e-06 1.416067271735899780e-05 -6.529886062610491788e-06 1.472823730281045327e-06 -6.707783113787189658e-06
-1.157786336695505466e-07 -1.345538098552149914e-07 1.939258390398046795e-05 -2.565562183223081992e-06 5.466620176167240704e-05 1.922208708318763727e-06 -4.547957648368272998e-06 2.174185341083090944e-03 -1.405406854457035733e-05 -8.588602535963865481e-07 -1.879504241140931030e-07 -8.563139544617957646e-06 -1.713062734914133079e-10 -8.501900479379233689e-05 2.138799042485668288e-04 -4.626838104630028349e-08 2.285577891883652443e-02 -1.401385097204150749e-07 5.011558489211916727e-06 9.907371429988000210e-07 2.906038733946252273e-06 1.217559900207606865e-04 1.779979311165212847e-05 1.203960227977311954e-04 1.535324851257465132e-05 5.536109703718686400e-04 1.658355317134957768e-05 -1.892893204649932437e-06 7.941042806857946467e-06 2.775127261941940748e-04 1.169411428909350570e-05 -1.974396480633455748e-06 8.992130626647746192e-06
-2.237121194901868537e-07 -1.301768695391931853e-07 1.877647311163187991e-05 1.112138979129644276e-06 -6.607467152930826646e-06 -1.222346316958218063e-05 -1.446811382057102151e-05 -1.405406854457035733e-05 8.113336874747684570e-05 4.952747927157629371e-06 -1.819791577116093510e-07 -4.615787206937758108e-06 -5.044771708699989414e-09 6.843428651647619904e-04 -1.855999198938403777e-05 5.573394527994052480e-08 2.359259622310264353e-03 -2.889138617996182540e-09 1.252911006632140911e-07 1.491703066295964695e-06 6.679674552847249562e-05 6.703383121857566613e-05 5.811205926896523441e-06 6.522405555628958749e-05 8.202453555999844470e-06 3.353104112041397624e-04 7.847230361256736888e-06 -1.805579054460903828e-06 7.691648741475718971e-06 -3.065461938591922375e-05 8.353811137454468348e-06 -1.911669049048538068e-06 8.706446740853194177e-06
4.788215185893732039e-09 2.881340187445906686e-09 -4.182314350705135583e-07 2.034775671697377346e-07 -1.613808032819407845e-06 -1.966513781302596646e-06 2.276287725928984195e-06 -8.588602535963865481e-07 4.952747927157629371e-06 2.627358532893807336e-06 4.053445172059520998e-09 7.842728375050458188e-07 6.079366787131637993e-11 1.953365215753505445e-05 -3.873475215607264006e-06 -2.743884329108355853e-08 6.573894855885501138e-05 1.164127226698436857e-09 -3.145432634465670334e-08 2.274087007161639667e-07 1.060851302966812253e-05 3.013762242987206619e-06 1.573591817921368159e-07 2.875416173322949671e-06 2.310224377964950037e-07 1.593290376719635765e-05 1.827710172722817830e-07 3.536086272543538267e-08 -1.718431728705718349e-07 1.603422765625150197e-07 -1.912561845916532626e-07 4.258095143906855128e-08 -1.939293760411409227e-07
5.434691122643124127e-09 3.123818050144840434e-09 -4.503097884630481751e-07 -5.989986942572154850e-09 4.376578261829493539e-08 6.038561974280185373e-08 1.402037774413041004e-07 -1.879504241140931030e-07 -1.819791577116093510e-07 4.053445172059520998e-09 5.666618780452925355e-08 1.810012955620852193e-07 2.958961949894509410e-11 -2.398396517970452584e-06 2.656935949281937977e-07 3.859781899161681885e-10 -1.136809816100903027e-05 -1.167929471364461754e-11 4.258026622596098769e-10 -7.114910340485445889e-09 -3.272040878286181011e-07 3.305635964495641087e-06 1.343520930525861388e-07 -9.612350753028351088e-07 -1.338733966532891732e-07 1.363403189451531632e-06 -4.209505975229037619e-08 4.378973485550944909e-08 -1.844142862832923179e-07 9.215274020581776833e-07 -1.984985344113912631e-07 9.116412894841433435e-05 1.319910050820419901e-06
2.253106368667180473e-07 1.558948485863940125e-07 -1.867557802788541666e-05 -1.727739486799701831e-07 1.260139985588480486e-06 1.743248171954706537e-06 7.089609705341722534e-06 -8.563139544617957646e-06 -4.615787206937758108e-06 7.842728375050458188e-07 1.810012955620852193e-07 1.986353524846252668e-04 5.643081224367743977e-10 -7.105662077259847827e-05 -1.263395919114280251e-05 2.491620908718894271e-08 -3.849860844035714563e-04 9.115338129154629337e-08 4.415395404898913460e-08 -2.011560445783732396e-07 -9.515910836664602111e-06 -3.348547913789421846e-05 -3.275589577554575571e-06 -3.084059023514458282e-05 -4.709227092728421411e-06 -1.737406144154518659e-04 -5.022614056923914895e-06 1.885390171451562717e-05 -5.612599077778820741e-06 1.361461779924161286e-04 -7.020649737521738907e-06 6.704940593233357890e-05 -7.323161972588867626e-06
3.630584136095828872e-11 2.107605093290860333e-11 -3.053034764485653906e-09 -2.407415760201893129e-11 6.678673579300044191e-12 3.554748898275560875e-10 5.039062191576917065e-09 -1.713062734914133079e-10 -5.044771708699989414e-09 6.079366787131637993e-11 2.958961949894509410e-11 5.643081224367743977e-10 6.621572277202374568e-13 -3.752892689612697786e-08 1.028982720849031019e-09 2.491540095834055176e-11 -1.570362900102112177e-07 2.135641451299621512e-13 -2.117023414929056734e-11 -4.763558089645135133e-11 -1.988654442091169335e-09 -6.880908702798704775e-09 -6.567697135089936796e-10 -6.758216580669863186e-09 -9.420224268487217521e-10 -3.406431199211839154e-08 -9.346520943255276812e-10 2.354535295724685023e-10 -1.257595131594716435e-09 4.464937134097326591e-09 -1.364288608224745359e-09 8.975614618193469896e-11 -1.420194480385809378e-09
-2.976804894715769303e-06 -1.716167204166324253e-06 2.474647552884613592e-04 1.105336369100706301e-05 -6.985298781045936017e-05 -1.187000870121547905e-04 1.373175505532567113e-06 -8.501900479379233689e-05 6.843428651647619904e-04 1.953365215753505445e-05 -2.398396517970452584e-06 -7.105662077259847827e-05 -3.752892689612697786e-08 6.717410891537061238e-03 -2.154175809125304553e-04 2.204680216566700679e-06 2.297887233883373279e-02 6.770043384109441228e-09 6.899775579298562197e-07 1.435668264447420149e-05 6.472128471394089514e-04 7.738365970793964184e-04 6.704957844787823459e-05 7.539372332711238682e-04 9.715706963114223362e-05 3.871269488880619246e-03 9.322989069780775726e-05 -2.355194167016820162e-05 1.014065349991529819e-04 -4.764519158436882366e-04 1.093898097650145018e-04 -2.274104793782233619e-05 1.147970601690813386e-04
-4.118170975278369410e-07 1.902340617122346327e-07 -2.741406600533893606e-05 -1.643819409945690597e-05 2.274244585033266650e-04 9.424842661702950036e-05 -6.171091133683047374e-06 2.138799042485668288e-04 -1.855999198938403777e-05 -3.873475215607264006e-06 2.656935949281937977e-07 -1.263395919114280251e-05 1.028982720849031019e-09 -2.154175809125304553e-04 1.937561722968389553e-03 -7.609679710572768601e-08 5.813623284379482170e-03 5.360704464200342895e-05 3.460789223090749952e-05 -4.901242935945715858e-06 -5.107692157996069184e-04 4.728389958188312057e-06 1.573460183401691670e-05 1.944030923502711498e-06 3.546739506576728867e-06 -2.432933609541190821e-04 8.184785929915211543e-06 6.818908432306124631e-07 -1.148209792089438274e-05 -1.955284127090099570e-03 -3.208213616634932313e-05 -1.020597660862333498e-05 -1.297823727812579415e-05
5.234400384522779442e-10 2.755445003830622226e-10 -3.982494037104190407e-08 2.877416406649028586e-08 -1.872399984769123657e-07 -3.053958055128047026e-07 4.115221016986626524e-07 -4.626838104630028349e-08 5.573394527994052480e-08 -2.743884329108355853e-08 3.859781899161681885e-10 2.491620908718894271e-08 2.491540095834055176e-11 2.204680216566700679e-06 -7.609679710572768601e-08 5.091717229890179094e-09 5.578353253871546472e-06 2.989797048763932891e-09 2.108573235521581140e-09 3.690608025230391605e-08 1.661130892515702145e-06 3.998955382288850193e-07 2.693385886737136892e-08 3.762643824843193271e-07 3.762632295483149424e-08 2.287434453814578717e-06 3.933383243928268772e-08 3.827250990538282053e-09 -1.631103859245151899e-08 1.977517152549026356e-07 -1.639866299980418509e-08 5.009095819949484899e-09 -1.844681228857536294e-08
-1.048605305924592706e-05 -8.135205903668787120e-06 1.172951848633381434e-03 -6.194221904768195449e-05 1.775059315521143773e-03 -2.570280211951160489e-04 -2.841581147987091256e-04 2.285577891883652443e-02 2.359259622310264353e-03 6.573894855885501138e-05 -1.136809816100903027e-05 -3.849860844035714563e-04 -1.570362900102112177e-07 2.297887233883373279e-02 5.813623284379482170e-03 5.578353253871546472e-06 3.654441656894574786e-01 -9.516719102942186007e-06 1.806465563330504468e-04 7.485945049371527137e-05 1.886174393863884009e-03 4.956984793307127671e-03 6.381054375326253953e-04 4.791867849662158341e-03 6.922372299784694885e-04 2.433935404265868269e-02 7.413532012105497832e-04 -1.124924129160307198e-04 4.805484430111347420e-04 7.454306688214566018e-03 6.148010957081546154e-04 -1.120071886283973529e-04 5.440371212291588007e-04
4.123840834411578450e-11 -8.389662346735560957e-12 1.205060875713505155e-09 8.152581693972497945e-09 -1.537523221410912468e-07 -1.101817843162995602e-08 5.916068477996011527e-09 -1.401385097204150749e-07 -2.889138617996182540e-09 1.164127226698436857e-09 -1.167929471364461754e-11 9.115338129154629337e-08 2.135641451299621512e-13 6.770043384109441228e-09 5.360704464200342895e-05 2.989797048763932891e-09 -9.516719102942186007e-06 4.304018579056345852e-06 1.500378340392977818e-06 2.023875353513693367e-07 -3.141636761475696207e-06 8.480245808038305237e-06 4.258580544264865001e-07 8.368604981082761025e-06 3.946699893225219687e-07 1.931152907785126135e-05 1.716402265665063484e-07 8.018909762809110879e-09 1.539119201151671686e-09 2.406358840108012196e-07 2.992167630609797141e-09 5.279674847294433213e-08 1.644407310558054424e-09
8.103403347812206737e-09 3.058084038847012441e-10 -4.393399958169362755e-08 -2.025805774421674577e-07 4.622674298990236104e-06 -4.961760383181068375e-08 -2.160561088906128525e-07 5.011558489211916727e-06 1.252911006632140911e-07 -3.145432634465670334e-08 4.258026622596098769e-10 4.415395404898913460e-08 -2.117023414929056734e-11 6.899775579298562197e-07 3.460789223090749952e-05 2.108573235521581140e-09 1.806465563330504468e-04 1.500378340392977818e-06 9.689035381226635759e-07 1.841466690090309907e-07 3.209802644610641316e-07 6.367068895443150617e-06 8.887345799787709543e-07 6.025864516043477154e-06 7.676969474104170181e-07 2.464702422032543500e-05 8.688144730165828227e-07 7.412321420965620888e-09 -1.759475780164064850e-08 2.043472796590231868e-05 1.824170148128410687e-07 2.308413812338958677e-08 -1.998991429086922287e-08
-5.576372499612271721e-09 -5.094635626537550448e-09 7.341111167879309840e-07 2.261825989518793102e-06 -1.449811494506240054e-05 -2.415270682694163382e-05 4.430343452855829841e-07 9.907371429988000210e-07 1.491703066295964695e-06 2.274087007161639667e-07 -7.114910340485445889e-09 -2.011560445783732396e-07 -4.763558089645135133e-11 1.435668264447420149e-05 -4.901242935945715858e-06 3.690608025230391605e-08 7.485945049371527137e-05 2.023875353513693367e-07 1.841466690090309907e-07 2.924278176185572774e-06 1.314751231888230314e-04 3.474537693736840335e-05 2.594786593101866815e-06 3.295643560605564232e-05 3.597501593161448743e-06 1.984759605241554251e-04 3.906605804291584619e-06 -7.155570662637718642e-08 3.006292701615737696e-07 7.308657539180498730e-06 4.109831188897294689e-07 -7.224380572275090215e-08 3.404505903353170279e-07
-3.216107206725835973e-07 -2.343023486853720185e-07 3.376067256485687057e-05 1.045853311992168445e-04 -6.983525915340051127e-04 -1.098179895756603349e-03 2.196885154112873813e-05 2.906038733946252273e-06 6.679674552847249562e-05 1.060851302966812253e-05 -3.272040878286181011e-07 -9.515910836664602111e-06 -1.988654442091169335e-09 6.472128471394089514e-04 -5.107692157996069184e-04 1.661130892515702145e-06 1.886174393863884009e-03 -3.141636761475696207e-06 3.209802644610641316e-07 1.314751231888230314e-04 5.977340666858786331e-03 1.527386370284294697e-03 1.105760498676782442e-04 1.448878423659450201e-03 1.572012714198788019e-04 8.821628048313363488e-03 1.703964908699637216e-04 -3.316618383617812299e-06 1.382221016178536842e-05 1.610781053024085217e-04 1.716437003586435665e-05 -3.477267651184284945e-06 1.565363618250595110e-05
-1.080110028466868464e-06 -7.015558702269474340e-07 1.011276203287825320e-04 2.528618241975361718e-05 -1.464542351362511723e-04 -2.804183835066132910e-04 -1.930673571150942234e-05 1.217559900207606865e-04 6.703383121857566613e-05 3.013762242987206619e-06 3.305635964495641087e-06 -3.348547913789421846e-05 -6.880908702798704775e-09 7.738365970793964184e-04 4.728389958188312057e-06 3.998955382288850193e-07 4.956984793307127671e-03 8.480245808038305237e-06 6.367068895443150617e-06 3.474537693736840335e-05 1.527386370284294697e-03 9.758840633626466145e-04 7.030605734336527288e-05 5.991027312954948746e-04 7.195541917814756718e-05 3.870353899789655532e-03 8.261990760675864563e-05 -9.356601092151377980e-06 4.147606599460777592e-05 1.743544250118914216e-04 4.837040043555713531e-05 7.460147511940634288e-03 1.722291782653916320e-04
-9.340394538900821187e-08 -6.359336467611400957e-08 9.167141173950497211e-06 1.572916686255675811e-06 -5.218123873592164707e-06 -2.003782139737461158e-05 -2.347370483636477008e-06 1.779979311165212847e-05 5.811205926896523441e-06 1.573591817921368159e-07 1.343520930525861388e-07 -3.275589577554575571e-06 -6.567697135089936796e-10 6.704957844787823459e-05 1.573460183401691670e-05 2.693385886737136892e-08 6.381054375326253953e-04 4.258580544264865001e-07 8.887345799787709543e-07 2.594786593101866815e-06 1.105760498676782442e-04 7.030605734336527288e-05 5.847621867053018701e-06 4.979986424612591988e-05 6.378466461683475326e-06 3.051122189576452705e-04 7.196153061215341722e-06 -8.654327215242454315e-07 3.757542793936870250e-06 2.771743085310915709e-05 4.502460288860286926e-06 3.880927062889168752e-04 1.077823693007611641e-05
-1.065196322391022366e-06 -6.873450973023392779e-07 9.917951468916881444e-05 2.405685811845533010e-05 -1.403461085344997073e-04 -2.661103128439152275e-04 -1.928376726775674334e-05 1.203960227977311954e-04 6.522405555628958749e-05 2.875416173322949671e-06 -9.612350753028351088e-07 -3.084059023514458282e-05 -6.758216580669863186e-09 7.539372332711238682e-04 1.944030923502711498e-06 3.762643824843193271e-07 4.791867849662158341e-03 8.368604981082761025e-06 6.025864516043477154e-06 3.295643560605564232e-05 1.448878423659450201e-03 5.991027312954948746e-04 4.979986424612591988e-05 5.748707882752938925e-04 6.905418292786569213e-05 3.215091412456317146e-03 7.210010887356306910e-05 -8.993992445853412170e-06 4.069644956330602031e-05 1.551604095604763249e-04 4.728148597945618445e-05 -7.024722934816109709e-06 4.605150501755585370e-05
-1.485740589946813409e-07 -9.576009707906748128e-08 1.381295673764377279e-05 2.451249767816981633e-06 -1.198188747654198197e-05 -2.866143284862791090e-05 -3.205722194986503599e-06 1.535324851257465132e-05 8.202453555999844470e-06 2.310224377964950037e-07 -1.338733966532891732e-07 -4.709227092728421411e-06 -9.420224268487217521e-10 9.715706963114223362e-05 3.546739506576728867e-06 3.762632295483149424e-08 6.922372299784694885e-04 3.946699893225219687e-07 7.676969474104170181e-07 3.597501593161448743e-06 1.572012714198788019e-04 7.195541917814756718e-05 6.378466461683475326e-06 6.905418292786569213e-05 8.681425817101665510e-06 3.863859489760038926e-04 9.140046963809771066e-06 -1.283225559688800331e-06 5.664140345121746411e-06 2.079466488173982496e-05 6.576413284025984171e-06 -1.121938961524238210e-06 6.410752192767766650e-06
-5.503740379927553984e-06 -3.502473567360540703e-06 5.050236074197646122e-04 1.465281053979229371e-04 -8.616201535363400077e-04 -1.616398050285546137e-03 -9.262529046227975906e-05 5.536109703718686400e-04 3.353104112041397624e-04 1.593290376719635765e-05 1.363403189451531632e-06 -1.737406144154518659e-04 -3.406431199211839154e-08 3.871269488880619246e-03 -2.432933609541190821e-04 2.287434453814578717e-06 2.433935404265868269e-02 1.931152907785126135e-05 2.464702422032543500e-05 1.984759605241554251e-04 8.821628048313363488e-03 3.870353899789655532e-03 3.051122189576452705e-04 3.215091412456317146e-03 3.863859489760038926e-04 1.907738998119867108e-02 4.180657988011770220e-04 -4.733189450123830955e-05 2.070443868590271584e-04 5.676212463241727887e-04 2.385317923110746017e-04 1.086191906335143113e-02 4.173023768293908625e-04
-1.458492962614491728e-07 -9.434896720682291272e-08 1.360271191576291446e-05 2.588131843047960531e-06 -1.158717882950997817e-05 -3.097156118353249697e-05 -3.405760835221894663e-06 1.658355317134957768e-05 7.847230361256736888e-06 1.827710172722817830e-07 -4.209505975229037619e-08 -5.022614056923914895e-06 -9.346520943255276812e-10 9.322989069780775726e-05 8.184785929915211543e-06 3.933383243928268772e-08 7.413532012105497832e-04 1.716402265665063484e-07 8.688144730165828227e-07 3.906605804291584619e-06 1.703964908699637216e-04 8.261990760675864563e-05 7.196153061215341722e-06 7.210010887356306910e-05 9.140046963809771066e-06 4.180657988011770220e-04 9.874477370371390845e-06 -1.296086799433538822e-06 5.574035895438896680e-06 2.152405992351508993e-05 6.486212587292246555e-06 1.551116024018761705e-04 8.933586800704900691e-06
5.453460960509690124e-08 3.369884525991451801e-08 -4.518192024951377319e-06 -6.072859727942805097e-08 4.454334395179010042e-07 6.110638922631503234e-07 1.362757316001415034e-06 -1.892893204649932437e-06 -1.805579054460903828e-06 3.536086272543538267e-08 4.378973485550944909e-08 1.885390171451562717e-05 2.354535295724685023e-10 -2.355194167016820162e-05 6.818908432306124631e-07 3.827250990538282053e-09 -1.124924129160307198e-04 8.018909762809110879e-09 7.412321420965620888e-09 -7.155570662637718642e-08 -3.316618383617812299e-06 -9.356601092151377980e-06 -8.654327215242454315e-07 -8.993992445853412170e-06 -1.283225559688800331e-06 -4.733189450123830955e-05 -1.296086799433538822e-06 1.960166471334125188e-06 -1.668656508702935914e-06 1.800919355852067540e-05 -1.883300941399043106e-06 6.267014983880026704e-06 -1.975906744084782397e-06
-2.296409291475386524e-07 -1.317450660141008162e-07 1.902772785269420849e-05 2.530384813283302894e-07 -1.848639891664227928e-06 -2.551026864168003744e-06 -5.928962851354012688e-06 7.941042806857946467e-06 7.691648741475718971e-06 -1.718431728705718349e-07 -1.844142862832923179e-07 -5.612599077778820741e-06 -1.257595131594716435e-09 1.014065349991529819e-04 -1.148209792089438274e-05 -1.631103859245151899e-08 4.805484430111347420e-04 1.539119201151671686e-09 -1.759475780164064850e-08 3.006292701615737696e-07 1.382221016178536842e-05 4.147606599460777592e-05 3.757542793936870250e-06 4.069644956330602031e-05 5.664140345121746411e-06 2.070443868590271584e-04 5.574035895438896680e-06 -1.668656508702935914e-06 7.814257900762510117e-06 -3.781325322890080544e-05 8.401423464847207573e-06 -1.191093432397481873e-06 8.838258112736285327e-06
5.776695945774729480e-06 6.596471027510401626e-07 -9.508250672199647065e-05 -7.673368403995688849e-06 2.019808538864043066e-04 -1.977637483880796405e-05 1.416067271735899780e-05 2.775127261941940748e-04 -3.065461938591922375e-05 1.603422765625150197e-07 9.215274020581776833e-07 1.361461779924161286e-04 4.464937134097326591e-09 -4.764519158436882366e-04 -1.955284127090099570e-03 1.977517152549026356e-07 7.454306688214566018e-03 2.406358840108012196e-07 2.043472796590231868e-05 7.308657539180498730e-06 1.610781053024085217e-04 1.743544250118914216e-04 2.771743085310915709e-05 1.551604095604763249e-04 2.079466488173982496e-05 5.676212463241727887e-04 2.152405992351508993e-05 1.800919355852067540e-05 -3.781325322890080544e-05 1.269687911434314725e-02 8.228204001598807759e-05 6.652184397334509050e-05 -4.292263590223164199e-05
-2.012706734330246909e-07 -1.420765251504366842e-07 2.048093001936151071e-05 2.088793459341760224e-07 -7.907492574689142250e-08 -3.069031035892769122e-06 -6.529886062610491788e-06 1.169411428909350570e-05 8.353811137454468348e-06 -1.912561845916532626e-07 -1.984985344113912631e-07 -7.020649737521738907e-06 -1.364288608224745359e-09 1.093898097650145018e-04 -3.208213616634932313e-05 -1.639866299980418509e-08 6.148010957081546154e-04 2.992167630609797141e-09 1.824170148128410687e-07 4.109831188897294689e-07 1.716437003586435665e-05 4.837040043555713531e-05 4.502460288860286926e-06 4.728148597945618445e-05 6.576413284025984171e-06 2.385317923110746017e-04 6.486212587292246555e-06 -1.883300941399043106e-06 8.401423464847207573e-06 8.228204001598807759e-05 1.026237571790493114e-05 -1.382234246930671317e-06 9.511206196826458217e-06
5.709077314644911328e-08 3.281533092259106449e-08 -4.730449881807852223e-06 -6.292408859516374624e-08 4.597542547776932389e-07 6.343436343015190608e-07 1.472823730281045327e-06 -1.974396480633455748e-06 -1.911669049048538068e-06 4.258095143906855128e-08 9.116412894841433435e-05 6.704940593233357890e-05 8.975614618193469896e-11 -2.274104793782233619e-05 -1.020597660862333498e-05 5.009095819949484899e-09 -1.120071886283973529e-04 5.279674847294433213e-08 2.308413812338958677e-08 -7.224380572275090215e-08 -3.477267651184284945e-06 7.460147511940634288e-03 3.880927062889168752e-04 -7.024722934816109709e-06 -1.121938961524238210e-06 1.086191906335143113e-02 1.551116024018761705e-04 6.267014983880026704e-06 -1.191093432397481873e-06 6.652184397334509050e-05 -1.382234246930671317e-06 1.589226312343889613e-01 2.661790160562011853e-03
-2.600124619065728425e-07 -1.494531342144292407e-07 2.154421549940103444e-05 2.865795344352426055e-07 -2.093890642365773514e-06 -2.889035144548196549e-06 -6.707783113787189658e-06 8.992130626647746192e-06 8.706446740853194177e-06 -1.939293760411409227e-07 1.319910050820419901e-06 -7.323161972588867626e-06 -1.420194480385809378e-09 1.147970601690813386e-04 -1.297823727812579415e-05 -1.844681228857536294e-08 5.440371212291588007e-04 1.644407310558054424e-09 -1.998991429086922287e-08 3.404505903353170279e-07 1.565363618250595110e-05 1.722291782653916320e-04 1.077823693007611641e-05 4.605150501755585370e-05 6.410752192767766650e-06 4.173023768293908625e-04 8.933586800704900691e-06 -1.975906744084782397e-06 8.838258112736285327e-06 -4.292263590223164199e-05 9.511206196826458217e-06 2.661790160562011853e-03 5.469001728806151903e-05
