chiral_force = custom
chiral_impl = fast
par.chiral_order = WB N2LO
par.iterated_1PE = Ent-Mach
par.Lambda = 500.0
par.regulator = SF reg
par.regulator_limit = 700.0
# the nnlo_sat.f code is written by
# Ruprecht and modified for nnlo_sat by Andreas
# and he uses 2PE with 1/M_tz.
# The force was optimized with 1/M_N. This
# is a 1 keV effect in CC calcs on medium mass
# nuclei. Thus negligible.
par.f_pi = 92.4
par.g_A = 1.29

par.fine_structure = 0.007297352569800
par.m_proton = 938.272046
par.m_neutron = 939.565379
par.m_nucleon.mode = custom
par.m_nucleon = 938.9182671179
par.m_pi+ = 139.57018
par.m_pi = 134.9766
par.m_pi- = 139.57018

chiral.regulator=3

par.c1         =  0.068155351855422
par.c3         = -3.567119578163950
par.c4         =  3.721990243102570
par.Ct_1S0np   = -0.148129778614091
par.Ct_1S0nn   = -0.147922904964902
par.Ct_1S0pp   = -0.147317464624060
par.Ct_3S1     = -0.169291901735249
par.C_1S0      =  2.523599249139840
par.C_3P0      =  1.163544303769480
par.C_1P1      =  0.486156118376396
par.C_3P1      = -0.936383088253439
par.C_3S1      =  0.682482152084248
par.C_3S1-3D1  =  0.571203113104512
par.C_3P2      = -0.659689887899591
par.c_D        = -0.254218716078000
par.c_E        = -0.488736936933943

chiral.2PE.CSB.correct_mass = no
chiral.2PE.2-loop.int = no
chiral.2PE.1-loop_r = no
