chiral_force = custom
chiral_impl = fast
par.chiral_order = WB N2LO
par.iterated_1PE = Ent-Mach
par.Lambda = 500.0
par.regulator = SF reg
par.regulator_limit = 700.0
# the nnlo_sat.f code is written by
# Ruprecht and modified for nnlo_sat by Andreas
# and he uses 2PE with 1/M_tz.
# The force was optimized with 1/M_N. This
# is a 1 keV effect in CC calcs on medium mass
# nuclei. Thus negligible.
par.f_pi = 92.4
par.g_A = 1.29

par.fine_structure = 0.007297352569800
par.m_proton = 938.272046
par.m_neutron = 939.565379
par.m_nucleon.mode = custom
par.m_nucleon = 938.9182671179
par.m_pi+ = 139.57018
par.m_pi = 134.9766
par.m_pi- = 139.57018

chiral.regulator=3

par.c1         =  0.223841596775856
par.c3         = -3.555406802969360
par.c4         =  3.933451147062290
par.Ct_1S0np   = -0.147355583336988
par.Ct_1S0nn   = -0.147117838042339
par.Ct_1S0pp   = -0.146525827514611
par.Ct_3S1     = -0.168718941891471
par.C_1S0      =  2.547683766858780
par.C_3P0      =  1.160497075038310
par.C_1P1      =  0.520011536493719
par.C_3P1      = -0.955365086625806
par.C_3S1      =  0.705217297418910
par.C_3S1-3D1  =  0.597481847610272
par.C_3P2      = -0.657504189537127
par.c_D        = -0.324454678210943
par.c_E        = -0.520920162607190

chiral.2PE.CSB.correct_mass = no
chiral.2PE.2-loop.int = no
chiral.2PE.1-loop_r = no
