chiral_force = custom
chiral_impl = fast
par.chiral_order = WB N2LO
par.iterated_1PE = Ent-Mach
par.Lambda = 500.0
par.regulator = SF reg
par.regulator_limit = 700.0
# the nnlo_sat.f code is written by
# Ruprecht and modified for nnlo_sat by Andreas
# and he uses 2PE with 1/M_tz.
# The force was optimized with 1/M_N. This
# is a 1 keV effect in CC calcs on medium mass
# nuclei. Thus negligible.
par.f_pi = 92.4
par.g_A = 1.29

par.fine_structure = 0.007297352569800
par.m_proton = 938.272046
par.m_neutron = 939.565379
par.m_nucleon.mode = custom
par.m_nucleon = 938.9182671179
par.m_pi+ = 139.57018
par.m_pi = 134.9766
par.m_pi- = 139.57018

chiral.regulator=3

par.c1         = -0.663392672158673
par.c3         = -4.233863180611880
par.c4         =  1.963316430635620
par.Ct_1S0np   = -0.150792089532804
par.Ct_1S0nn   = -0.150705756033618
par.Ct_1S0pp   = -0.149993534695742
par.Ct_3S1     = -0.160846921012249
par.C_1S0      =  2.486876994995030
par.C_3P0      =  1.094745705142290
par.C_1P1      =  0.073475235753246
par.C_3P1      = -0.813344571266921
par.C_3S1      =  0.608980767106448
par.C_3S1-3D1  =  0.288481766632214
par.C_3P2      = -0.772729696521392
par.c_D        =  0.453694580125511
par.c_E        = -0.296483605646170

chiral.2PE.CSB.correct_mass = no
chiral.2PE.2-loop.int = no
chiral.2PE.1-loop_r = no
