ncsm.H2.Eexp       = -2.224575
ncsm.H2.Rexp       = 1.97535
ncsm.H2.Qexp       = 0.270
ncsm.H2.Dexp       = 4.0

ncsm.H3.Eexp       = -8.48
ncsm.H3.Rexp       = +1.60
ncsm.He3.Eexp      = -7.718
ncsm.He3.Rexp      = +1.77
ncsm.H3_He3.E1Aexp = 0.68
ncsm.He4.Eexp      = -28.31
ncsm.He4.Rexp      = +1.471

ncsm.H2.Eerr       = 0.00005
ncsm.H2.Rerr       = 0.005
ncsm.H2.Qerr       = 0.002
ncsm.H2.Derr       = 10.0
ncsm.H3.Eerr       = 0.005
ncsm.H3.Rerr       = 0.005

ncsm.He3.Eerr      = 0.005
ncsm.He3.Rerr      = 0.005
ncsm.H3_He3.E1Aerr = 1.0
ncsm.He4.Eerr      = 0.01
ncsm.He4.Rerr      = 0.005