3.952911752137007738e-06 3.950346158792638231e-06 3.940586385781612430e-06 9.083943561335528546e-05 3.931081588929133372e-06 9.092464123573727774e-05 2.109147173118572515e-06 -5.858205547349332805e-05 -5.752010624082882920e-05 -6.044566262648925662e-05 -5.927271622978823735e-05 7.310410784837017791e-05 1.290437315760253222e-05 5.865256594216236010e-04 2.058567511565413156e-03 -2.594400715780232898e-04 1.702671174314453336e-05 7.872055925419277919e-05 -1.337201924671774093e-04 4.318170032077064556e-05 -6.902247975249977535e-05 -6.081355094853430109e-05 3.211802828561376340e-03 -7.996972982358787826e-03 3.905932189051292179e-04 -3.396637132706718321e-04
3.950346158792638231e-06 3.949053262210967203e-06 3.939256987927216110e-06 9.090640560268041634e-05 3.933560618843466083e-06 9.093860598764823364e-05 2.144096217003888388e-06 -5.856661525472263153e-05 -5.748851982923457144e-05 -6.044566959093869343e-05 -5.926865047414296250e-05 7.297413024356808335e-05 1.284230374026212733e-05 5.864946747726957395e-04 2.058523193301966918e-03 -2.594846006335837065e-04 1.745268651513296479e-05 7.895676313777302065e-05 -1.338391639132770119e-04 4.312080802113958840e-05 -6.920608349894341062e-05 -6.098955525430868607e-05 3.212336932219733796e-03 -7.997089925530734278e-03 3.907486848537059789e-04 -3.417318286453724374e-04
3.940586385781612430e-06 3.939256987927216110e-06 4.049536061074900783e-06 9.067868301732459851e-05 3.921623115977843591e-06 9.072496150234008871e-05 2.190118605716070690e-06 -5.838278921945194147e-05 -5.728474261023709294e-05 -6.029868166190031079e-05 -5.910088991300379511e-05 7.225487484356339922e-05 1.432125104118018949e-05 5.850382989713216221e-04 2.053322329970641309e-03 -2.587571875033670837e-04 1.771998090982548682e-05 7.890107311514166287e-05 -1.335577847323951356e-04 4.296532344730825660e-05 -6.912951892569097324e-05 -6.099138628431669375e-05 3.204192694109592090e-03 -7.976853825252143426e-03 3.898246050118551629e-04 -3.423433502496911734e-04
9.083943561335528546e-05 9.090640560268041634e-05 9.067868301732459851e-05 2.200295917211010383e-03 9.152208083263311720e-05 2.191320631130191151e-03 1.148014371819689719e-04 -1.326412224720472819e-03 -1.277382036512214342e-03 -1.422445372287617230e-03 -1.379618873603082009e-03 1.527901717150069059e-03 2.202303521220179286e-04 1.360307713489525630e-02 4.788669720400022534e-02 -6.147191980129469539e-03 1.063837553710560895e-03 2.213094581777745422e-03 -3.311445329185909968e-03 9.114318065983979724e-04 -1.906932465227735964e-03 -1.684194124701588434e-03 7.580341943809508487e-02 -1.865546687413459359e-01 9.360210938276386158e-03 -1.116462976105778507e-02
3.931081588929133372e-06 3.933560618843466083e-06 3.921623115977843591e-06 9.152208083263311720e-05 4.606486475114240209e-06 8.722121166158297893e-05 -3.075698882633631057e-06 -5.921649286787630313e-05 -6.204512058083194693e-05 -6.034788040808462155e-05 -5.990316620381649622e-05 7.568748303982406392e-05 1.566637933623726923e-05 5.843836233692599165e-04 2.056346484356289146e-03 -2.633885942154048335e-04 1.255600708041474544e-05 7.746423713404931052e-05 -1.337159169688955252e-04 4.388158923200133495e-05 -6.863222858822505231e-05 -5.773855145003818894e-05 3.222585407076967653e-03 -7.995957238944485443e-03 3.909383944510370088e-04 -3.194170848740755493e-04
9.092464123573727774e-05 9.093860598764823364e-05 9.072496150234008871e-05 2.191320631130191151e-03 8.722121166158297893e-05 2.216745781305842072e-03 1.429341775549025000e-04 -1.319159389536668850e-03 -1.248020753776985566e-03 -1.420879776289033381e-03 -1.373941008688063558e-03 1.516811348228928403e-03 2.037748038169448267e-04 1.359386962693782432e-02 4.782546274786478313e-02 -6.116375292373197985e-03 1.093042869820908458e-03 2.219984282107868249e-03 -3.308054867926219552e-03 9.052953959557035260e-04 -1.908728489577815948e-03 -1.701220743824916840e-03 7.563493298163433132e-02 -1.862774416914440567e-01 9.346145672715799879e-03 -1.128912463422534866e-02
2.109147173118572515e-06 2.144096217003888388e-06 2.190118605716070690e-06 1.148014371819689719e-04 -3.075698882633631057e-06 1.429341775549025000e-04 1.279836441425804996e-04 2.614671309836361915e-05 9.735290376382546779e-05 -5.322767354632945247e-05 -1.180854208318115153e-05 -2.270515990776502042e-04 -1.253393683094897052e-04 4.159266360429230303e-04 1.385100813949274087e-03 -1.128856070293307601e-04 8.191807639739354108e-04 4.603995603153244196e-04 -2.742677065737724948e-04 -8.851203715028735852e-05 -3.438012482293425955e-04 -4.150051940596513524e-04 2.626672573011765675e-03 -5.578044683544283559e-03 4.916032560318469441e-04 -4.101416394444090327e-03
-5.858205547349332805e-05 -5.856661525472263153e-05 -5.838278921945194147e-05 -1.326412224720472819e-03 -5.921649286787630313e-05 -1.319159389536668850e-03 2.614671309836361915e-05 9.353478476325020581e-04 9.231071412423002415e-04 8.858062166411133018e-04 8.995164743936573306e-04 -1.254469793847632405e-03 -2.658227513703976803e-04 -8.657725507649503827e-03 -3.047900482807241671e-02 3.916104099602623137e-03 2.184320019373138739e-04 -9.389422227474206704e-04 1.884063720091261199e-03 -7.088172585363129502e-04 8.619656989971568326e-04 6.729992547192965163e-04 -4.745079611671831898e-02 1.183747637966761218e-01 -5.670112608442556476e-03 2.787642504445355177e-03
-5.752010624082882920e-05 -5.748851982923457144e-05 -5.728474261023709294e-05 -1.277382036512214342e-03 -6.204512058083194693e-05 -1.248020753776985566e-03 9.735290376382546779e-05 9.231071412423002415e-04 1.109954369862025140e-03 8.703673735530736023e-04 9.035116882090404996e-04 -1.378372805496963721e-03 -3.286683860703347232e-04 -8.416985645013723080e-03 -2.975692544266539397e-02 3.924001180896520731e-03 6.280999131289236211e-04 -7.265075904248174780e-04 1.765285163841474577e-03 -7.541527416618787338e-04 7.123034043547968926e-04 4.481166201289006265e-04 -4.638585030676093540e-02 1.156233774441191298e-01 -5.454254569134234926e-03 7.585591047830457512e-04
-6.044566262648925662e-05 -6.044566959093869343e-05 -6.029868166190031079e-05 -1.422445372287617230e-03 -6.034788040808462155e-05 -1.420879776289033381e-03 -5.322767354632945247e-05 8.858062166411133018e-04 8.703673735530736023e-04 9.528490415222470910e-04 9.132746718470914670e-04 -1.073733609074645429e-03 -1.723251697583215230e-04 -8.995925600454479643e-03 -3.163159669686070596e-02 4.032147560480769249e-03 -4.569953314643507834e-04 -1.324885415847582319e-03 2.117297243555665842e-03 -6.366193408013019446e-04 1.153118311776848547e-03 1.010178999824421636e-03 -4.972648096205843637e-02 1.230633250838244624e-01 -6.088705013443228981e-03 6.178812812789216680e-03
-5.927271622978823735e-05 -5.926865047414296250e-05 -5.910088991300379511e-05 -1.379618873603082009e-03 -5.990316620381649622e-05 -1.373941008688063558e-03 -1.180854208318115153e-05 8.995164743936573306e-04 9.035116882090404996e-04 9.132746718470914670e-04 9.094698297083514925e-04 -1.168132891176676185e-03 -2.217762120543956077e-04 -8.788967901288960091e-03 -3.096905672640826515e-02 4.000330834869337583e-03 -1.329110727405220359e-04 -1.146397585809322446e-03 2.009696853451388605e-03 -6.697877421325076040e-04 1.022920382460470925e-03 8.363847525521710992e-04 -4.862739993454388149e-02 1.204729129094330581e-01 -5.887012111207425707e-03 4.552176797332840169e-03
7.310410784837017791e-05 7.297413024356808335e-05 7.225487484356339922e-05 1.527901717150069059e-03 7.568748303982406392e-05 1.516811348228928403e-03 -2.270515990776502042e-04 -1.254469793847632405e-03 -1.378372805496963721e-03 -1.073733609074645429e-03 -1.168132891176676185e-03 2.598566689055861051e-03 6.424147449631526950e-04 1.057157609508382369e-02 3.742288027840050268e-02 -4.976396083837825689e-03 -1.876861313822223050e-03 3.539216784528111722e-04 -1.959715396653837274e-03 1.105595360574722873e-03 -4.815267138745585578e-04 -7.026433690392012987e-05 5.752968581518404928e-02 -1.450518068455400322e-01 6.529845672156971842e-03 4.273397440340963305e-03
1.290437315760253222e-05 1.284230374026212733e-05 1.432125104118018949e-05 2.202303521220179286e-04 1.566637933623726923e-05 2.037748038169448267e-04 -1.253393683094897052e-04 -2.658227513703976803e-04 -3.286683860703347232e-04 -1.723251697583215230e-04 -2.217762120543956077e-04 6.424147449631526950e-04 2.762591820549572088e-04 1.794363382876758718e-03 6.407188891973857048e-03 -8.973486734611983359e-04 -9.604812324628352310e-04 -2.627597562072747465e-04 -1.886630037722007789e-04 2.822309030705522168e-04 1.540348769656231629e-04 2.831359253869013357e-04 9.466250376593880050e-03 -2.467050408511344342e-02 9.351278782126072435e-04 3.797520069831300873e-03
5.865256594216236010e-04 5.864946747726957395e-04 5.850382989713216221e-04 1.360307713489525630e-02 5.843836233692599165e-04 1.359386962693782432e-02 4.159266360429230303e-04 -8.657725507649503827e-03 -8.416985645013723080e-03 -8.995925600454479643e-03 -8.788967901288960091e-03 1.057157609508382369e-02 1.794363382876758718e-03 8.730092501436975683e-02 3.063325954712908805e-01 -3.854611715010281686e-02 3.465324305342033437e-03 1.218707313091662268e-02 -2.011434888500502130e-02 6.290473355480606307e-03 -1.061762213884526011e-02 -9.478522538936395153e-03 4.785256754802935664e-01 -1.190269221608104111e+00 5.839291146431323243e-02 -5.501563709498968890e-02
2.058567511565413156e-03 2.058523193301966918e-03 2.053322329970641309e-03 4.788669720400022534e-02 2.056346484356289146e-03 4.782546274786478313e-02 1.385100813949274087e-03 -3.047900482807241671e-02 -2.975692544266539397e-02 -3.163159669686070596e-02 -3.096905672640826515e-02 3.742288027840050268e-02 6.407188891973857048e-03 3.063325954712908805e-01 1.090897976290081894e+00 -1.360171150302663390e-01 1.185499385164420078e-02 4.014442362062213554e-02 -6.323516116676540511e-02 1.883875944109224612e-02 -3.901146558622803351e-02 2.749339711080132920e-02 1.570952445807603182e+00 -4.206683737960118741e+00 1.371132044883334178e-01 -1.495856070571065510e-01
-2.594400715780232898e-04 -2.594846006335837065e-04 -2.587571875033670837e-04 -6.147191980129469539e-03 -2.633885942154048335e-04 -6.116375292373197985e-03 -1.128856070293307601e-04 3.916104099602623137e-03 3.924001180896520731e-03 4.032147560480769249e-03 4.000330834869337583e-03 -4.976396083837825689e-03 -8.973486734611983359e-04 -3.854611715010281686e-02 -1.360171150302663390e-01 1.772235238587172718e-02 -1.229806296652546666e-03 -5.416744484115434619e-03 9.034137686826830896e-03 -2.852810050031238595e-03 4.799321494767038593e-03 3.923404126105286063e-03 -2.148194878430068899e-01 5.297309829383378688e-01 -2.614434214382849175e-02 2.316731237576797470e-02
1.702671174314453336e-05 1.745268651513296479e-05 1.771998090982548682e-05 1.063837553710560895e-03 1.255600708041474544e-05 1.093042869820908458e-03 8.191807639739354108e-04 2.184320019373138739e-04 6.280999131289236211e-04 -4.569953314643507834e-04 -1.329110727405220359e-04 -1.876861313822223050e-03 -9.604812324628352310e-04 3.465324305342033437e-03 1.185499385164420078e-02 -1.229806296652546666e-03 7.215210601374792525e-03 4.120526327570615821e-03 -2.476953776253407527e-03 -7.801790700853104788e-04 -3.112651581082833893e-03 -3.578414050615322077e-03 2.380635816632833968e-02 -4.841661389792717429e-02 4.410950495842056937e-03 -3.618679064062725603e-02
7.872055925419277919e-05 7.895676313777302065e-05 7.890107311514166287e-05 2.213094581777745422e-03 7.746423713404931052e-05 2.219984282107868249e-03 4.603995603153244196e-04 -9.389422227474206704e-04 -7.265075904248174780e-04 -1.324885415847582319e-03 -1.146397585809322446e-03 3.539216784528111722e-04 -2.627597562072747465e-04 1.218707313091662268e-02 4.014442362062213554e-02 -5.416744484115434619e-03 4.120526327570615821e-03 8.800061339391531887e-03 -1.040255810459357437e-02 1.487664970783529605e-03 -2.003054311043839329e-03 -1.685774871020159424e-02 9.312677326618552798e-02 -1.636051031636150122e-01 -1.774252284165160620e-03 -6.725089798389194233e-03
-1.337201924671774093e-04 -1.338391639132770119e-04 -1.335577847323951356e-04 -3.311445329185909968e-03 -1.337159169688955252e-04 -3.308054867926219552e-03 -2.742677065737724948e-04 1.884063720091261199e-03 1.765285163841474577e-03 2.117297243555665842e-03 2.009696853451388605e-03 -1.959715396653837274e-03 -1.886630037722007789e-04 -2.011434888500502130e-02 -6.323516116676540511e-02 9.034137686826830896e-03 -2.476953776253407527e-03 -1.040255810459357437e-02 5.002063754823711517e-02 -2.823556534468385157e-02 8.241923357084814800e-03 4.087214156015051697e-02 -1.774545613842901381e-01 2.643827232427831131e-01 -6.356926136237268932e-02 4.362713050270347614e-02
4.318170032077064556e-05 4.312080802113958840e-05 4.296532344730825660e-05 9.114318065983979724e-04 4.388158923200133495e-05 9.052953959557035260e-04 -8.851203715028735852e-05 -7.088172585363129502e-04 -7.541527416618787338e-04 -6.366193408013019446e-04 -6.697877421325076040e-04 1.105595360574722873e-03 2.822309030705522168e-04 6.290473355480606307e-03 1.883875944109224612e-02 -2.852810050031238595e-03 -7.801790700853104788e-04 1.487664970783529605e-03 -2.823556534468385157e-02 1.904575351909275002e-02 -3.593656868008191993e-03 -1.431077576898758495e-02 5.737932900120777668e-02 -7.822998530231789482e-02 4.041221676599110468e-02 -2.375330170108141958e-02
-6.902247975249977535e-05 -6.920608349894341062e-05 -6.912951892569097324e-05 -1.906932465227735964e-03 -6.863222858822505231e-05 -1.908728489577815948e-03 -3.438012482293425955e-04 8.619656989971568326e-04 7.123034043547968926e-04 1.153118311776848547e-03 1.022920382460470925e-03 -4.815267138745585578e-04 1.540348769656231629e-04 -1.061762213884526011e-02 -3.901146558622803351e-02 4.799321494767038593e-03 -3.112651581082833893e-03 -2.003054311043839329e-03 8.241923357084814800e-03 -3.593656868008191993e-03 7.320083359717702298e-02 -2.954250639667227452e-03 -4.887488298717097834e-02 1.472889171357800175e-01 -1.636054585362949065e-01 1.821090022027736233e-01
-6.081355094853430109e-05 -6.098955525430868607e-05 -6.099138628431669375e-05 -1.684194124701588434e-03 -5.773855145003818894e-05 -1.701220743824916840e-03 -4.150051940596513524e-04 6.729992547192965163e-04 4.481166201289006265e-04 1.010178999824421636e-03 8.363847525521710992e-04 -7.026433690392012987e-05 2.831359253869013357e-04 -9.478522538936395153e-03 2.749339711080132920e-02 3.923404126105286063e-03 -3.578414050615322077e-03 -1.685774871020159424e-02 4.087214156015051697e-02 -1.431077576898758495e-02 -2.954250639667227452e-03 7.888392200353288031e-01 -1.616894206540772316e+00 5.683739602646709077e-01 -5.985745850418586755e-01 3.814224971244472573e-01
3.211802828561376340e-03 3.212336932219733796e-03 3.204192694109592090e-03 7.580341943809508487e-02 3.222585407076967653e-03 7.563493298163433132e-02 2.626672573011765675e-03 -4.745079611671831898e-02 -4.638585030676093540e-02 -4.972648096205843637e-02 -4.862739993454388149e-02 5.752968581518404928e-02 9.466250376593880050e-03 4.785256754802935664e-01 1.570952445807603182e+00 -2.148194878430068899e-01 2.380635816632833968e-02 9.312677326618552798e-02 -1.774545613842901381e-01 5.737932900120777668e-02 -4.887488298717097834e-02 -1.616894206540772316e+00 5.780717236291661898e+00 -7.487235870892935630e+00 1.565007079199855600e+00 -1.109064853960302743e+00
-7.996972982358787826e-03 -7.997089925530734278e-03 -7.976853825252143426e-03 -1.865546687413459359e-01 -7.995957238944485443e-03 -1.862774416914440567e-01 -5.578044683544283559e-03 1.183747637966761218e-01 1.156233774441191298e-01 1.230633250838244624e-01 1.204729129094330581e-01 -1.450518068455400322e-01 -2.467050408511344342e-02 -1.190269221608104111e+00 -4.206683737960118741e+00 5.297309829383378688e-01 -4.841661389792717429e-02 -1.636051031636150122e-01 2.643827232427831131e-01 -7.822998530231789482e-02 1.472889171357800175e-01 5.683739602646709077e-01 -7.487235870892935630e+00 1.685560391799914370e+01 -1.069269341573264143e+00 9.453650764081094060e-01
3.905932189051292179e-04 3.907486848537059789e-04 3.898246050118551629e-04 9.360210938276386158e-03 3.909383944510370088e-04 9.346145672715799879e-03 4.916032560318469441e-04 -5.670112608442556476e-03 -5.454254569134234926e-03 -6.088705013443228981e-03 -5.887012111207425707e-03 6.529845672156971842e-03 9.351278782126072435e-04 5.839291146431323243e-02 1.371132044883334178e-01 -2.614434214382849175e-02 4.410950495842056937e-03 -1.774252284165160620e-03 -6.356926136237268932e-02 4.041221676599110468e-02 -1.636054585362949065e-01 -5.985745850418586755e-01 1.565007079199855600e+00 -1.069269341573264143e+00 3.142488064670027281e+00 -2.721539855686137876e+00
-3.396637132706718321e-04 -3.417318286453724374e-04 -3.423433502496911734e-04 -1.116462976105778507e-02 -3.194170848740755493e-04 -1.128912463422534866e-02 -4.101416394444090327e-03 2.787642504445355177e-03 7.585591047830457512e-04 6.178812812789216680e-03 4.552176797332840169e-03 4.273397440340963305e-03 3.797520069831300873e-03 -5.501563709498968890e-02 -1.495856070571065510e-01 2.316731237576797470e-02 -3.618679064062725603e-02 -6.725089798389194233e-03 4.362713050270347614e-02 -2.375330170108141958e-02 1.821090022027736233e-01 3.814224971244472573e-01 -1.109064853960302743e+00 9.453650764081094060e-01 -2.721539855686137876e+00 2.631478513476384506e+00
