par.Ct_1S0 = -0.107684069666499
par.Ct_3S1 = -0.717182704859215E-01
