2.518623750928887939e-10 7.477788060375598218e-14 3.936672636450484506e-06 -6.612720150774523988e-12 -2.264294351012154727e-09 -4.310576846209258263e-07 -3.020043011571589773e-11 -4.447794916907771395e-09 9.870471161331598409e-12 3.460677689025471330e-12 4.612346340670649464e-13 -8.873881133220722464e-12 9.305278652631315720e-08 2.778195683914831568e-09 9.032027146330594672e-08 4.484010649573355861e-09 2.597963144801169687e-07 1.845171594738525851e-09 1.676202086922848204e-07 1.493949848438075949e-08 1.877298681639392126e-06 1.408694758199442429e-08 1.936916654907692465e-06 1.407166607435614996e-08
7.477788060375598218e-14 1.349533435503836367e-11 1.168797190433860812e-09 -1.963315075220340901e-15 -6.722684663372203242e-13 2.644666277473138613e-08 7.980457875679935083e-13 3.028566610802979181e-10 1.781346402016681787e-09 6.245563812632902556e-10 8.324006447631467514e-11 -1.601489530764599016e-09 5.221759333097339838e-09 1.790543508133656966e-10 5.131816530914950904e-09 1.830389846281493285e-10 1.468131866386791366e-08 9.917275960870178026e-11 4.976640098683098399e-11 4.435533626382290552e-12 5.573695420820422716e-10 4.182411461693112963e-12 5.750701044834357502e-10 4.177874385628461815e-12
3.936672636450484506e-06 1.168797190433860812e-09 6.153126226009771743e-02 -1.033583192875658564e-07 -3.539149182277236198e-05 -6.737527630131864322e-03 -4.720398605107027978e-07 -6.952016446216794949e-05 1.542779612084454026e-07 5.409126771813490796e-08 7.209214008510177036e-09 -1.387010069241025305e-07 1.454438991383300277e-03 4.342388485806330742e-05 1.411729097495382232e-03 7.008619044036595717e-05 4.060682834343650079e-03 2.884049009334768818e-05 2.619951474570447747e-03 2.335080241137686273e-04 2.934286750779473499e-02 2.201824371320021726e-04 3.027472185751722486e-02 2.199435833333790013e-04
-6.612720150774523988e-12 -1.963315075220340901e-15 -1.033583192875658564e-07 1.736192901729891796e-13 5.944971280359000378e-11 1.131757549613644236e-08 7.929222692295093057e-13 1.167781423820283089e-10 -2.591521004717995189e-13 -9.086110256581365949e-14 -1.210984990600552566e-14 2.329863385677040309e-13 -2.443127138990672663e-09 -7.294237657381804461e-11 -2.371384140600973568e-09 -1.177290783704967178e-10 -6.821026378982424716e-09 -4.844553882514319646e-11 -4.400905409229407930e-09 -3.922411620487267472e-10 -4.928852793080412551e-08 -3.698571909747571265e-10 -5.085379122368617083e-08 -3.694559704594902190e-10
-2.264294351012154727e-09 -6.722684663372203242e-13 -3.539149182277236198e-05 5.944971280359000378e-11 2.035647013928730689e-08 3.875297195290202880e-06 2.715080654492257534e-10 3.998658741127816775e-08 -8.873755789874998569e-11 -3.111220141200552558e-11 -4.146593853203196949e-12 7.977800937595428865e-11 -8.365636053784147972e-07 -2.497654874563459750e-08 -8.119977349734408132e-07 -4.031217507541295477e-08 -2.335622074985915386e-06 -1.658847085664121286e-08 -1.506939896442081754e-06 -1.343091547043727909e-07 -1.687729481613165264e-05 -1.266445474465019349e-07 -1.741327237146269221e-05 -1.265071635613923326e-07
-4.310576846209258263e-07 2.644666277473138613e-08 -6.737527630131864322e-03 1.131757549613644236e-08 3.875297195290202880e-06 7.900795431817981065e-04 5.327670308526910860e-08 8.211294334338821267e-06 3.490885544851713204e-06 1.223936476103197427e-06 1.631246662728331564e-07 -3.138421946497988966e-06 -1.490298520012362307e-04 -4.403866922018684235e-06 -1.445287184982256741e-04 -7.316490223700381858e-06 -4.158781359851552160e-04 -2.963767920976370638e-06 -2.868778839751224825e-04 -2.556868944967343507e-05 -3.212922962382742942e-03 -2.410956485385253340e-05 -3.314956150706343651e-03 -2.408341083734649314e-05
-3.020043011571589773e-11 7.980457875679935083e-13 -4.720398605107027978e-07 7.929222692295093057e-13 2.715080654492257534e-10 5.327670308526910860e-08 3.669549488988860435e-12 5.515178474822068802e-10 1.053398114573057247e-10 3.693310480346233667e-11 4.922396263669336089e-12 -9.470398846524100974e-11 -1.084720758865571863e-08 -3.224712568658215021e-10 -1.052488587238606084e-08 -5.268050075770698698e-10 -3.027844943422037842e-08 -2.153540306116213756e-10 -2.009904569670066756e-08 -1.791373091040032693e-09 -2.251025269433640739e-07 -1.689145028136048259e-09 -2.322511553847215302e-07 -1.687312645836500387e-09
-4.447794916907771395e-09 3.028566610802979181e-10 -6.952016446216794949e-05 1.167781423820283089e-10 3.998658741127816775e-08 8.211294334338821267e-06 5.515178474822068802e-10 8.540238140018299733e-08 3.997623186308929481e-08 1.401603398563174255e-08 1.868038808356074451e-09 -3.593996023159133795e-08 -1.526204282538935899e-06 -4.504469199362559907e-08 -1.479958071029232658e-06 -7.509034623895048639e-08 -4.258734728249294678e-06 -3.036208274623087534e-08 -2.960110247477678140e-06 -2.638259227461455837e-07 -3.315240331908210150e-05 -2.487701940760061052e-07 -3.420523500029516538e-05 -2.485003283945799293e-07
9.870471161331598409e-12 1.781346402016681787e-09 1.542779612084454026e-07 -2.591521004717995189e-13 -8.873755789874998569e-11 3.490885544851713204e-06 1.053398114573057247e-10 3.997623186308929481e-08 2.351327462412607884e-07 8.243969505297949656e-08 1.098745570449857781e-08 -2.113921385697977291e-07 6.892576348225327966e-07 2.363467352503293679e-08 6.773854364430457385e-07 2.416063404463594919e-08 1.937893020510336709e-06 1.309052690571973486e-08 6.569025785144243084e-09 5.854780369353280744e-10 7.357122120937574336e-08 5.520666189237492823e-10 7.590764595840199374e-08 5.514677375688521998e-10
3.460677689025471330e-12 6.245563812632902556e-10 5.409126771813490796e-08 -9.086110256581365949e-14 -3.111220141200552558e-11 1.223936476103197427e-06 3.693310480346233667e-11 1.401603398563174255e-08 8.243969505297949656e-08 2.890411388681869184e-08 3.852302773258090475e-09 -7.411602357506164371e-08 2.416600437890931989e-07 8.286533373462087364e-09 2.374975421573103566e-07 8.470939956727910007e-09 6.794430557997753040e-07 4.589658826772316444e-09 2.303160668780941355e-09 2.052739678776510133e-10 2.579474466131248155e-08 1.935596183820870818e-10 2.661391659796302390e-08 1.933496450880604898e-10
4.612346340670649464e-13 8.324006447631467514e-11 7.209214008510177036e-09 -1.210984990600552566e-14 -4.146593853203196949e-12 1.631246662728331564e-07 4.922396263669336089e-12 1.868038808356074451e-09 1.098745570449857781e-08 3.852302773258090475e-09 5.134299148212146176e-10 -9.878087431798027695e-09 3.220813732260173619e-08 1.104418415228551729e-09 3.165336450477531798e-08 1.128995885369206794e-09 9.055528948912073252e-08 6.117037729970148523e-10 3.069622669014194991e-10 2.735864820750752166e-11 3.437890116049502567e-09 2.579737489965853997e-11 3.547068289441928814e-09 2.576938993135586304e-11
-8.873881133220722464e-12 -1.601489530764599016e-09 -1.387010069241025305e-07 2.329863385677040309e-13 7.977800937595428865e-11 -3.138421946497988966e-06 -9.470398846524100974e-11 -3.593996023159133795e-08 -2.113921385697977291e-07 -7.411602357506164371e-08 -9.878087431798027695e-09 1.900485510235230272e-07 -6.196654819404400430e-07 -2.124835610903313532e-08 -6.089919815548196452e-07 -2.172121207604274795e-08 -1.742230125238320906e-06 -1.176881824968053143e-08 -5.905772176513573263e-09 -5.263641848002779238e-10 -6.614296928169449690e-08 -4.963262112245827388e-10 -6.824349266214132070e-08 -4.957877970121762951e-10
9.305278652631315720e-08 5.221759333097339838e-09 1.454438991383300277e-03 -2.443127138990672663e-09 -8.365636053784147972e-07 -1.490298520012362307e-04 -1.084720758865571863e-08 -1.526204282538935899e-06 6.892576348225327966e-07 2.416600437890931989e-07 3.220813732260173619e-08 -6.196654819404400430e-07 3.637831805142244143e-05 1.095026635771192636e-06 3.533446087914075687e-05 1.726593709679813885e-06 1.016049745179419000e-04 7.196741210336281658e-07 6.192879997577170918e-05 5.519529476803085527e-06 6.935858024128972298e-04 5.204546986607086168e-06 7.156122473707706962e-04 5.198901098354611891e-06
2.778195683914831568e-09 1.790543508133656966e-10 4.342388485806330742e-05 -7.294237657381804461e-11 -2.497654874563459750e-08 -4.403866922018684235e-06 -3.224712568658215021e-10 -4.504469199362559907e-08 2.363467352503293679e-08 8.286533373462087364e-09 1.104418415228551729e-09 -2.124835610903313532e-08 1.095026635771192636e-06 3.299903407603822127e-08 1.063708185755300570e-06 5.186115281622754261e-08 3.058585840296963946e-06 2.165588767194159465e-08 1.848952008992187476e-06 1.647918106388855687e-07 2.070770167939015250e-05 1.553876541177581504e-07 2.136532197030060955e-05 1.552190897566073762e-07
9.032027146330594672e-08 5.131816530914950904e-09 1.411729097495382232e-03 -2.371384140600973568e-09 -8.119977349734408132e-07 -1.445287184982256741e-04 -1.052488587238606084e-08 -1.479958071029232658e-06 6.773854364430457385e-07 2.374975421573103566e-07 3.165336450477531798e-08 -6.089919815548196452e-07 3.533446087914075687e-05 1.063708185755300570e-06 3.432083809683462500e-05 1.676745492077652839e-06 9.868992711912520839e-05 6.990040317196735070e-07 6.011024885215525757e-05 5.357447277132591171e-06 6.732185634740697625e-04 5.051714315227194352e-06 6.945981999036439239e-04 5.046234219704332249e-06
4.484010649573355861e-09 1.830389846281493285e-10 7.008619044036595717e-05 -1.177290783704967178e-10 -4.031217507541295477e-08 -7.316490223700381858e-06 -5.268050075770698698e-10 -7.509034623895048639e-08 2.416063404463594919e-08 8.470939956727910007e-09 1.128995885369206794e-09 -2.172121207604274795e-08 1.726593709679813885e-06 5.186115281622754261e-08 1.676745492077652839e-06 8.227732426051408874e-08 4.821899665292031868e-06 3.417829719519228615e-08 2.984210150497137534e-06 2.659741553342537888e-07 3.342224056273460829e-05 2.507958372140323968e-07 3.448363985062131390e-05 2.505237741626833461e-07
2.597963144801169687e-07 1.468131866386791366e-08 4.060682834343650079e-03 -6.821026378982424716e-09 -2.335622074985915386e-06 -4.158781359851552160e-04 -3.027844943422037842e-08 -4.258734728249294678e-06 1.937893020510336709e-06 6.794430557997753040e-07 9.055528948912073252e-08 -1.742230125238320906e-06 1.016049745179419000e-04 3.058585840296963946e-06 9.868992711912520839e-05 4.821899665292031868e-06 2.837843604483828168e-04 2.010025089421406177e-06 1.729004791931893620e-04 1.541010782888937875e-05 1.936437741625937365e-03 1.453070063670612630e-05 1.997933847709563050e-03 1.451493774522773048e-05
1.845171594738525851e-09 9.917275960870178026e-11 2.884049009334768818e-05 -4.844553882514319646e-11 -1.658847085664121286e-08 -2.963767920976370638e-06 -2.153540306116213756e-10 -3.036208274623087534e-08 1.309052690571973486e-08 4.589658826772316444e-09 6.117037729970148523e-10 -1.176881824968053143e-08 7.196741210336281658e-07 2.165588767194159465e-08 6.990040317196735070e-07 3.417829719519228615e-08 2.010025089421406177e-06 1.423869181999740929e-08 1.228003553010896241e-06 1.094484308205613014e-07 1.375327209654586667e-05 1.032025487734575901e-07 1.419003872505688108e-05 1.030905947558931181e-07
1.676202086922848204e-07 4.976640098683098399e-11 2.619951474570447747e-03 -4.400905409229407930e-09 -1.506939896442081754e-06 -2.868778839751224825e-04 -2.009904569670066756e-08 -2.960110247477678140e-06 6.569025785144243084e-09 2.303160668780941355e-09 3.069622669014194991e-10 -5.905772176513573263e-09 6.192879997577170918e-05 1.848952008992187476e-06 6.011024885215525757e-05 2.984210150497137534e-06 1.729004791931893620e-04 1.228003553010896241e-06 1.115554789731214714e-04 9.942571859950759741e-06 1.249400758178590776e-03 9.375179557615813175e-06 1.289078629280682609e-03 9.365009364737991639e-06
1.493949848438075949e-08 4.435533626382290552e-12 2.335080241137686273e-04 -3.922411620487267472e-10 -1.343091547043727909e-07 -2.556868944967343507e-05 -1.791373091040032693e-09 -2.638259227461455837e-07 5.854780369353280744e-10 2.052739678776510133e-10 2.735864820750752166e-11 -5.263641848002779238e-10 5.519529476803085527e-06 1.647918106388855687e-07 5.357447277132591171e-06 2.659741553342537888e-07 1.541010782888937875e-05 1.094484308205613014e-07 9.942571859950759741e-06 8.861532478224424195e-07 1.113537297539499659e-04 8.355832386038723023e-07 1.148900200370902251e-04 8.346767988358425158e-07
1.877298681639392126e-06 5.573695420820422716e-10 2.934286750779473499e-02 -4.928852793080412551e-08 -1.687729481613165264e-05 -3.212922962382742942e-03 -2.251025269433640739e-07 -3.315240331908210150e-05 7.357122120937574336e-08 2.579474466131248155e-08 3.437890116049502567e-09 -6.614296928169449690e-08 6.935858024128972298e-04 2.070770167939015250e-05 6.732185634740697625e-04 3.342224056273460829e-05 1.936437741625937365e-03 1.375327209654586667e-05 1.249400758178590776e-03 1.113537297539499659e-04 1.399339008498741085e-02 1.049990957735892568e-04 1.443779302331154278e-02 1.048851925720669043e-04
1.408694758199442429e-08 4.182411461693112963e-12 2.201824371320021726e-04 -3.698571909747571265e-10 -1.266445474465019349e-07 -2.410956485385253340e-05 -1.689145028136048259e-09 -2.487701940760061052e-07 5.520666189237492823e-10 1.935596183820870818e-10 2.579737489965853997e-11 -4.963262112245827388e-10 5.204546986607086168e-06 1.553876541177581504e-07 5.051714315227194352e-06 2.507958372140323968e-07 1.453070063670612630e-05 1.032025487734575901e-07 9.375179557615813175e-06 8.355832386038723023e-07 1.049990957735892568e-04 7.878991032384941267e-07 1.083335798834025344e-04 7.870443911770943982e-07
1.936916654907692465e-06 5.750701044834357502e-10 3.027472185751722486e-02 -5.085379122368617083e-08 -1.741327237146269221e-05 -3.314956150706343651e-03 -2.322511553847215302e-07 -3.420523500029516538e-05 7.590764595840199374e-08 2.661391659796302390e-08 3.547068289441928814e-09 -6.824349266214132070e-08 7.156122473707706962e-04 2.136532197030060955e-05 6.945981999036439239e-04 3.448363985062131390e-05 1.997933847709563050e-03 1.419003872505688108e-05 1.289078629280682609e-03 1.148900200370902251e-04 1.443779302331154278e-02 1.083335798834025344e-04 1.489630950908545949e-02 1.082160594230921745e-04
1.407166607435614996e-08 4.177874385628461815e-12 2.199435833333790013e-04 -3.694559704594902190e-10 -1.265071635613923326e-07 -2.408341083734649314e-05 -1.687312645836500387e-09 -2.485003283945799293e-07 5.514677375688521998e-10 1.933496450880604898e-10 2.576938993135586304e-11 -4.957877970121762951e-10 5.198901098354611891e-06 1.552190897566073762e-07 5.046234219704332249e-06 2.505237741626833461e-07 1.451493774522773048e-05 1.030905947558931181e-07 9.365009364737991639e-06 8.346767988358425158e-07 1.048851925720669043e-04 7.870443911770943982e-07 1.082160594230921745e-04 7.861906063065028976e-07
