3.831208408765014742e-11 2.226807727889908627e-14 8.794681362302431836e-07 -1.803671414870830029e-12 -1.285544750667816568e-09 -8.937854087612268721e-08 -9.793503866937788878e-12 -2.444186795065679698e-09 2.615922655222645459e-12 9.205092698975598862e-13 1.124490152682102817e-13 -3.630778581871284325e-12 1.638122219942032599e-08 6.004870858988791834e-10 1.570382547108786557e-08 1.061881048945690461e-09 3.882528959487669963e-08 3.787412589883584785e-10 3.896099780017160017e-08 3.591385170582499071e-09 5.709612247988340909e-07 3.366117822912809575e-09 5.966863056803943769e-07 3.362270872407647891e-09
2.226807727889908627e-14 6.969437272184345332e-12 5.111719941180987004e-10 -1.048345330423614577e-15 -7.471953180062513470e-13 1.141643126643041468e-08 3.346353739215949639e-13 -3.351252774467200703e-10 8.187284706316364940e-10 2.880999349276744682e-10 3.519416375356844232e-11 -1.136356913918226845e-09 2.296534975595401361e-09 1.054904779560155954e-10 2.243888075778330220e-09 1.108091987605207302e-10 6.419484914037519853e-09 6.763189138893257191e-11 2.264524445844239303e-11 2.087415613670637369e-12 3.318589677342486897e-10 1.956483798662998989e-12 3.468111193260533965e-10 1.954247841179165717e-12
8.794681362302431836e-07 5.111719941180987004e-10 2.018852821947244788e-02 -4.140392245110614956e-08 -2.951015657871544108e-05 -2.051715842908650392e-03 -2.248134214353353705e-07 -5.610721650975774389e-05 6.004947726165978704e-08 2.113063257193322690e-08 2.581308958539614667e-09 -8.334587241760812391e-08 3.760370944212817926e-04 1.378440287417138838e-05 3.604872007778860631e-04 2.437587163080121318e-05 8.912490333370438368e-04 8.694146002185437657e-06 8.943649115839473560e-04 8.244156903139900528e-05 1.310667038529332931e-02 7.727047297864458267e-05 1.369720214440981430e-02 7.718216479710239054e-05
-1.803671414870830029e-12 -1.048345330423614577e-15 -4.140392245110614956e-08 8.491401917558020816e-14 6.052138612763546796e-11 4.207802756045745984e-09 4.610626960860251940e-13 1.150683911111002743e-10 -1.231534391485348378e-13 -4.333609869895277778e-14 -5.293919119967833414e-15 1.709312269979342670e-13 -7.712015235449078816e-10 -2.826997172143599735e-11 -7.393107726767331164e-10 -4.999166191044391754e-11 -1.827832119955037789e-09 -1.783053154733413870e-11 -1.834219414862102664e-09 -1.690766811849429181e-10 -2.687982898461083566e-08 -1.584714569035054307e-10 -2.809091702292026807e-08 -1.582903486550495721e-10
-1.285544750667816568e-09 -7.471953180062513470e-13 -2.951015657871544108e-05 6.052138612763546796e-11 4.313587607379316306e-08 2.999056952340593560e-06 3.286166295455506209e-10 8.201358865908681506e-08 -8.777610818201484645e-11 -3.088727455174339433e-11 -3.773176133291420230e-12 1.218291423689782489e-10 -5.496645378335137789e-07 -2.014907427035988476e-08 -5.269347952577169714e-07 -3.563094133268815225e-08 -1.302765121965249360e-06 -1.270849265662002347e-08 -1.307318673821238928e-06 -1.205073156966071878e-07 -1.915834203340316855e-05 -1.129485711977561800e-07 -2.002153520430289378e-05 -1.128194885039885039e-07
-8.937854087612268721e-08 1.141643126643041468e-08 -2.051715842908650392e-03 4.207802756045745984e-09 2.999056952340593560e-06 2.273837090028763756e-04 2.340737332111250529e-08 5.152941030932264163e-06 1.341135153724979838e-06 4.719280725771397808e-07 5.765052979960510087e-08 -1.861433009709950693e-06 -3.445252020418605764e-05 -1.227867785479456284e-06 -3.295820045410694551e-05 -2.295946534406969621e-06 -8.004948239775789404e-05 -7.726404131082706941e-07 -9.089226869692934043e-05 -8.378371006833009653e-06 -1.331991953842973173e-03 -7.852843223034454122e-06 -1.392005657427158915e-03 -7.843868644493112675e-06
-9.793503866937788878e-12 3.346353739215949639e-13 -2.248134214353353705e-07 4.610626960860251940e-13 3.286166295455506209e-10 2.340737332111250529e-08 2.520078378439192595e-12 6.084985003380750808e-10 3.931099387726928975e-11 1.383302932788932945e-11 1.689836887311155855e-12 -5.456182564862424584e-11 -4.075761402670618397e-09 -1.483649531029951031e-10 -3.905153865222883045e-09 -2.660618987000621911e-10 -9.612319688113366270e-09 -9.352369577663293431e-11 -9.959374842601453001e-09 -9.180458431062181170e-10 -1.459511935778241645e-07 -8.604620136448934115e-10 -1.525271225209302049e-07 -8.594786392165680956e-10
-2.444186795065679698e-09 -3.351252774467200703e-10 -5.610721650975774389e-05 1.150683911111002743e-10 8.201358865908681506e-08 5.152941030932264163e-06 6.084985003380750808e-10 1.719093868779363934e-07 -3.936854549038747213e-08 -1.385328053844787611e-08 -1.692310782676842573e-09 5.464170356232441656e-08 -1.154573926902641926e-06 -4.334343282272615079e-08 -1.108856264381050521e-06 -7.302069868837863924e-08 -2.783220004166013824e-06 -2.739022299545365723e-08 -2.485585371194965757e-06 -2.291187344605838163e-07 -3.642547471770696857e-05 -2.147474077792781775e-07 -3.806665143861280158e-05 -2.145019848050903561e-07
2.615922655222645459e-12 8.187284706316364940e-10 6.004947726165978704e-08 -1.231534391485348378e-13 -8.777610818201484645e-11 1.341135153724979838e-06 3.931099387726928975e-11 -3.936854549038747213e-08 9.617940241012189787e-08 3.384428450331029893e-08 4.134403205591914130e-09 -1.334925218512136099e-07 2.697834132002689930e-07 1.239240044262810069e-08 2.635987652684708229e-07 1.301721245948690707e-08 7.541233069339164591e-07 7.944996528839862043e-09 2.660230035868988260e-09 2.452173003604512152e-10 3.898483832038322692e-08 2.298362013602528754e-10 4.074132908652010395e-08 2.295735342352543019e-10
9.205092698975598862e-13 2.880999349276744682e-10 2.113063257193322690e-08 -4.333609869895277778e-14 -3.088727455174339433e-11 4.719280725771397808e-07 1.383302932788932945e-11 -1.385328053844787611e-08 3.384428450331029893e-08 1.190936509306384560e-08 1.454842897023592612e-09 -4.697428795098718639e-08 9.493328493659743520e-08 4.360725077519589434e-09 9.275698751055714968e-08 4.580588325398461672e-09 2.653662135643557392e-07 2.795741287600986657e-09 9.361004625413454300e-10 8.628878903599568094e-11 1.371825919802409123e-08 8.087637969645347300e-11 1.433634552684694360e-08 8.078395054034898534e-11
1.124490152682102817e-13 3.519416375356844232e-11 2.581308958539614667e-09 -5.293919119967833414e-15 -3.773176133291420230e-12 5.765052979960510087e-08 1.689836887311155855e-12 -1.692310782676842573e-09 4.134403205591914130e-09 1.454842897023592612e-09 1.777229803831825226e-10 -5.738358746375152320e-09 1.159700915609098579e-08 5.327042935475930965e-10 1.133115360131337092e-08 5.595626930822331281e-10 3.241702222371691144e-08 3.415265492564054659e-10 1.143536286424384291e-10 1.054100124025852125e-11 1.675816625504654691e-09 9.879823650454549367e-12 1.751321784798692877e-09 9.868532544622230665e-12
-3.630778581871284325e-12 -1.136356913918226845e-09 -8.334587241760812391e-08 1.709312269979342670e-13 1.218291423689782489e-10 -1.861433009709950693e-06 -5.456182564862424584e-11 5.464170356232441656e-08 -1.334925218512136099e-07 -4.697428795098718639e-08 -5.738358746375152320e-09 1.852813915396894698e-07 -3.744467872813413708e-07 -1.720007359770400020e-08 -3.658627845481979326e-07 -1.806728352027859572e-08 -1.046687957213165911e-06 -1.102728447037096926e-08 -3.692275158267330766e-09 -3.403501706360314780e-10 -5.410913645838150977e-08 -3.190019229332551474e-10 -5.654706367883720491e-08 -3.186373532202712320e-10
1.638122219942032599e-08 2.296534975595401361e-09 3.760370944212817926e-04 -7.712015235449078816e-10 -5.496645378335137789e-07 -3.445252020418605764e-05 -4.075761402670618397e-09 -1.154573926902641926e-06 2.697834132002689930e-07 9.493328493659743520e-08 1.159700915609098579e-08 -3.744467872813413708e-07 7.754655228756608220e-06 2.912543319986184978e-07 7.447871651957872351e-06 4.901913752507557749e-07 1.869980172585963542e-05 1.840607678444088108e-07 1.665868372664946071e-05 1.535580158205433846e-06 2.441279478271263443e-04 1.439261865359272387e-06 2.551273181183571896e-04 1.437617012229512569e-06
6.004870858988791834e-10 1.054904779560155954e-10 1.378440287417138838e-05 -2.826997172143599735e-11 -2.014907427035988476e-08 -1.227867785479456284e-06 -1.483649531029951031e-10 -4.334343282272615079e-08 1.239240044262810069e-08 4.360725077519589434e-09 5.327042935475930965e-10 -1.720007359770400020e-08 2.912543319986184978e-07 1.099795082771077003e-08 2.798488108930025692e-07 1.830583410408903864e-08 7.050354117070268137e-07 6.953207996840303654e-09 6.106577752915190601e-07 5.628982444767658623e-08 8.948993784064801938e-06 5.275908122198640995e-08 9.352197179908065103e-06 5.269878577889063745e-08
1.570382547108786557e-08 2.243888075778330220e-09 3.604872007778860631e-04 -7.393107726767331164e-10 -5.269347952577169714e-07 -3.295820045410694551e-05 -3.905153865222883045e-09 -1.108856264381050521e-06 2.635987652684708229e-07 9.275698751055714968e-08 1.133115360131337092e-08 -3.658627845481979326e-07 7.447871651957872351e-06 2.798488108930025692e-07 7.153456907911103211e-06 4.705900717892191635e-07 1.796537017985162419e-05 1.768588171733152563e-07 1.596981355182592880e-05 1.472080804685370875e-06 2.340327715358599516e-04 1.379745468333879716e-06 2.445772961959974162e-04 1.378168633213244809e-06
1.061881048945690461e-09 1.108091987605207302e-10 2.437587163080121318e-05 -4.999166191044391754e-11 -3.563094133268815225e-08 -2.295946534406969621e-06 -2.660618987000621911e-10 -7.302069868837863924e-08 1.301721245948690707e-08 4.580588325398461672e-09 5.595626930822331281e-10 -1.806728352027859572e-08 4.901913752507557749e-07 1.830583410408903864e-08 4.705900717892191635e-07 3.117396350805617506e-08 1.177245585981183281e-06 1.156325560918168441e-08 1.079866544753072010e-06 9.954102146683720726e-08 1.582509743911625954e-05 9.329737459059362819e-08 1.653810865459576099e-05 9.319075016876818819e-08
3.882528959487669963e-08 6.419484914037519853e-09 8.912490333370438368e-04 -1.827832119955037789e-09 -1.302765121965249360e-06 -8.004948239775789404e-05 -9.612319688113366270e-09 -2.783220004166013824e-06 7.541233069339164591e-07 2.653662135643557392e-07 3.241702222371691144e-08 -1.046687957213165911e-06 1.869980172585963542e-05 7.050354117070268137e-07 1.796537017985162419e-05 1.177245585981183281e-06 4.521681175468388649e-05 4.456888380815663440e-07 3.948290101094089802e-05 3.639493099593782490e-06 5.786097907471861573e-04 3.411208204418950285e-06 6.046794908481569353e-04 3.407309722475111242e-06
3.787412589883584785e-10 6.763189138893257191e-11 8.694146002185437657e-06 -1.783053154733413870e-11 -1.270849265662002347e-08 -7.726404131082706941e-07 -9.352369577663293431e-11 -2.739022299545365723e-08 7.944996528839862043e-09 2.795741287600986657e-09 3.415265492564054659e-10 -1.102728447037096926e-08 1.840607678444088108e-07 6.953207996840303654e-09 1.768588171733152563e-07 1.156325560918168441e-08 4.456888380815663440e-07 4.396157644904707139e-09 3.851561861181550323e-07 3.550330906012366872e-08 5.644341939939672189e-06 3.327638665765006871e-08 5.898651903572377932e-06 3.323835691041377959e-08
3.896099780017160017e-08 2.264524445844239303e-11 8.943649115839473560e-04 -1.834219414862102664e-09 -1.307318673821238928e-06 -9.089226869692934043e-05 -9.959374842601453001e-09 -2.485585371194965757e-06 2.660230035868988260e-09 9.361004625413454300e-10 1.143536286424384291e-10 -3.692275158267330766e-09 1.665868372664946071e-05 6.106577752915190601e-07 1.596981355182592880e-05 1.079866544753072010e-06 3.948290101094089802e-05 3.851561861181550323e-07 3.962095368021845859e-05 3.652213595779328151e-06 5.806349890436927680e-04 3.423130743035421352e-06 6.067960008071157088e-04 3.419218634366741823e-06
3.591385170582499071e-09 2.087415613670637369e-12 8.244156903139900528e-05 -1.690766811849429181e-10 -1.205073156966071878e-07 -8.378371006833009653e-06 -9.180458431062181170e-10 -2.291187344605838163e-07 2.452173003604512152e-10 8.628878903599568094e-11 1.054100124025852125e-11 -3.403501706360314780e-10 1.535580158205433846e-06 5.628982444767658623e-08 1.472080804685370875e-06 9.954102146683720726e-08 3.639493099593782490e-06 3.550330906012366872e-08 3.652213595779328151e-06 3.366574381979667626e-07 5.352200500570302593e-05 3.155408162437213697e-07 5.593347728025945768e-05 3.151802020611446471e-07
5.709612247988340909e-07 3.318589677342486897e-10 1.310667038529332931e-02 -2.687982898461083566e-08 -1.915834203340316855e-05 -1.331991953842973173e-03 -1.459511935778241645e-07 -3.642547471770696857e-05 3.898483832038322692e-08 1.371825919802409123e-08 1.675816625504654691e-09 -5.410913645838150977e-08 2.441279478271263443e-04 8.948993784064801938e-06 2.340327715358599516e-04 1.582509743911625954e-05 5.786097907471861573e-04 5.644341939939672189e-06 5.806349890436927680e-04 5.352200500570302593e-05 8.509162947453401127e-03 5.016486647911687341e-05 8.892553920300198117e-03 5.010753574416476332e-05
3.366117822912809575e-09 1.956483798662998989e-12 7.727047297864458267e-05 -1.584714569035054307e-10 -1.129485711977561800e-07 -7.852843223034454122e-06 -8.604620136448934115e-10 -2.147474077792781775e-07 2.298362013602528754e-10 8.087637969645347300e-11 9.879823650454549367e-12 -3.190019229332551474e-10 1.439261865359272387e-06 5.275908122198640995e-08 1.379745468333879716e-06 9.329737459059362819e-08 3.411208204418950285e-06 3.327638665765006871e-08 3.423130743035421352e-06 3.155408162437213697e-07 5.016486647911687341e-05 2.957487209898656782e-07 5.242508035833089072e-05 2.954107261024877137e-07
5.966863056803943769e-07 3.468111193260533965e-10 1.369720214440981430e-02 -2.809091702292026807e-08 -2.002153520430289378e-05 -1.392005657427158915e-03 -1.525271225209302049e-07 -3.806665143861280158e-05 4.074132908652010395e-08 1.433634552684694360e-08 1.751321784798692877e-09 -5.654706367883720491e-08 2.551273181183571896e-04 9.352197179908065103e-06 2.445772961959974162e-04 1.653810865459576099e-05 6.046794908481569353e-04 5.898651903572377932e-06 6.067960008071157088e-04 5.593347728025945768e-05 8.892553920300198117e-03 5.242508035833089072e-05 9.293219154774056551e-03 5.236516654442673887e-05
3.362270872407647891e-09 1.954247841179165717e-12 7.718216479710239054e-05 -1.582903486550495721e-10 -1.128194885039885039e-07 -7.843868644493112675e-06 -8.594786392165680956e-10 -2.145019848050903561e-07 2.295735342352543019e-10 8.078395054034898534e-11 9.868532544622230665e-12 -3.186373532202712320e-10 1.437617012229512569e-06 5.269878577889063745e-08 1.378168633213244809e-06 9.319075016876818819e-08 3.407309722475111242e-06 3.323835691041377959e-08 3.419218634366741823e-06 3.151802020611446471e-07 5.010753574416476332e-05 2.954107261024877137e-07 5.236516654442673887e-05 2.950731174908387438e-07
