1.682178893969869864e-10 5.646023659697535109e-14 2.802606841131017577e-06 -4.891627888544856968e-12 -2.176835958100940031e-09 -3.044933223492961404e-07 -2.309034034536323477e-11 -4.168855294333709578e-09 7.558962126778359505e-12 2.655071357520601211e-12 3.470425678037362996e-13 -7.609326708059360420e-12 6.543460548137668523e-08 2.031944192735213489e-09 6.337688692456954490e-08 3.301028460324473475e-09 1.798964411552515273e-07 1.391084275159380164e-09 1.213161737664163927e-07 1.089136560920622454e-08 1.428582751966870717e-06 1.025611846034788705e-08 1.477008844661972876e-06 1.024488296839721812e-08
5.646023659697535109e-14 1.089280206212906016e-11 9.406600326861144244e-10 -1.641813893407180021e-15 -7.306278402835792365e-13 2.135395458397626672e-08 6.393249799856608899e-13 4.009814454236837919e-11 1.458341006076084409e-09 5.122395601128167707e-10 6.695448382909569904e-11 -1.468057781065039118e-09 4.318115341585843268e-09 1.559077779927518084e-10 4.237937861005351520e-09 1.604703370828482615e-10 1.224144622609772057e-08 9.161684985909503667e-11 4.071826069418231295e-11 3.655551031845001050e-12 4.794859837056805803e-10 3.442338249003259732e-12 4.957395977584645788e-10 3.438567196256776657e-12
2.802606841131017577e-06 9.406600326861144244e-10 4.669308803973799132e-02 -8.149722925548238394e-08 -3.626733798206607784e-05 -5.073025881381516486e-03 -3.846980246313602825e-07 -6.945553145790969501e-05 1.259366589759889504e-07 4.423501671402053510e-08 5.781928890558350146e-09 -1.267757618579249734e-07 1.090178433762557797e-03 3.385334995047625367e-05 1.055895662592883609e-03 5.499701589500822574e-05 2.997178703636017589e-03 2.317625978825711914e-05 2.021200512836847981e-03 1.814563489895433784e-04 2.380115382803646429e-02 1.708727653007048337e-04 2.460796777697039223e-02 1.706855755534173271e-04
-4.891627888544856968e-12 -1.641813893407180021e-15 -8.149722925548238394e-08 1.422444753767759385e-13 6.330047429337542999e-11 8.854416328797009008e-09 6.714475190392014192e-13 1.212266282891785387e-10 -2.198079530956602099e-13 -7.720713384238193557e-14 -1.009169184946895715e-14 2.212725107671838055e-13 -1.902780037191899759e-09 -5.908716794288425772e-11 -1.842943386348220988e-09 -9.599103878940620884e-11 -5.231228772191854542e-09 -4.045151523844063619e-11 -3.527759733328281201e-09 -3.167114715748569347e-10 -4.154159054073572606e-08 -2.982390461184113450e-10 -4.294976128197716627e-08 -2.979123278864761898e-10
-2.176835958100940031e-09 -7.306278402835792365e-13 -3.626733798206607784e-05 6.330047429337542999e-11 2.816950573565498806e-08 3.940318529190975409e-06 2.988022589559587685e-10 5.394737813032541702e-08 -9.781730482048930212e-11 -3.435814599232241397e-11 -4.490929848769219916e-12 9.846905138625279980e-11 -8.467613104019079558e-07 -2.629452350724455718e-08 -8.201332520576630551e-07 -4.271720204663106576e-08 -2.327963096818567085e-06 -1.800142846391543308e-08 -1.569900733392374891e-06 -1.409405196791915094e-07 -1.848667445629066449e-05 -1.327200572970720387e-07 -1.911333557755485424e-05 -1.325746635873602299e-07
-3.044933223492961404e-07 2.135395458397626672e-08 -5.073025881381516486e-03 8.854416328797009008e-09 3.940318529190975409e-06 5.934321013784350177e-04 4.307075749414057296e-08 7.627836737533043563e-06 2.858892273250134427e-06 1.004180579110585464e-06 1.312557593033779461e-07 -2.877940769709320198e-06 -1.099815753749925945e-04 -3.372292154662242554e-06 -1.064134422242315981e-04 -5.661330929893446303e-06 -3.016389728877842918e-04 -2.338476611226807578e-06 -2.195953553149938451e-04 -1.971461066022298165e-05 -2.585870060211094019e-03 -1.856474189924635270e-05 -2.673525421736919205e-03 -1.854440439106809743e-05
-2.309034034536323477e-11 6.393249799856608899e-13 -3.846980246313602825e-07 6.714475190392014192e-13 2.988022589559587685e-10 4.307075749414057296e-08 3.207924761460979815e-12 5.747008212630450558e-10 8.559357086323884158e-11 3.006458297451415177e-11 3.929721122641863356e-12 -8.616387355363238080e-11 -8.726636264079323758e-09 -2.696927898717853470e-10 -8.448906412136087917e-09 -4.436473054048807690e-10 -2.396978307706402953e-08 -1.855318154098798573e-10 -1.665237706407585562e-08 -1.494998100043620461e-09 -1.960926085835051835e-07 -1.407801237993949889e-09 -2.027397364781485861e-07 -1.406259003980185023e-09
-4.168855294333709578e-09 4.009814454236837919e-11 -6.945553145790969501e-05 1.212266282891785387e-10 5.394737813032541702e-08 7.627836737533043563e-06 5.747008212630450558e-10 1.034726332097656001e-07 5.368385766441992490e-09 1.885635889410135238e-09 2.464701663120632777e-10 -5.404155606049188283e-09 -1.605264645675255596e-06 -4.976525005313973978e-08 -1.554572106130761287e-06 -8.120053713887155625e-08 -4.411873480826163323e-06 -3.412726140082959506e-08 -3.006515025865775785e-06 -2.699149686875669065e-07 -3.540382358376170142e-05 -2.541719733575254759e-07 -3.660394244063859266e-05 -2.538935300831485651e-07
7.558962126778359505e-12 1.458341006076084409e-09 1.259366589759889504e-07 -2.198079530956602099e-13 -9.781730482048930212e-11 2.858892273250134427e-06 8.559357086323884158e-11 5.368385766441992490e-09 1.952443909845597938e-07 6.857922722095490805e-08 8.963944103154048391e-09 -1.965452816006671984e-07 5.781143053071282496e-07 2.087311449926943686e-08 5.673800509945349587e-07 2.148395521304350134e-08 1.638899060007464342e-06 1.226577033336613659e-08 5.451408089338243793e-09 4.894094227461865594e-10 6.419414108115711941e-08 4.608642474582973258e-10 6.637019383223802464e-08 4.603593745316749539e-10
2.655071357520601211e-12 5.122395601128167707e-10 4.423501671402053510e-08 -7.720713384238193557e-14 -3.435814599232241397e-11 1.004180579110585464e-06 3.006458297451415177e-11 1.885635889410135238e-09 6.857922722095490805e-08 2.408832635811508287e-08 3.148568697951984777e-09 -6.903616483493053678e-08 2.030615701181859751e-07 7.331642654319117926e-09 1.992911832842509789e-07 7.546199318640759165e-09 5.756602355517089941e-07 4.308329016483306071e-09 1.914796929383971113e-09 1.719041475244060566e-10 2.254807236246850717e-08 1.618777079114147299e-10 2.331240683328998752e-08 1.617003722369915392e-10
3.470425678037362996e-13 6.695448382909569904e-11 5.781928890558350146e-09 -1.009169184946895715e-14 -4.490929848769219916e-12 1.312557593033779461e-07 3.929721122641863356e-12 2.464701663120632777e-10 8.963944103154048391e-09 3.148568697951984777e-09 4.115472672702938755e-10 -9.023670018981235062e-09 2.654203953259184726e-08 9.583140113791514615e-10 2.604921483950272765e-08 9.863585666725482502e-10 7.524415727472915004e-08 5.631387477859806725e-10 2.502818018072140622e-10 2.246947397554758251e-11 2.947243174288814126e-09 2.115892488639296705e-11 3.047148812180628049e-09 2.113574546123729919e-11
-7.609326708059360420e-12 -1.468057781065039118e-09 -1.267757618579249734e-07 2.212725107671838055e-13 9.846905138625279980e-11 -2.877940769709320198e-06 -8.616387355363238080e-11 -5.404155606049188283e-09 -1.965452816006671984e-07 -6.903616483493053678e-08 -9.023670018981235062e-09 1.978548446204852079e-07 -5.819662166550359369e-07 -2.101219009565080266e-08 -5.711604410870498924e-07 -2.162710078244512445e-08 -1.649818865116602342e-06 -1.234749599562017686e-08 -5.487730254660212433e-09 -4.926703070493634695e-10 -6.462185991005636680e-08 -4.639349382171492458e-10 -6.681241147095844321e-08 -4.634267013745309393e-10
6.543460548137668523e-08 4.318115341585843268e-09 1.090178433762557797e-03 -1.902780037191899759e-09 -8.467613104019079558e-07 -1.099815753749925945e-04 -8.726636264079323758e-09 -1.605264645675255596e-06 5.781143053071282496e-07 2.030615701181859751e-07 2.654203953259184726e-08 -5.819662166550359369e-07 2.714764359001415377e-05 8.516218306128996134e-07 2.631586754377906491e-05 1.346910809165043210e-06 7.478167191884910658e-05 5.770638159220343023e-07 4.719045652211208570e-05 4.236601406318677972e-06 5.557011955840303330e-04 3.989498394260164880e-06 5.745383666139058801e-04 3.985127931805119179e-06
2.031944192735213489e-09 1.559077779927518084e-10 3.385334995047625367e-05 -5.908716794288425772e-11 -2.629452350724455718e-08 -3.372292154662242554e-06 -2.696927898717853470e-10 -4.976525005313973978e-08 2.087311449926943686e-08 7.331642654319117926e-09 9.583140113791514615e-10 -2.101219009565080266e-08 8.516218306128996134e-07 2.675636203437910965e-08 8.256334403678453921e-07 4.214488487239848105e-08 2.346596352858266309e-06 1.810215849761821098e-08 1.465406442141875532e-06 1.315594296795463315e-07 1.725616296350909694e-05 1.238861272897077267e-07 1.784111177313221040e-05 1.237504110872679136e-07
6.337688692456954490e-08 4.237937861005351520e-09 1.055895662592883609e-03 -1.842943386348220988e-09 -8.201332520576630551e-07 -1.064134422242315981e-04 -8.448906412136087917e-09 -1.554572106130761287e-06 5.673800509945349587e-07 1.992911832842509789e-07 2.604921483950272765e-08 -5.711604410870498924e-07 2.631586754377906491e-05 8.256334403678453921e-07 2.550984248874707975e-05 1.305368210288543799e-06 7.249220829933975506e-05 5.593822935344889367e-07 4.570646160913805216e-05 4.103373208805192669e-06 5.382261276809966822e-04 3.864040831852373669e-06 5.564709291563987295e-04 3.859807807101390615e-06
3.301028460324473475e-09 1.604703370828482615e-10 5.499701589500822574e-05 -9.599103878940620884e-11 -4.271720204663106576e-08 -5.661330929893446303e-06 -4.436473054048807690e-10 -8.120053713887155625e-08 2.148395521304350134e-08 7.546199318640759165e-09 9.863585666725482502e-10 -2.162710078244512445e-08 1.346910809165043210e-06 4.214488487239848105e-08 1.305368210288543799e-06 6.710931786625468650e-08 3.708412733356434283e-06 2.863151515013657879e-08 2.380650048914662164e-06 2.137270453725153987e-07 2.803377707222191485e-05 2.012612554159987551e-07 2.898406494224594970e-05 2.010407754196329445e-07
1.798964411552515273e-07 1.224144622609772057e-08 2.997178703636017589e-03 -5.231228772191854542e-09 -2.327963096818567085e-06 -3.016389728877842918e-04 -2.396978307706402953e-08 -4.411873480826163323e-06 1.638899060007464342e-06 5.756602355517089941e-07 7.524415727472915004e-08 -1.649818865116602342e-06 7.478167191884910658e-05 2.346596352858266309e-06 7.249220829933975506e-05 3.708412733356434283e-06 2.060074971901101220e-04 1.589590652891601456e-06 1.297386006693456264e-04 1.164749954852940271e-05 1.527763804542463591e-03 1.096815026626976314e-05 1.579551962399270738e-03 1.095613474878283575e-05
1.391084275159380164e-09 9.161684985909503667e-11 2.317625978825711914e-05 -4.045151523844063619e-11 -1.800142846391543308e-08 -2.338476611226807578e-06 -1.855318154098798573e-10 -3.412726140082959506e-08 1.226577033336613659e-08 4.308329016483306071e-09 5.631387477859806725e-10 -1.234749599562017686e-08 5.770638159220343023e-07 1.810215849761821098e-08 5.593822935344889367e-07 2.863151515013657879e-08 1.589590652891601456e-06 1.226636081180475704e-08 1.003228401407388319e-06 9.006657211417672362e-08 1.181370470582107699e-05 8.481337156740491406e-08 1.221416535735259726e-05 8.472045923516426285e-08
1.213161737664163927e-07 4.071826069418231295e-11 2.021200512836847981e-03 -3.527759733328281201e-09 -1.569900733392374891e-06 -2.195953553149938451e-04 -1.665237706407585562e-08 -3.006515025865775785e-06 5.451408089338243793e-09 1.914796929383971113e-09 2.502818018072140622e-10 -5.487730254660212433e-09 4.719045652211208570e-05 1.465406442141875532e-06 4.570646160913805216e-05 2.380650048914662164e-06 1.297386006693456264e-04 1.003228401407388319e-06 8.749160505262469471e-05 7.854681611540246768e-06 1.030282328210958831e-03 7.396551020836507116e-06 1.065207015802304433e-03 7.388448156588513459e-06
1.089136560920622454e-08 3.655551031845001050e-12 1.814563489895433784e-04 -3.167114715748569347e-10 -1.409405196791915094e-07 -1.971461066022298165e-05 -1.494998100043620461e-09 -2.699149686875669065e-07 4.894094227461865594e-10 1.719041475244060566e-10 2.246947397554758251e-11 -4.926703070493634695e-10 4.236601406318677972e-06 1.315594296795463315e-07 4.103373208805192669e-06 2.137270453725153987e-07 1.164749954852940271e-05 9.006657211417672362e-08 7.854681611540246768e-06 7.051679420234708659e-07 9.249420532785622483e-05 6.640384948922556115e-07 9.562956965820480564e-05 6.633110463743490807e-07
1.428582751966870717e-06 4.794859837056805803e-10 2.380115382803646429e-02 -4.154159054073572606e-08 -1.848667445629066449e-05 -2.585870060211094019e-03 -1.960926085835051835e-07 -3.540382358376170142e-05 6.419414108115711941e-08 2.254807236246850717e-08 2.947243174288814126e-09 -6.462185991005636680e-08 5.557011955840303330e-04 1.725616296350909694e-05 5.382261276809966822e-04 2.803377707222191485e-05 1.527763804542463591e-03 1.181370470582107699e-05 1.030282328210958831e-03 9.249420532785622483e-05 1.213262616222891485e-02 8.709939591791118155e-05 1.254390586614132115e-02 8.700397906014191256e-05
1.025611846034788705e-08 3.442338249003259732e-12 1.708727653007048337e-04 -2.982390461184113450e-10 -1.327200572970720387e-07 -1.856474189924635270e-05 -1.407801237993949889e-09 -2.541719733575254759e-07 4.608642474582973258e-10 1.618777079114147299e-10 2.115892488639296705e-11 -4.639349382171492458e-10 3.989498394260164880e-06 1.238861272897077267e-07 3.864040831852373669e-06 2.012612554159987551e-07 1.096815026626976314e-05 8.481337156740491406e-08 7.396551020836507116e-06 6.640384948922556115e-07 8.709939591791118155e-05 6.253079539833963760e-07 9.005188698447688319e-05 6.246229344498275335e-07
1.477008844661972876e-06 4.957395977584645788e-10 2.460796777697039223e-02 -4.294976128197716627e-08 -1.911333557755485424e-05 -2.673525421736919205e-03 -2.027397364781485861e-07 -3.660394244063859266e-05 6.637019383223802464e-08 2.331240683328998752e-08 3.047148812180628049e-09 -6.681241147095844321e-08 5.745383666139058801e-04 1.784111177313221040e-05 5.564709291563987295e-04 2.898406494224594970e-05 1.579551962399270738e-03 1.221416535735259726e-05 1.065207015802304433e-03 9.562956965820480564e-05 1.254390586614132115e-02 9.005188698447688319e-05 1.296912753976927311e-02 8.995323568722192009e-05
1.024488296839721812e-08 3.438567196256776657e-12 1.706855755534173271e-04 -2.979123278864761898e-10 -1.325746635873602299e-07 -1.854440439106809743e-05 -1.406259003980185023e-09 -2.538935300831485651e-07 4.603593745316749539e-10 1.617003722369915392e-10 2.113574546123729919e-11 -4.634267013745309393e-10 3.985127931805119179e-06 1.237504110872679136e-07 3.859807807101390615e-06 2.010407754196329445e-07 1.095613474878283575e-05 8.472045923516426285e-08 7.388448156588513459e-06 6.633110463743490807e-07 8.700397906014191256e-05 6.246229344498275335e-07 8.995323568722192009e-05 6.239386653494058969e-07
