7.565097065042439038e-11 3.033744628904123486e-14 1.768369740811927040e-06 -3.240659548324434385e-12 -2.234688983410279828e-09 -1.735131688063947688e-07 -1.716566249971226798e-11 -4.839461883257679466e-09 3.751342969076761328e-12 1.320382624821488905e-12 1.629063757150063206e-13 -5.006021261491527116e-12 3.207620923675075053e-08 1.148400057855605961e-09 3.080638798394675627e-08 1.989098683014792505e-09 7.813287647260281618e-08 7.450981311587153104e-10 7.229187695554212605e-08 6.636275255040201616e-09 1.017498872916515202e-06 6.224628438793473034e-09 1.061002690879571402e-06 6.217569831959305839e-09
3.033744628904123486e-14 8.403673456445046252e-12 7.091491565778959628e-10 -1.299564753010999730e-15 -8.961518460905724973e-13 1.504820967727086926e-08 4.287080616428948668e-13 -4.962982932648840132e-10 1.039146836384837387e-09 3.657547280296892111e-10 4.512614451587473089e-11 -1.386701029374130557e-09 2.972399757205195309e-09 1.312918945064102730e-10 2.905598369129818769e-09 1.376708775197945941e-10 8.322199781452862838e-09 8.385826542878651424e-11 2.899038724046344164e-11 2.661269807619396815e-12 4.080359728483089203e-10 2.496191777944838009e-12 4.254818129938514568e-10 2.493361145318899336e-12
1.768369740811927040e-06 7.091491565778959628e-10 4.133633869822908591e-02 -7.575154941331302951e-08 -5.223668764358757843e-05 -4.055929352511943031e-03 -4.012534785175658108e-07 -1.131242291675918412e-04 8.768904532832363177e-08 3.086443782180514424e-08 3.807997477234178959e-09 -1.170176197919641626e-07 7.497935505666742913e-04 2.684427596046698434e-05 7.201110045670894950e-04 4.649591647112661020e-05 1.826385479582196035e-03 1.741694600521434674e-05 1.689851969619168186e-03 1.551253739410424269e-04 2.378454712804450172e-02 1.455029746843869291e-04 2.480147363106157549e-02 1.453379771050230802e-04
-3.240659548324434385e-12 -1.299564753010999730e-15 -7.575154941331302951e-08 1.388202720885146715e-13 9.572734784443133692e-11 7.432794775848821110e-09 7.353259449825266171e-13 2.073079661231607387e-10 -1.606962251234375251e-13 -5.656121163167762830e-14 -6.978418088150260660e-15 2.144428612243220538e-13 -1.374047746313278687e-09 -4.919400850976583392e-11 -1.319652429513160738e-09 -8.520701362864130048e-11 -3.346976305526606274e-09 -3.191776161223036136e-11 -3.096760762763203495e-09 -2.842781276365551190e-10 -4.358628236426869732e-08 -2.666444209999912717e-10 -4.544983511373741068e-08 -2.663420515690156913e-10
-2.234688983410279828e-09 -8.961518460905724973e-13 -5.223668764358757843e-05 9.572734784443133692e-11 6.601151094978208543e-08 5.125486255519403250e-06 5.070644672566497730e-10 1.429551013586648463e-07 -1.108126536098364021e-10 -3.900339255700938930e-11 -4.812166717874250402e-12 1.478751755279867976e-10 -9.475139527607424531e-07 -3.392312052164180343e-08 -9.100041158565449890e-07 -5.875690615771024679e-08 -2.308003120911741668e-06 -2.200979818865646371e-08 -2.135462937583233270e-06 -1.960320058362656063e-07 -3.005635670065144284e-05 -1.838721803829570799e-07 -3.134143525543545708e-05 -1.836636729339978173e-07
-1.735131688063947688e-07 1.504820967727086926e-08 -4.055929352511943031e-03 7.432794775848821110e-09 5.125486255519403250e-06 4.251672433326859814e-04 4.015484804305517681e-08 1.021047075698932105e-05 1.860769530055991890e-06 6.549461797677306336e-07 8.080605314871361039e-08 -2.483124546290777401e-06 -6.824594276550605132e-05 -2.398613295132219564e-06 -6.545273537062670647e-05 -4.315972537483357299e-06 -1.642907472454890243e-04 -1.558638788922833803e-06 -1.658083540715400814e-04 -1.522097723598369340e-05 -2.333714539147933083e-03 -1.427682369839164986e-05 -2.433493506324460771e-03 -1.426063406885916395e-05
-1.716566249971226798e-11 4.287080616428948668e-13 -4.012534785175658108e-07 7.353259449825266171e-13 5.070644672566497730e-10 4.015484804305517681e-08 3.917573549828710067e-12 1.072478856757267838e-09 5.301141510560776667e-11 1.865874523679328717e-11 2.302081599502621645e-12 -7.074167207660802881e-11 -7.124880993158774844e-09 -2.537975007780113649e-10 -6.840187028395234805e-09 -4.442439679439998453e-10 -1.729907436705784195e-08 -1.647360971477611666e-10 -1.640344351132697006e-08 -1.505811345745726368e-09 -2.308754930298600515e-07 -1.412406203186685304e-09 -2.407466973315935112e-07 -1.410804562666061404e-09
-4.839461883257679466e-09 -4.962982932648840132e-10 -1.131242291675918412e-04 2.073079661231607387e-10 1.429551013586648463e-07 1.021047075698932105e-05 1.072478856757267838e-09 3.386661123370848934e-07 -6.136921052373336795e-08 -2.160048775707445953e-08 -2.665028398492031292e-09 8.189482327298607919e-08 -2.226043509345888568e-06 -8.116054902065974218e-08 -2.140912147712952533e-06 -1.352962309283063507e-07 -5.485953943789975937e-06 -5.258011705087449212e-08 -4.624577392576176261e-06 -4.245286099521840279e-07 -6.509032407346103453e-05 -3.981951861550903161e-07 -6.787330245305392700e-05 -3.977436406110653266e-07
3.751342969076761328e-12 1.039146836384837387e-09 8.768904532832363177e-08 -1.606962251234375251e-13 -1.108126536098364021e-10 1.860769530055991890e-06 5.301141510560776667e-11 -6.136921052373336795e-08 1.284945399013738253e-07 4.522699124643332288e-08 5.580022880184001714e-09 -1.714709635738456167e-07 3.675487671104779313e-07 1.623475224020605985e-08 3.592885162216364409e-07 1.702353824674608652e-08 1.029072304324012055e-06 1.036939994329496099e-08 3.584773890476784814e-09 3.290763397230721800e-10 5.045523160261997733e-08 3.086638007085875923e-10 5.261247744337944065e-08 3.083137819990953925e-10
1.320382624821488905e-12 3.657547280296892111e-10 3.086443782180514424e-08 -5.656121163167762830e-14 -3.900339255700938930e-11 6.549461797677306336e-07 1.865874523679328717e-11 -2.160048775707445953e-08 4.522699124643332288e-08 1.591881488916644599e-08 1.964034045201964436e-09 -6.035366099157276345e-08 1.293683369378612683e-07 5.714242890890448927e-09 1.264609270256594171e-07 5.991876619278591831e-09 3.622087316821383580e-07 3.649779740808022556e-09 1.261754309453841882e-09 1.158269677868770412e-10 1.775902966158024478e-08 1.086422443252215695e-10 1.851832838308461597e-08 1.085190461462805153e-10
1.629063757150063206e-13 4.512614451587473089e-11 3.807997477234178959e-09 -6.978418088150260660e-15 -4.812166717874250402e-12 8.080605314871361039e-08 2.302081599502621645e-12 -2.665028398492031292e-09 5.580022880184001714e-09 1.964034045201964436e-09 2.423189016878612723e-10 -7.446323495581989332e-09 1.596122712180921346e-08 7.050127594300941880e-10 1.560251624297777887e-08 7.392666973819210986e-10 4.468864612926437161e-08 4.503030999209451513e-10 1.556729221894427495e-10 1.429051789774250938e-11 2.191076363039893057e-09 1.340407995342434189e-11 2.284757240497054057e-09 1.338887998907406835e-11
-5.006021261491527116e-12 -1.386701029374130557e-09 -1.170176197919641626e-07 2.144428612243220538e-13 1.478751755279867976e-10 -2.483124546290777401e-06 -7.074167207660802881e-11 8.189482327298607919e-08 -1.714709635738456167e-07 -6.035366099157276345e-08 -7.446323495581989332e-09 2.288213310290598386e-07 -4.904795288731935238e-07 -2.166464538822386825e-08 -4.794565454044169861e-07 -2.271724962775330354e-08 -1.373256951318979115e-06 -1.383756087811941700e-08 -4.783741304923444628e-09 -4.391395739999889055e-10 -6.733054376889085487e-08 -4.118998347523209110e-10 -7.020930442130433577e-08 -4.114327484005593208e-10
3.207620923675075053e-08 2.972399757205195309e-09 7.497935505666742913e-04 -1.374047746313278687e-09 -9.475139527607424531e-07 -6.824594276550605132e-05 -7.124880993158774844e-09 -2.226043509345888568e-06 3.675487671104779313e-07 1.293683369378612683e-07 1.596122712180921346e-08 -4.904795288731935238e-07 1.464266407306327931e-05 5.329997812179979790e-07 1.408091028432240591e-05 8.915859450134508960e-07 3.604835867485733637e-05 3.453508752012766836e-07 3.065195539354725619e-05 2.813797850599949300e-06 4.314227847922443102e-04 2.639258520563263108e-06 4.498685565965075683e-04 2.636265652802839412e-06
1.148400057855605961e-09 1.312918945064102730e-10 2.684427596046698434e-05 -4.919400850976583392e-11 -3.392312052164180343e-08 -2.398613295132219564e-06 -2.537975007780113649e-10 -8.116054902065974218e-08 1.623475224020605985e-08 5.714242890890448927e-09 7.050127594300941880e-10 -2.166464538822386825e-08 5.329997812179979790e-07 1.946982381546210840e-08 5.126915254826283025e-07 3.232589501220056731e-08 1.315151288792980421e-06 1.261165562674055066e-08 1.097407866563275870e-06 1.007402719871374687e-07 1.544586034021848571e-05 9.449137374664862289e-08 1.610625759723348599e-05 9.438422238581493584e-08
3.080638798394675627e-08 2.905598369129818769e-09 7.201110045670894950e-04 -1.319652429513160738e-09 -9.100041158565449890e-07 -6.545273537062670647e-05 -6.840187028395234805e-09 -2.140912147712952533e-06 3.592885162216364409e-07 1.264609270256594171e-07 1.560251624297777887e-08 -4.794565454044169861e-07 1.408091028432240591e-05 5.126915254826283025e-07 1.354099372101701014e-05 8.571186826689496946e-07 3.467147560306517125e-05 3.321850511888742184e-07 2.943851745963475060e-05 2.702406240356195919e-06 4.143438042804878179e-04 2.534776509359947583e-06 4.320593533721608969e-04 2.531902122154220270e-06
1.989098683014792505e-09 1.376708775197945941e-10 4.649591647112661020e-05 -8.520701362864130048e-11 -5.875690615771024679e-08 -4.315972537483357299e-06 -4.442439679439998453e-10 -1.352962309283063507e-07 1.702353824674608652e-08 5.991876619278591831e-09 7.392666973819210986e-10 -2.271724962775330354e-08 8.915859450134508960e-07 3.232589501220056731e-08 8.571186826689496946e-07 5.452887650294739022e-08 2.189391702979059469e-06 2.095190228882272022e-08 1.900777062960799518e-06 1.744882734490154788e-07 2.675316606472261447e-05 1.636648019992416671e-07 2.789701407278533349e-05 1.634792093312777304e-07
7.813287647260281618e-08 8.322199781452862838e-09 1.826385479582196035e-03 -3.346976305526606274e-09 -2.308003120911741668e-06 -1.642907472454890243e-04 -1.729907436705784195e-08 -5.485953943789975937e-06 1.029072304324012055e-06 3.622087316821383580e-07 4.468864612926437161e-08 -1.373256951318979115e-06 3.604835867485733637e-05 1.315151288792980421e-06 3.467147560306517125e-05 2.189391702979059469e-06 8.887579588638170702e-05 8.519807216335191334e-07 7.466359738560928230e-05 6.853993354660539344e-06 1.050881277106356128e-03 6.428841501360347991e-06 1.095812403323778500e-03 6.421551320502786135e-06
7.450981311587153104e-10 8.385826542878651424e-11 1.741694600521434674e-05 -3.191776161223036136e-11 -2.200979818865646371e-08 -1.558638788922833803e-06 -1.647360971477611666e-10 -5.258011705087449212e-08 1.036939994329496099e-08 3.649779740808022556e-09 4.503030999209451513e-10 -1.383756087811941700e-08 3.453508752012766836e-07 1.261165562674055066e-08 3.321850511888742184e-07 2.095190228882272022e-08 8.519807216335191334e-07 8.169437330758025175e-09 7.120137926978603591e-07 6.536170514009974099e-08 1.002149814595319078e-05 6.130733190899511857e-08 1.044997360523203004e-05 6.123781059681502841e-08
7.229187695554212605e-08 2.899038724046344164e-11 1.689851969619168186e-03 -3.096760762763203495e-09 -2.135462937583233270e-06 -1.658083540715400814e-04 -1.640344351132697006e-08 -4.624577392576176261e-06 3.584773890476784814e-09 1.261754309453841882e-09 1.556729221894427495e-10 -4.783741304923444628e-09 3.065195539354725619e-05 1.097407866563275870e-06 2.943851745963475060e-05 1.900777062960799518e-06 7.466359738560928230e-05 7.120137926978603591e-07 6.908208916320878541e-05 6.341605051728429052e-06 9.723280645192250915e-04 5.948236329432453554e-06 1.013900770013550189e-03 5.941491142264071886e-06
6.636275255040201616e-09 2.661269807619396815e-12 1.551253739410424269e-04 -2.842781276365551190e-10 -1.960320058362656063e-07 -1.522097723598369340e-05 -1.505811345745726368e-09 -4.245286099521840279e-07 3.290763397230721800e-10 1.158269677868770412e-10 1.429051789774250938e-11 -4.391395739999889055e-10 2.813797850599949300e-06 1.007402719871374687e-07 2.702406240356195919e-06 1.744882734490154788e-07 6.853993354660539344e-06 6.536170514009974099e-08 6.341605051728429052e-06 5.821492165270944383e-07 8.925715385772558077e-05 5.460386224409014695e-07 9.307339718872030348e-05 5.454194253956076396e-07
1.017498872916515202e-06 4.080359728483089203e-10 2.378454712804450172e-02 -4.358628236426869732e-08 -3.005635670065144284e-05 -2.333714539147933083e-03 -2.308754930298600515e-07 -6.509032407346103453e-05 5.045523160261997733e-08 1.775902966158024478e-08 2.191076363039893057e-09 -6.733054376889085487e-08 4.314227847922443102e-04 1.544586034021848571e-05 4.143438042804878179e-04 2.675316606472261447e-05 1.050881277106356128e-03 1.002149814595319078e-05 9.723280645192250915e-04 8.925715385772558077e-05 1.368576305866728640e-02 8.372053703924181708e-05 1.427091766532967258e-02 8.362559938601087626e-05
6.224628438793473034e-09 2.496191777944838009e-12 1.455029746843869291e-04 -2.666444209999912717e-10 -1.838721803829570799e-07 -1.427682369839164986e-05 -1.412406203186685304e-09 -3.981951861550903161e-07 3.086638007085875923e-10 1.086422443252215695e-10 1.340407995342434189e-11 -4.118998347523209110e-10 2.639258520563263108e-06 9.449137374664862289e-08 2.534776509359947583e-06 1.636648019992416671e-07 6.428841501360347991e-06 6.130733190899511857e-08 5.948236329432453554e-06 5.460386224409014695e-07 8.372053703924181708e-05 5.121679613225187811e-07 8.730005868317142139e-05 5.115871729455259935e-07
1.061002690879571402e-06 4.254818129938514568e-10 2.480147363106157549e-02 -4.544983511373741068e-08 -3.134143525543545708e-05 -2.433493506324460771e-03 -2.407466973315935112e-07 -6.787330245305392700e-05 5.261247744337944065e-08 1.851832838308461597e-08 2.284757240497054057e-09 -7.020930442130433577e-08 4.498685565965075683e-04 1.610625759723348599e-05 4.320593533721608969e-04 2.789701407278533349e-05 1.095812403323778500e-03 1.044997360523203004e-05 1.013900770013550189e-03 9.307339718872030348e-05 1.427091766532967258e-02 8.730005868317142139e-05 1.488109165014016473e-02 8.720106190925695755e-05
6.217569831959305839e-09 2.493361145318899336e-12 1.453379771050230802e-04 -2.663420515690156913e-10 -1.836636729339978173e-07 -1.426063406885916395e-05 -1.410804562666061404e-09 -3.977436406110653266e-07 3.083137819990953925e-10 1.085190461462805153e-10 1.338887998907406835e-11 -4.114327484005593208e-10 2.636265652802839412e-06 9.438422238581493584e-08 2.531902122154220270e-06 1.634792093312777304e-07 6.421551320502786135e-06 6.123781059681502841e-08 5.941491142264071886e-06 5.454194253956076396e-07 8.362559938601087626e-05 5.115871729455259935e-07 8.720106190925695755e-05 5.110070431711928644e-07
