par.Ct_1S0 = -0.107684493704953
par.Ct_3S1 = -0.718085864415801E-01
par.Ct_1S0 = -0.107683603448135
par.Ct_3S1 = -0.718085959187936E-01
