1.074170158743761696e-10 3.704062008387075228e-14 2.385877178884880822e-06 -4.185277404163278205e-12 -2.732973753508671732e-09 -2.358097609075443936e-07 -2.158593188673314154e-11 -6.034005257874531612e-09 4.762855686085959883e-12 1.676465730568530589e-12 2.092521691223645937e-13 -6.046571399964593755e-12 4.507572857617354117e-08 1.567381640189981141e-09 4.337687075208311828e-08 2.661215179546337831e-09 1.132881327210747051e-07 1.047840340263168378e-09 9.617348400658486631e-08 8.787339504970381290e-09 1.298237345340977945e-06 8.249037327641620164e-09 1.350807580207991713e-06 8.239758239566341989e-09
3.704062008387075228e-14 9.217774302364122044e-12 8.227222608120647813e-10 -1.443209616384449811e-15 -9.424116065679418312e-13 1.740161690733783771e-08 4.947109908817308165e-13 -5.130499449126440038e-10 1.185264411061774307e-09 4.171982730050943947e-10 5.207362249559077336e-11 -1.504724552175452703e-09 3.448569328449890340e-09 1.456302427706188194e-10 3.373363118808657945e-09 1.522604239677277151e-10 9.696742562283098300e-09 9.260269134339157641e-11 3.316351189085589295e-11 3.030139140452891563e-12 4.476713106953767850e-10 2.844516348026096636e-12 4.657991099232588873e-10 2.841316639178075956e-12
2.385877178884880822e-06 8.227222608120647813e-10 5.299361189703986202e-02 -9.296054982307178765e-08 -6.070303832758679598e-05 -5.237644567268419371e-03 -4.794522967007760718e-07 -1.340234129098547325e-04 1.057894654432973676e-07 3.723657089812462444e-08 4.647773640424496322e-09 -1.343025273573655427e-07 1.001193143220319983e-03 3.481365740005578616e-05 9.634592156416353593e-04 5.910917206463956082e-05 2.516283070532205311e-03 2.327394808011374041e-05 2.136146680431007337e-03 1.951786248894688718e-04 2.883579651981569431e-02 1.832222043511705627e-04 3.000346420551579935e-02 1.830161032563557065e-04
-4.185277404163278205e-12 -1.443209616384449811e-15 -9.296054982307178765e-08 1.630707780866372784e-13 1.064845665678072645e-10 9.187850443953751859e-09 8.410512928621411411e-13 2.351022926338922843e-10 -1.855746235127781857e-13 -6.531995033527382611e-14 -8.153069307807237950e-15 2.355918980638248379e-13 -1.756280084711077108e-09 -6.106973777184083263e-11 -1.690087669172413308e-09 -1.036886707032077720e-10 -4.414032073320778427e-09 -4.082689463216730935e-11 -3.747188871758740555e-09 -3.423802997210205202e-10 -5.058265018654790056e-08 -3.214064938814615903e-10 -5.263091203588898615e-08 -3.210449537928242539e-10
-2.732973753508671732e-09 -9.424116065679418312e-13 -6.070303832758679598e-05 1.064845665678072645e-10 6.953410049868390907e-08 5.999626441440790656e-06 5.492033896763231209e-10 1.535210962141052786e-07 -1.211796797348493853e-10 -4.265373416906650163e-11 -5.323930118737030654e-12 1.538408119081613797e-10 -1.146846054303589058e-06 -3.987834631292958507e-08 -1.103622605725444602e-06 -6.770837301347813680e-08 -2.882350499074742858e-06 -2.665983736220816553e-08 -2.446908189758561395e-06 -2.235732266940591796e-07 -3.303058522124693110e-05 -2.098773918309433011e-07 -3.436811044067736233e-05 -2.096413072222618883e-07
-2.358097609075443936e-07 1.740161690733783771e-08 -5.237644567268419371e-03 9.187850443953751859e-09 5.999626441440790656e-06 5.508276679972752684e-04 4.833952072128815397e-08 1.227716089408795736e-05 2.237581066241969472e-06 7.876005928773586476e-07 9.830629379956451718e-08 -2.840668401140567879e-06 -9.244225045724471313e-05 -3.165647748780427581e-06 -8.885432133025069712e-05 -5.555053322104286964e-06 -2.303810941896113941e-04 -2.125346698260273739e-06 -2.111265254066753449e-04 -1.929062785128235412e-05 -2.849954147070598350e-03 -1.810890739684842176e-05 -2.965358216574772408e-03 -1.808853725803304864e-05
-2.158593188673314154e-11 4.947109908817308165e-13 -4.794522967007760718e-07 8.410512928621411411e-13 5.492033896763231209e-10 4.833952072128815397e-08 4.365149406092098668e-12 1.184724504480950502e-09 6.361224589194453527e-11 2.239071675270611317e-11 2.794752038802607866e-12 -8.075743153269163305e-11 -8.871147665251556541e-09 -3.070684186236396497e-10 -8.533819620240835877e-09 -5.265385992717660001e-10 -2.223963585533645631e-08 -2.055432289868440977e-10 -1.932646439042298851e-08 -1.765855912069544598e-09 -2.608850639806787454e-07 -1.657681681660216264e-09 -2.714491925307047271e-07 -1.655817007234471853e-09
-6.034005257874531612e-09 -5.130499449126440038e-10 -1.340234129098547325e-04 2.351022926338922843e-10 1.535210962141052786e-07 1.227716089408795736e-05 1.184724504480950502e-09 3.672766832555935967e-07 -6.597035528449885061e-08 -2.322074091681325831e-08 -2.898353567495346742e-09 8.375111180145690914e-08 -2.722371251998996140e-06 -9.608831710293473099e-08 -2.622803775646120057e-06 -1.578795569242163222e-07 -6.899162403732339645e-06 -6.397423711799743392e-08 -5.402414867535045275e-06 -4.936168894414351247e-07 -7.292671083218608085e-05 -4.633784944049229892e-07 -7.587977176125021287e-05 -4.628572542105953085e-07
4.762855686085959883e-12 1.185264411061774307e-09 1.057894654432973676e-07 -1.855746235127781857e-13 -1.211796797348493853e-10 2.237581066241969472e-06 6.361224589194453527e-11 -6.597035528449885061e-08 1.524068270324422922e-07 5.364529929068681258e-08 6.695869223865266315e-09 -1.934845003590758493e-07 4.434331303334369212e-07 1.872581576599343298e-08 4.337627651363448940e-07 1.957835538718646192e-08 1.246852388932244202e-06 1.190728591734529965e-08 4.264319032665109382e-09 3.896294230919885451e-10 5.756366508371097006e-08 3.657611787055760479e-10 5.989462205789047994e-08 3.653497452186066059e-10
1.676465730568530589e-12 4.171982730050943947e-10 3.723657089812462444e-08 -6.531995033527382611e-14 -4.265373416906650163e-11 7.876005928773586476e-07 2.239071675270611317e-11 -2.322074091681325831e-08 5.364529929068681258e-08 1.888247586080341911e-08 2.356862379392468018e-09 -6.810412860953719083e-08 1.560829233419179987e-07 6.591253379922302226e-09 1.526790755431214906e-07 6.891336681416068278e-09 4.388764682068014221e-07 4.191215987262719200e-09 1.500987052958484350e-09 1.371446918688372516e-10 2.026169131777977304e-08 1.287433678735182603e-10 2.108215906566176330e-08 1.285985484234292731e-10
2.092521691223645937e-13 5.207362249559077336e-11 4.647773640424496322e-09 -8.153069307807237950e-15 -5.323930118737030654e-12 9.830629379956451718e-08 2.794752038802607866e-12 -2.898353567495346742e-09 6.695869223865266315e-09 2.356862379392468018e-09 2.941775396790552283e-10 -8.500583311980244418e-09 1.948187176104597799e-08 8.227034044495169190e-10 1.905701217553294751e-08 8.601590354301135469e-10 5.477943958087888456e-08 5.231368701092077241e-10 1.873493689506313751e-10 1.711805003422324413e-11 2.529012542755541983e-09 1.606941823848959538e-11 2.631421230817652212e-09 1.605134224474294715e-11
-6.046571399964593755e-12 -1.504724552175452703e-09 -1.343025273573655427e-07 2.355918980638248379e-13 1.538408119081613797e-10 -2.840668401140567879e-06 -8.075743153269163305e-11 8.375111180145690914e-08 -1.934845003590758493e-07 -6.810412860953719083e-08 -8.500583311980244418e-09 2.456336970378052779e-07 -5.629500960168184472e-07 -2.377291902967810004e-08 -5.506733113618413977e-07 -2.485524065150652883e-08 -1.582912111666283011e-06 -1.511661479562624804e-08 -5.413665917438505782e-09 -4.946448688854534734e-10 -7.307859687615368095e-08 -4.643435006760793752e-10 -7.603780846778749833e-08 -4.638211749708173980e-10
4.507572857617354117e-08 3.448569328449890340e-09 1.001193143220319983e-03 -1.756280084711077108e-09 -1.146846054303589058e-06 -9.244225045724471313e-05 -8.871147665251556541e-09 -2.722371251998996140e-06 4.434331303334369212e-07 1.560829233419179987e-07 1.948187176104597799e-08 -5.629500960168184472e-07 2.019384843826845465e-05 7.117617196763229371e-07 1.945316026323299410e-05 1.173099212430924137e-06 5.113631179991208128e-05 4.740624103687962975e-07 4.035758824057828398e-05 3.687457632912134522e-06 5.447841922622856077e-04 3.461568249489105141e-06 5.668444558068707045e-04 3.457674437577066467e-06
1.567381640189981141e-09 1.456302427706188194e-10 3.481365740005578616e-05 -6.106973777184083263e-11 -3.987834631292958507e-08 -3.165647748780427581e-06 -3.070684186236396497e-10 -9.608831710293473099e-08 1.872581576599343298e-08 6.591253379922302226e-09 8.227034044495169190e-10 -2.377291902967810004e-08 7.117617196763229371e-07 2.515428930321219314e-08 6.857981937455332767e-07 4.121344992496192464e-08 1.805064450230583849e-06 1.674152487494212942e-08 1.403320436059724917e-06 1.282209865983315498e-07 1.894327619191754007e-05 1.203663192373465990e-07 1.971035600951928475e-05 1.202309228836697110e-07
4.337687075208311828e-08 3.373363118808657945e-09 9.634592156416353593e-04 -1.690087669172413308e-09 -1.103622605725444602e-06 -8.885432133025069712e-05 -8.533819620240835877e-09 -2.622803775646120057e-06 4.337627651363448940e-07 1.526790755431214906e-07 1.905701217553294751e-08 -5.506733113618413977e-07 1.945316026323299410e-05 6.857981937455332767e-07 1.873994451083659224e-05 1.129785501270312982e-06 4.926641749037252629e-05 4.567435322442354916e-07 3.883655304736462373e-05 3.548481134408524367e-06 5.242518781678185118e-04 3.331105289117196099e-06 5.454807156381605900e-04 3.327358230968938349e-06
2.661215179546337831e-09 1.522604239677277151e-10 5.910917206463956082e-05 -1.036886707032077720e-10 -6.770837301347813680e-08 -5.555053322104286964e-06 -5.265385992717660001e-10 -1.578795569242163222e-07 1.957835538718646192e-08 6.891336681416068278e-09 8.601590354301135469e-10 -2.485524065150652883e-08 1.173099212430924137e-06 4.121344992496192464e-08 1.129785501270312982e-06 6.841542213334563380e-08 2.965235255705186786e-06 2.747431585743433272e-08 2.382659963927886689e-06 2.177029705332181700e-07 3.216327415381136414e-05 2.043667418716722156e-07 3.346567802443356688e-05 2.041368560401804940e-07
1.132881327210747051e-07 9.696742562283098300e-09 2.516283070532205311e-03 -4.414032073320778427e-09 -2.882350499074742858e-06 -2.303810941896113941e-04 -2.223963585533645631e-08 -6.899162403732339645e-06 1.246852388932244202e-06 4.388764682068014221e-07 5.477943958087888456e-08 -1.582912111666283011e-06 5.113631179991208128e-05 1.805064450230583849e-06 4.926641749037252629e-05 2.965235255705186786e-06 1.295987408113807198e-04 1.201755932720785753e-06 1.014300902217616035e-04 9.267630594212538164e-06 1.369196992789977656e-03 8.699906298959036218e-06 1.424640669009093804e-03 8.690120041599054933e-06
1.047840340263168378e-09 9.260269134339157641e-11 2.327394808011374041e-05 -4.082689463216730935e-11 -2.665983736220816553e-08 -2.125346698260273739e-06 -2.055432289868440977e-10 -6.397423711799743392e-08 1.190728591734529965e-08 4.191215987262719200e-09 5.231368701092077241e-10 -1.511661479562624804e-08 4.740624103687962975e-07 1.674152487494212942e-08 4.567435322442354916e-07 2.747431585743433272e-08 1.201755932720785753e-06 1.114461087754108345e-08 9.381608225823271526e-07 8.571946568767570969e-08 1.266414236133759879e-05 8.046839140559866147e-08 1.317695819169301341e-05 8.037787499419020434e-08
9.617348400658486631e-08 3.316351189085589295e-11 2.136146680431007337e-03 -3.747188871758740555e-09 -2.446908189758561395e-06 -2.111265254066753449e-04 -1.932646439042298851e-08 -5.402414867535045275e-06 4.264319032665109382e-09 1.500987052958484350e-09 1.873493689506313751e-10 -5.413665917438505782e-09 4.035758824057828398e-05 1.403320436059724917e-06 3.883655304736462373e-05 2.382659963927886689e-06 1.014300902217616035e-04 9.381608225823271526e-07 8.610706854801061837e-05 7.867548365967317193e-06 1.162361102526980822e-03 7.385591160602432888e-06 1.209429492522698553e-03 7.377283331274185691e-06
8.787339504970381290e-09 3.030139140452891563e-12 1.951786248894688718e-04 -3.423802997210205202e-10 -2.235732266940591796e-07 -1.929062785128235412e-05 -1.765855912069544598e-09 -4.936168894414351247e-07 3.896294230919885451e-10 1.371446918688372516e-10 1.711805003422324413e-11 -4.946448688854534734e-10 3.687457632912134522e-06 1.282209865983315498e-07 3.548481134408524367e-06 2.177029705332181700e-07 9.267630594212538164e-06 8.571946568767570969e-08 7.867548365967317193e-06 7.188558007938149036e-07 1.062031576306243324e-04 6.748195391470946023e-07 1.105036950531689867e-04 6.740604555286352194e-07
1.298237345340977945e-06 4.476713106953767850e-10 2.883579651981569431e-02 -5.058265018654790056e-08 -3.303058522124693110e-05 -2.849954147070598350e-03 -2.608850639806787454e-07 -7.292671083218608085e-05 5.756366508371097006e-08 2.026169131777977304e-08 2.529012542755541983e-09 -7.307859687615368095e-08 5.447841922622856077e-04 1.894327619191754007e-05 5.242518781678185118e-04 3.216327415381136414e-05 1.369196992789977656e-03 1.266414236133759879e-05 1.162361102526980822e-03 1.062031576306243324e-04 1.569111206891802071e-02 9.969725666774511337e-05 1.632651506574806649e-02 9.958511001290903659e-05
8.249037327641620164e-09 2.844516348026096636e-12 1.832222043511705627e-04 -3.214064938814615903e-10 -2.098773918309433011e-07 -1.810890739684842176e-05 -1.657681681660216264e-09 -4.633784944049229892e-07 3.657611787055760479e-10 1.287433678735182603e-10 1.606941823848959538e-11 -4.643435006760793752e-10 3.461568249489105141e-06 1.203663192373465990e-07 3.331105289117196099e-06 2.043667418716722156e-07 8.699906298959036218e-06 8.046839140559866147e-08 7.385591160602432888e-06 6.748195391470946023e-07 9.969725666774511337e-05 6.334808876966031452e-07 1.037343469904104782e-04 6.327683046560652495e-07
1.350807580207991713e-06 4.657991099232588873e-10 3.000346420551579935e-02 -5.263091203588898615e-08 -3.436811044067736233e-05 -2.965358216574772408e-03 -2.714491925307047271e-07 -7.587977176125021287e-05 5.989462205789047994e-08 2.108215906566176330e-08 2.631421230817652212e-09 -7.603780846778749833e-08 5.668444558068707045e-04 1.971035600951928475e-05 5.454807156381605900e-04 3.346567802443356688e-05 1.424640669009093804e-03 1.317695819169301341e-05 1.209429492522698553e-03 1.105036950531689867e-04 1.632651506574806649e-02 1.037343469904104782e-04 1.698764865968045365e-02 1.036176591196785220e-04
8.239758239566341989e-09 2.841316639178075956e-12 1.830161032563557065e-04 -3.210449537928242539e-10 -2.096413072222618883e-07 -1.808853725803304864e-05 -1.655817007234471853e-09 -4.628572542105953085e-07 3.653497452186066059e-10 1.285985484234292731e-10 1.605134224474294715e-11 -4.638211749708173980e-10 3.457674437577066467e-06 1.202309228836697110e-07 3.327358230968938349e-06 2.041368560401804940e-07 8.690120041599054933e-06 8.037787499419020434e-08 7.377283331274185691e-06 6.740604555286352194e-07 9.958511001290903659e-05 6.327683046560652495e-07 1.036176591196785220e-04 6.320565231782481277e-07
