par.Ct_1S0 = -0.107684493704953
par.Ct_3S1 = -0.718085864415801E-01
par.Ct_1S0 = -0.112158158151964
par.Ct_3S1 = -0.903420415858850E-01
par.Ct_1S0 = -0.112156825878934
par.Ct_3S1 = -0.903421176165609E-01
