9.067198592797477789e-11 3.441146146592738152e-14 1.956966579487589498e-06 -3.532760035706699902e-12 -2.306915583221190910e-09 -1.966841477962436540e-07 -1.821466450822915021e-11 -4.883421581464775237e-09 4.424787160715385040e-12 1.557469088502849364e-12 1.943993397833074090e-13 -5.617382768251593615e-12 3.805030527543263618e-08 1.323089378569173538e-09 3.661625500158893489e-08 2.246404472526357941e-09 9.563146466352016906e-08 8.845240660652773917e-10 8.118352793317524409e-08 7.417453131594869928e-09 1.095982709483599516e-06 6.963065008655043127e-09 1.140365580611380964e-06 6.955232419015039035e-09
3.441146146592738152e-14 8.577836227058589176e-12 7.426999568933897825e-10 -1.340738648138316284e-15 -8.755111723285987488e-13 1.600192498425077482e-08 4.603431905872627719e-13 -4.553200701029715650e-10 1.102978426004647007e-09 3.882344486621651586e-10 4.845843879547609447e-11 -1.400259894758427826e-09 3.209138460017156666e-09 1.355187079622230151e-10 3.139154399508712223e-09 1.416877607342788756e-10 9.023511867388401230e-09 8.617306469104062568e-11 3.081044067303906306e-11 2.815041492704850372e-12 4.159428779322859426e-10 2.642593969656888048e-12 4.327868837619814122e-10 2.639621377253435476e-12
1.956966579487589498e-06 7.426999568933897825e-10 4.223709732352002449e-02 -7.624720702310436309e-08 -4.978998056647121478e-05 -4.245012729408789709e-03 -3.931254126354326361e-07 -1.053985153278803942e-04 9.549984493043959807e-08 3.361473693614529543e-08 4.195706172281082350e-09 -1.212395452548284159e-07 8.212370254494372060e-04 2.855613166236310263e-05 7.902860287987254102e-04 4.848396599027033477e-05 2.064006943658279730e-03 1.909061370121376090e-05 1.752180384879763794e-03 1.600902794540367277e-04 2.365464359509181214e-02 1.502832542660308352e-04 2.461256387027192100e-02 1.501142040786479352e-04
-3.532760035706699902e-12 -1.340738648138316284e-15 -7.624720702310436309e-08 1.376435183314628859e-13 8.988200428949956348e-11 7.663218226988017125e-09 7.096800910465639487e-13 1.902677737173945195e-10 -1.723984655907935778e-13 -6.068207834187313569e-14 -7.574183046400570265e-15 2.188643509543477423e-13 -1.482514790298011377e-09 -5.155019439582487190e-11 -1.426641350034410883e-09 -8.752438987615711617e-11 -3.725990421994490947e-09 -3.446281289614182435e-11 -3.163065207571745427e-09 -2.889987653428598127e-10 -4.270134983631641388e-08 -2.712949067385045528e-10 -4.443057549484176585e-08 -2.709897335447623658e-10
-2.306915583221190910e-09 -8.755111723285987488e-13 -4.978998056647121478e-05 8.988200428949956348e-11 5.869353668089493255e-08 5.004123041115524407e-06 4.634253384141081792e-10 1.242461080064224496e-07 -1.125773341011027057e-10 -3.962579702991576246e-11 -4.945991440751163557e-12 1.429198634220439251e-10 -9.680921831085362736e-07 -3.366260834622905412e-08 -9.316064604153501614e-07 -5.715398770046753026e-08 -2.433096743355725237e-06 -2.250444110269829049e-08 -2.065505952025592205e-06 -1.887180302629204686e-07 -2.788445126434131683e-05 -1.771572926858046758e-07 -2.901365862856213849e-05 -1.769580125784166504e-07
-1.966841477962436540e-07 1.600192498425077482e-08 -4.245012729408789709e-03 7.663218226988017125e-09 5.004123041115524407e-06 4.567757671325284839e-04 4.038672897488437386e-08 9.743148172596986052e-06 2.057602592952900294e-06 7.242500726613665413e-07 9.039905649675829325e-08 -2.612180179929724905e-06 -7.655054446160376280e-05 -2.616975947428415488e-06 -7.356997068843314290e-05 -4.608911102726714322e-06 -1.905982542768747774e-04 -1.757818527251867474e-06 -1.761015175536075148e-04 -1.608982287042939641e-05 -2.377364482413002640e-03 -1.510417194239222393e-05 -2.473637655832258177e-03 -1.508718162070579780e-05
-1.821466450822915021e-11 4.603431905872627719e-13 -3.931254126354326361e-07 7.096800910465639487e-13 4.634253384141081792e-10 4.038672897488437386e-08 3.684512638255408888e-12 9.563058825977175235e-10 5.919308665957730499e-11 2.083521788544865362e-11 2.600599014624937612e-12 -7.514716915487631644e-11 -7.469720219114595671e-09 -2.584344903086906733e-10 -7.185423224774638760e-09 -4.435979600829935740e-10 -1.872139130092071159e-08 -1.730120728852808606e-10 -1.630855241756697719e-08 -1.490057323647466534e-09 -2.201656468177636449e-07 -1.398777459593335945e-09 -2.290814423453683672e-07 -1.397204007875054453e-09
-4.883421581464775237e-09 -4.553200701029715650e-10 -1.053985153278803942e-04 1.902677737173945195e-10 1.242461080064224496e-07 9.743148172596986052e-06 9.563058825977175235e-10 2.869843705229918273e-07 -5.854719125853365876e-08 -2.060787009977285447e-08 -2.572222069674748813e-09 7.432718632002544634e-08 -2.218205170318708122e-06 -7.839674346411145866e-08 -2.137298999421602738e-06 -1.284323499401102647e-07 -5.625639115825947426e-06 -5.217658637350971142e-08 -4.372391091814344072e-06 -3.994899913290936409e-07 -5.902754958472939247e-05 -3.750175069106348892e-07 -6.141792671674323179e-05 -3.745956584544317517e-07
4.424787160715385040e-12 1.102978426004647007e-09 9.549984493043959807e-08 -1.723984655907935778e-13 -1.125773341011027057e-10 2.057602592952900294e-06 5.919308665957730499e-11 -5.854719125853365876e-08 1.418261416703350163e-07 4.992100647099404285e-08 6.231013386687698317e-09 -1.800519862986950833e-07 4.126460810734533247e-07 1.742563121806051085e-08 4.036472022320272649e-07 1.821887696634476353e-08 1.160285495215892114e-06 1.108053692294003751e-08 3.961751013144871252e-09 3.619712422194634480e-10 5.348388672120424524e-08 3.397971306478721959e-10 5.564976801837517295e-08 3.394149007703685867e-10
1.557469088502849364e-12 3.882344486621651586e-10 3.361473693614529543e-08 -6.068207834187313569e-14 -3.962579702991576246e-11 7.242500726613665413e-07 2.083521788544865362e-11 -2.060787009977285447e-08 4.992100647099404285e-08 1.757156286895087383e-08 2.193237880969158962e-09 -6.337602112001704585e-08 1.452461974090216776e-07 6.133601723505313302e-09 1.420787059324751457e-07 6.412814189012142611e-09 4.084058083896046388e-07 3.900208802096790095e-09 1.394486223440426483e-09 1.274092968196030275e-10 1.882565130626583257e-08 1.196042901418441437e-10 1.958801411388946029e-08 1.194697500617700224e-10
1.943993397833074090e-13 4.845843879547609447e-11 4.195706172281082350e-09 -7.574183046400570265e-15 -4.945991440751163557e-12 9.039905649675829325e-08 2.600599014624937612e-12 -2.572222069674748813e-09 6.231013386687698317e-09 2.193237880969158962e-09 2.737543866528572067e-10 -7.910434135978872989e-09 1.812926187313766912e-08 7.655806024851255378e-10 1.773390362398809306e-08 8.004311939704826801e-10 5.097617686299463051e-08 4.868141657301638465e-10 1.740562321278341080e-10 1.590290514676110945e-11 2.349770029702368186e-09 1.492870401726803049e-11 2.444926221025275344e-09 1.491191106584839585e-11
-5.617382768251593615e-12 -1.400259894758427826e-09 -1.212395452548284159e-07 2.188643509543477423e-13 1.429198634220439251e-10 -2.612180179929724905e-06 -7.514716915487631644e-11 7.432718632002544634e-08 -1.800519862986950833e-07 -6.337602112001704585e-08 -7.910434135978872989e-09 2.285806959850971001e-07 -5.238649649430217264e-07 -2.212229365982109520e-08 -5.124406534271198985e-07 -2.312933983750900182e-08 -1.473012706720273674e-06 -1.406703082385953778e-08 -5.029546294628527668e-09 -4.595319378948343598e-10 -6.789918983357523692e-08 -4.313813246070832345e-10 -7.064883265696912896e-08 -4.308960738030532867e-10
3.805030527543263618e-08 3.209138460017156666e-09 8.212370254494372060e-04 -1.482514790298011377e-09 -9.680921831085362736e-07 -7.655054446160376280e-05 -7.469720219114595671e-09 -2.218205170318708122e-06 4.126460810734533247e-07 1.452461974090216776e-07 1.812926187313766912e-08 -5.238649649430217264e-07 1.715755357162084644e-05 6.055167545691899040e-07 1.652989549495863280e-05 9.951510117287791824e-07 4.347871314880101193e-05 4.031576292222909263e-07 3.406850631489958609e-05 3.112718133144399947e-06 4.599274540344619401e-04 2.922035123347665278e-06 4.785526712130711078e-04 2.918748193827804786e-06
1.323089378569173538e-09 1.355187079622230151e-10 2.855613166236310263e-05 -5.155019439582487190e-11 -3.366260834622905412e-08 -2.616975947428415488e-06 -2.584344903086906733e-10 -7.839674346411145866e-08 1.742563121806051085e-08 6.133601723505313302e-09 7.655806024851255378e-10 -2.212229365982109520e-08 6.055167545691899040e-07 2.143176277060982956e-08 5.834980373041525676e-07 3.499640229883144396e-08 1.536918773633870194e-06 1.425810886439271781e-08 1.184633011015887431e-06 1.082357912832277536e-07 1.599260404378977134e-05 1.016053410905232268e-07 1.664023943918776938e-05 1.014910476177983599e-07
3.661625500158893489e-08 3.139154399508712223e-09 7.902860287987254102e-04 -1.426641350034410883e-09 -9.316064604153501614e-07 -7.356997068843314290e-05 -7.185423224774638760e-09 -2.137298999421602738e-06 4.036472022320272649e-07 1.420787059324751457e-07 1.773390362398809306e-08 -5.124406534271198985e-07 1.652989549495863280e-05 5.834980373041525676e-07 1.592548020931286001e-05 9.584822210730457925e-07 4.189347076903139676e-05 3.884732937648759573e-07 3.278452371891743913e-05 2.995405153273995359e-06 4.425936123877930589e-04 2.811908656515803022e-06 4.605168791286235299e-04 2.808745605691231871e-06
2.246404472526357941e-09 1.416877607342788756e-10 4.848396599027033477e-05 -8.752438987615711617e-11 -5.715398770046753026e-08 -4.608911102726714322e-06 -4.435979600829935740e-10 -1.284323499401102647e-07 1.821887696634476353e-08 6.412814189012142611e-09 8.004311939704826801e-10 -2.312933983750900182e-08 9.951510117287791824e-07 3.499640229883144396e-08 9.584822210730457925e-07 5.796713021248018742e-08 2.516832663214300808e-06 2.332346631365909569e-08 2.011326550372163067e-06 1.837679082481092566e-07 2.715300460099013372e-05 1.725104125911948378e-07 2.825259072698232100e-05 1.723163596629164110e-07
9.563146466352016906e-08 9.023511867388401230e-09 2.064006943658279730e-03 -3.725990421994490947e-09 -2.433096743355725237e-06 -1.905982542768747774e-04 -1.872139130092071159e-08 -5.625639115825947426e-06 1.160285495215892114e-06 4.084058083896046388e-07 5.097617686299463051e-08 -1.473012706720273674e-06 4.347871314880101193e-05 1.536918773633870194e-06 4.189347076903139676e-05 2.516832663214300808e-06 1.102783670528781535e-04 1.022838939408415023e-06 8.562403837097289495e-05 7.823164595196954973e-06 1.155930723334466868e-03 7.343922832097648422e-06 1.202741270690951651e-03 7.335661823891108332e-06
8.845240660652773917e-10 8.617306469104062568e-11 1.909061370121376090e-05 -3.446281289614182435e-11 -2.250444110269829049e-08 -1.757818527251867474e-06 -1.730120728852808606e-10 -5.217658637350971142e-08 1.108053692294003751e-08 3.900208802096790095e-09 4.868141657301638465e-10 -1.406703082385953778e-08 4.031576292222909263e-07 1.425810886439271781e-08 3.884732937648759573e-07 2.332346631365909569e-08 1.022838939408415023e-06 9.487681778582839563e-09 7.919620522163347406e-07 7.235879936908755761e-08 1.069153192700781846e-05 6.792614884681319822e-08 1.112449561653916966e-05 6.784974030714907422e-08
8.118352793317524409e-08 3.081044067303906306e-11 1.752180384879763794e-03 -3.163065207571745427e-09 -2.065505952025592205e-06 -1.761015175536075148e-04 -1.630855241756697719e-08 -4.372391091814344072e-06 3.961751013144871252e-09 1.394486223440426483e-09 1.740562321278341080e-10 -5.029546294628527668e-09 3.406850631489958609e-05 1.184633011015887431e-06 3.278452371891743913e-05 2.011326550372163067e-06 8.562403837097289495e-05 7.919620522163347406e-07 7.268816682653719624e-05 6.641243312877446969e-06 9.813015077967252031e-04 6.234405016912886753e-06 1.021040443341755637e-03 6.227392076178561672e-06
7.417453131594869928e-09 2.815041492704850372e-12 1.600902794540367277e-04 -2.889987653428598127e-10 -1.887180302629204686e-07 -1.608982287042939641e-05 -1.490057323647466534e-09 -3.994899913290936409e-07 3.619712422194634480e-10 1.274092968196030275e-10 1.590290514676110945e-11 -4.595319378948343598e-10 3.112718133144399947e-06 1.082357912832277536e-07 2.995405153273995359e-06 1.837679082481092566e-07 7.823164595196954973e-06 7.235879936908755761e-08 6.641243312877446969e-06 6.067873780825525860e-07 8.965707138286897510e-05 5.696160018580185811e-07 9.328781683848570239e-05 5.689752541575354154e-07
1.095982709483599516e-06 4.159428779322859426e-10 2.365464359509181214e-02 -4.270134983631641388e-08 -2.788445126434131683e-05 -2.377364482413002640e-03 -2.201656468177636449e-07 -5.902754958472939247e-05 5.348388672120424524e-08 1.882565130626583257e-08 2.349770029702368186e-09 -6.789918983357523692e-08 4.599274540344619401e-04 1.599260404378977134e-05 4.425936123877930589e-04 2.715300460099013372e-05 1.155930723334466868e-03 1.069153192700781846e-05 9.813015077967252031e-04 8.965707138286897510e-05 1.324798993288407896e-02 8.416472655150353331e-05 1.378449012503165337e-02 8.407005141090459954e-05
6.963065008655043127e-09 2.642593969656888048e-12 1.502832542660308352e-04 -2.712949067385045528e-10 -1.771572926858046758e-07 -1.510417194239222393e-05 -1.398777459593335945e-09 -3.750175069106348892e-07 3.397971306478721959e-10 1.196042901418441437e-10 1.492870401726803049e-11 -4.313813246070832345e-10 2.922035123347665278e-06 1.016053410905232268e-07 2.811908656515803022e-06 1.725104125911948378e-07 7.343922832097648422e-06 6.792614884681319822e-08 6.234405016912886753e-06 5.696160018580185811e-07 8.416472655150353331e-05 5.347217188950109562e-07 8.757305416777169151e-05 5.341202229619749797e-07
1.140365580611380964e-06 4.327868837619814122e-10 2.461256387027192100e-02 -4.443057549484176585e-08 -2.901365862856213849e-05 -2.473637655832258177e-03 -2.290814423453683672e-07 -6.141792671674323179e-05 5.564976801837517295e-08 1.958801411388946029e-08 2.444926221025275344e-09 -7.064883265696912896e-08 4.785526712130711078e-04 1.664023943918776938e-05 4.605168791286235299e-04 2.825259072698232100e-05 1.202741270690951651e-03 1.112449561653916966e-05 1.021040443341755637e-03 9.328781683848570239e-05 1.378449012503165337e-02 8.757305416777169151e-05 1.434271703157482050e-02 8.747454506649163968e-05
6.955232419015039035e-09 2.639621377253435476e-12 1.501142040786479352e-04 -2.709897335447623658e-10 -1.769580125784166504e-07 -1.508718162070579780e-05 -1.397204007875054453e-09 -3.745956584544317517e-07 3.394149007703685867e-10 1.194697500617700224e-10 1.491191106584839585e-11 -4.308960738030532867e-10 2.918748193827804786e-06 1.014910476177983599e-07 2.808745605691231871e-06 1.723163596629164110e-07 7.335661823891108332e-06 6.784974030714907422e-08 6.227392076178561672e-06 5.689752541575354154e-07 8.407005141090459954e-05 5.341202229619749797e-07 8.747454506649163968e-05 5.335194036377043522e-07
