1.258140424238648686e-10 3.801955626137696573e-14 3.188938815931668012e-06 -5.389806501610493219e-12 -3.716573117086246325e-09 -2.998168281668380435e-07 -2.857511061313721276e-11 -8.905271114431644515e-09 4.701261471243343240e-12 1.654734282968567289e-12 2.041579527438345682e-13 -6.273657768577416391e-12 5.334048368505120870e-08 1.909713970621787654e-09 5.122875690224240585e-08 3.307875939978760137e-09 1.299283647787949083e-07 1.239044676215723202e-09 1.202189257804685375e-07 1.103685526606933089e-08 1.691697513008728905e-06 1.035225484184839645e-08 1.764016177829496922e-06 1.034051578895511315e-08
3.801955626137696573e-14 1.049617841189666192e-11 9.636606247650878945e-10 -1.628737520693841592e-15 -1.123105640692607733e-12 1.952546577649608713e-08 5.355353328908890348e-13 -6.931705468094190682e-10 1.297892032824024491e-09 4.568276951712887176e-10 5.636252778635785794e-11 -1.731988421470997127e-09 3.712554653936306242e-09 1.639865257510643035e-10 3.629117407959320838e-09 1.719560136588455958e-10 1.039449304504084491e-08 1.047406436829809382e-10 3.632877637771412918e-11 3.335210693916970203e-12 5.112115272187365335e-10 3.128332321330054874e-12 5.330653957768880943e-10 3.124784914591243803e-12
3.188938815931668012e-06 9.636606247650878945e-10 8.082837220187764904e-02 -1.366122043955462858e-07 -9.420190946226310953e-05 -7.599273213097683735e-03 -7.242766009017409252e-07 -2.257169565567167214e-04 1.191602694123244943e-07 4.194163292678931259e-08 5.174678497791432003e-09 -1.590149270308165125e-07 1.351992150445913967e-03 4.840444705790283565e-05 1.298467384313627343e-03 8.384287092372105495e-05 3.293223032185480913e-03 3.140537424097527436e-05 3.047129241874693868e-03 2.797449288922975634e-04 4.287890150087432517e-02 2.623927385833310687e-04 4.471194749034440585e-02 2.620951953031347794e-04
-5.389806501610493219e-12 -1.628737520693841592e-15 -1.366122043955462858e-07 2.308969496987505669e-13 1.592160324947831022e-10 1.284403200019924896e-08 1.224144458878320978e-12 3.814971011779014512e-10 -2.013995349949488610e-13 -7.088793449718432598e-14 -8.746017852471248450e-15 2.687601541119150205e-13 -2.285076859450152579e-09 -8.181116057941860018e-11 -2.194611604528766939e-09 -1.417077019560541680e-10 -5.566060199025901533e-09 -5.308002335928380481e-11 -5.150099927387128897e-09 -4.728132704100142308e-10 -7.247058374619311602e-08 -4.434853591581841278e-10 -7.556862239320294969e-08 -4.429824644158379940e-10
-3.716573117086246325e-09 -1.123105640692607733e-12 -9.420190946226310953e-05 1.592160324947831022e-10 1.097883478104629531e-07 8.856653426066228322e-06 8.441148240229673284e-10 2.630635719878881848e-07 -1.388762467499862120e-10 -4.888119667390834481e-11 -6.030868607289861685e-12 1.853251621150286216e-10 -1.575688996799421974e-06 -5.641335131197306693e-08 -1.513308145910855170e-06 -9.771534937996015408e-08 -3.838110988921930339e-06 -3.660163920344665970e-08 -3.551291579989394875e-06 -3.260310236103058405e-07 -4.997306301336772128e-05 -3.058077841998007439e-07 -5.210936920060546383e-05 -3.054610101241120796e-07
-2.998168281668380435e-07 1.952546577649608713e-08 -7.599273213097683735e-03 1.284403200019924896e-08 8.856653426066228322e-06 7.511312035190961496e-04 6.911207222866887921e-08 1.993098008010462551e-05 2.414397462118945050e-06 8.498115368648629089e-07 1.048481231032666799e-07 -3.221923189770559599e-06 -1.202029370400116632e-04 -4.245488161450556293e-06 -1.153254002519518733e-04 -7.563227686266671084e-06 -2.902685233455126442e-04 -2.757615717377609638e-06 -2.864824571394170992e-04 -2.630101935719860134e-05 -4.031278136490769326e-03 -2.466960630442287705e-05 -4.203610514060009823e-03 -2.464163195993385647e-05
-2.857511061313721276e-11 5.355353328908890348e-13 -7.242766009017409252e-07 1.224144458878320978e-12 8.441148240229673284e-10 6.911207222866887921e-08 6.518250093604662056e-12 1.986783566391739340e-09 6.622096222280291202e-11 2.330823327321769417e-11 2.875725246539550482e-12 -8.836940097704073376e-11 -1.192314176757140399e-08 -4.252658688346958470e-10 -1.144781527197440122e-08 -7.424277543455829005e-10 -2.897269295000901428e-08 -2.760032501819647733e-10 -2.730428142668684293e-08 -2.506711380208547811e-09 -3.842181818817160890e-07 -2.351223728569024217e-09 -4.006431191375198798e-07 -2.348557533950255157e-09
-8.905271114431644515e-09 -6.931705468094190682e-10 -2.257169565567167214e-04 3.814971011779014512e-10 2.630635719878881848e-07 1.993098008010462551e-05 1.986783566391739340e-09 6.757484130476265580e-07 -8.571315225058169096e-08 -3.016902796154789977e-08 -3.722197021831669240e-09 1.143809976311542915e-07 -4.018670515093212628e-06 -1.459216026791018232e-07 -3.863753068259627216e-06 -2.453816814508325987e-07 -9.877695846348815646e-06 -9.456671520481021167e-08 -8.509240956958864704e-06 -7.812020726695296023e-07 -1.197403537955670503e-04 -7.327452214687873361e-07 -1.248591533028034538e-04 -7.319143170131659463e-07
4.701261471243343240e-12 1.297892032824024491e-09 1.191602694123244943e-07 -2.013995349949488610e-13 -1.388762467499862120e-10 2.414397462118945050e-06 6.622096222280291202e-11 -8.571315225058169096e-08 1.604892443530422078e-07 5.648846632192310930e-08 6.969439028752235989e-09 -2.141668977021160770e-07 4.590713824449420970e-07 2.027755209903244600e-08 4.487540523988193482e-07 2.126300932654676484e-08 1.285318260145484432e-06 1.295157544946569453e-08 4.492190164926177217e-09 4.124113765408590682e-10 6.321323273105804926e-08 3.868300858071586679e-10 6.591554597362263993e-08 3.863914355896390826e-10
1.654734282968567289e-12 4.568276951712887176e-10 4.194163292678931259e-08 -7.088793449718432598e-14 -4.888119667390834481e-11 8.498115368648629089e-07 2.330823327321769417e-11 -3.016902796154789977e-08 5.648846632192310930e-08 1.988262174699377862e-08 2.453079851236801202e-09 -7.538174843985135052e-08 1.615824072686924477e-07 7.137224990602947239e-09 1.579509479666737593e-07 7.484082927208065764e-09 4.524020160011296328e-07 4.558652215399730288e-09 1.581146063493176788e-09 1.451591764625377710e-10 2.224958212133341302e-08 1.361551593412958341e-10 2.320073329273516363e-08 1.360007647053887853e-10
2.041579527438345682e-13 5.636252778635785794e-11 5.174678497791432003e-09 -8.746017852471248450e-15 -6.030868607289861685e-12 1.048481231032666799e-07 2.875725246539550482e-12 -3.722197021831669240e-09 6.969439028752235989e-09 2.453079851236801202e-09 3.026563021435867826e-10 -9.300456014488622974e-09 1.993572860823236631e-08 8.805771745077759423e-10 1.948768610095446359e-08 9.233718437354231705e-10 5.581649612176597665e-08 5.624377954750828859e-10 1.950787789133598226e-10 1.790946171414280017e-11 2.745110912416584136e-09 1.679856329324356669e-11 2.862462125861568489e-09 1.677951437819665317e-11
-6.273657768577416391e-12 -1.731988421470997127e-09 -1.590149270308165125e-07 2.687601541119150205e-13 1.853251621150286216e-10 -3.221923189770559599e-06 -8.836940097704073376e-11 1.143809976311542915e-07 -2.141668977021160770e-07 -7.538174843985135052e-08 -9.300456014488622974e-09 2.857977233504012550e-07 -6.126136020199818988e-07 -2.705963570636145578e-08 -5.988455106022414946e-07 -2.837469155178837549e-08 -1.715209180847421902e-06 -1.728339354741547967e-08 -5.994659920978025799e-09 -5.503475720784572399e-10 -8.435569701081251170e-08 -5.162102954515753602e-10 -8.796183305480861034e-08 -5.156249331266647163e-10
5.334048368505120870e-08 3.712554653936306242e-09 1.351992150445913967e-03 -2.285076859450152579e-09 -1.575688996799421974e-06 -1.202029370400116632e-04 -1.192314176757140399e-08 -4.018670515093212628e-06 4.590713824449420970e-07 1.615824072686924477e-07 1.993572860823236631e-08 -6.126136020199818988e-07 2.391616117914967721e-05 8.671956762120645661e-07 2.299170805681696839e-05 1.462622212728715449e-06 5.873160922263442093e-05 5.620635849911680136e-07 5.096839140371743778e-05 4.679216388103627461e-06 7.172186179412944236e-04 4.388971209207162968e-06 7.478791559587930939e-04 4.383994286491878491e-06
1.909713970621787654e-09 1.639865257510643035e-10 4.840444705790283565e-05 -8.181116057941860018e-11 -5.641335131197306693e-08 -4.245488161450556293e-06 -4.252658688346958470e-10 -1.459216026791018232e-07 2.027755209903244600e-08 7.137224990602947239e-09 8.805771745077759423e-10 -2.705963570636145578e-08 8.671956762120645661e-07 3.153132427596910823e-08 8.338530099411098016e-07 5.287132858771691677e-08 2.133379848454992999e-06 2.043211274299172149e-08 1.824785540530730666e-06 1.675269187827549079e-07 2.567799034991312531e-05 1.571354638839071196e-07 2.677570195541243700e-05 1.569572784231922153e-07
5.122875690224240585e-08 3.629117407959320838e-09 1.298467384313627343e-03 -2.194611604528766939e-09 -1.513308145910855170e-06 -1.153254002519518733e-04 -1.144781527197440122e-08 -3.863753068259627216e-06 4.487540523988193482e-07 1.579509479666737593e-07 1.948768610095446359e-08 -5.988455106022414946e-07 2.299170805681696839e-05 8.338530099411098016e-07 2.210335239080404886e-05 1.405752551173355339e-06 5.646913825749970504e-05 5.404435359277890677e-07 4.895057605505050716e-05 4.493968201356109418e-06 6.888243165251344349e-04 4.215213703592349777e-06 7.182710219161210800e-04 4.210433815102251182e-06
3.307875939978760137e-09 1.719560136588455958e-10 8.384287092372105495e-05 -1.417077019560541680e-10 -9.771534937996015408e-08 -7.563227686266671084e-06 -7.424277543455829005e-10 -2.453816814508325987e-07 2.126300932654676484e-08 7.484082927208065764e-09 9.233718437354231705e-10 -2.837469155178837549e-08 1.462622212728715449e-06 5.287132858771691677e-08 1.405752551173355339e-06 8.975442951777139360e-08 3.584709518050770064e-06 3.427656507380284770e-08 3.160768593727989009e-06 2.901786744017537910e-07 4.447765161007271082e-05 2.721793069195078554e-07 4.637903211323374811e-05 2.718706662502739292e-07
1.299283647787949083e-07 1.039449304504084491e-08 3.293223032185480913e-03 -5.566060199025901533e-09 -3.838110988921930339e-06 -2.902685233455126442e-04 -2.897269295000901428e-08 -9.877695846348815646e-06 1.285318260145484432e-06 4.524020160011296328e-07 5.581649612176597665e-08 -1.715209180847421902e-06 5.873160922263442093e-05 2.133379848454992999e-06 5.646913825749970504e-05 3.584709518050770064e-06 1.443934238744985549e-04 1.382528248413539355e-06 1.241503271201817543e-04 1.139777735552665340e-05 1.747021490446580994e-03 1.069078937248038815e-05 1.821705270523581253e-03 1.067866643351876409e-05
1.239044676215723202e-09 1.047406436829809382e-10 3.140537424097527436e-05 -5.308002335928380481e-11 -3.660163920344665970e-08 -2.757615717377609638e-06 -2.760032501819647733e-10 -9.456671520481021167e-08 1.295157544946569453e-08 4.558652215399730288e-09 5.624377954750828859e-10 -1.728339354741547967e-08 5.620635849911680136e-07 2.043211274299172149e-08 5.404435359277890677e-07 3.427656507380284770e-08 1.382528248413539355e-06 1.324012927535904026e-08 1.183942434779431447e-06 1.086934110962724955e-07 1.666019709787908056e-05 1.019513139500320160e-07 1.737240633386889137e-05 1.018357051463614846e-07
1.202189257804685375e-07 3.632877637771412918e-11 3.047129241874693868e-03 -5.150099927387128897e-09 -3.551291579989394875e-06 -2.864824571394170992e-04 -2.730428142668684293e-08 -8.509240956958864704e-06 4.492190164926177217e-09 1.581146063493176788e-09 1.950787789133598226e-10 -5.994659920978025799e-09 5.096839140371743778e-05 1.824785540530730666e-06 4.895057605505050716e-05 3.160768593727989009e-06 1.241503271201817543e-04 1.183942434779431447e-06 1.148730563274377595e-04 1.054602381886095152e-05 1.616489554124838062e-03 9.891868308784256713e-06 1.685593678595003744e-03 9.880651306355394144e-06
1.103685526606933089e-08 3.335210693916970203e-12 2.797449288922975634e-04 -4.728132704100142308e-10 -3.260310236103058405e-07 -2.630101935719860134e-05 -2.506711380208547811e-09 -7.812020726695296023e-07 4.124113765408590682e-10 1.451591764625377710e-10 1.790946171414280017e-11 -5.503475720784572399e-10 4.679216388103627461e-06 1.675269187827549079e-07 4.493968201356109418e-06 2.901786744017537910e-07 1.139777735552665340e-05 1.086934110962724955e-07 1.054602381886095152e-05 9.681923445817135040e-07 1.484012742119548913e-04 9.081367637338535578e-07 1.547452955214736895e-04 9.071069722769238186e-07
1.691697513008728905e-06 5.112115272187365335e-10 4.287890150087432517e-02 -7.247058374619311602e-08 -4.997306301336772128e-05 -4.031278136490769326e-03 -3.842181818817160890e-07 -1.197403537955670503e-04 6.321323273105804926e-08 2.224958212133341302e-08 2.745110912416584136e-09 -8.435569701081251170e-08 7.172186179412944236e-04 2.567799034991312531e-05 6.888243165251344349e-04 4.447765161007271082e-05 1.747021490446580994e-03 1.666019709787908056e-05 1.616489554124838062e-03 1.484012742119548913e-04 2.274795293110662073e-02 1.391961168968235065e-04 2.372043947676899869e-02 1.390382733735428980e-04
1.035225484184839645e-08 3.128332321330054874e-12 2.623927385833310687e-04 -4.434853591581841278e-10 -3.058077841998007439e-07 -2.466960630442287705e-05 -2.351223728569024217e-09 -7.327452214687873361e-07 3.868300858071586679e-10 1.361551593412958341e-10 1.679856329324356669e-11 -5.162102954515753602e-10 4.388971209207162968e-06 1.571354638839071196e-07 4.215213703592349777e-06 2.721793069195078554e-07 1.069078937248038815e-05 1.019513139500320160e-07 9.891868308784256713e-06 9.081367637338535578e-07 1.391961168968235065e-04 8.518063453596425447e-07 1.451466251538362728e-04 8.508404304022867432e-07
1.764016177829496922e-06 5.330653957768880943e-10 4.471194749034440585e-02 -7.556862239320294969e-08 -5.210936920060546383e-05 -4.203610514060009823e-03 -4.006431191375198798e-07 -1.248591533028034538e-04 6.591554597362263993e-08 2.320073329273516363e-08 2.862462125861568489e-09 -8.796183305480861034e-08 7.478791559587930939e-04 2.677570195541243700e-05 7.182710219161210800e-04 4.637903211323374811e-05 1.821705270523581253e-03 1.737240633386889137e-05 1.685593678595003744e-03 1.547452955214736895e-04 2.372043947676899869e-02 1.451466251538362728e-04 2.473450099611012795e-02 1.449820339500081578e-04
1.034051578895511315e-08 3.124784914591243803e-12 2.620951953031347794e-04 -4.429824644158379940e-10 -3.054610101241120796e-07 -2.464163195993385647e-05 -2.348557533950255157e-09 -7.319143170131659463e-07 3.863914355896390826e-10 1.360007647053887853e-10 1.677951437819665317e-11 -5.156249331266647163e-10 4.383994286491878491e-06 1.569572784231922153e-07 4.210433815102251182e-06 2.718706662502739292e-07 1.067866643351876409e-05 1.018357051463614846e-07 9.880651306355394144e-06 9.071069722769238186e-07 1.390382733735428980e-04 8.508404304022867432e-07 1.449820339500081578e-04 8.498756107548050827e-07
