par.Ct_1S0 = -0.107684493704953
par.Ct_3S1 = -0.718085864415801E-01
par.Ct_1S0 = -0.109802483577789
par.Ct_3S1 = -0.809353762152876E-01
par.Ct_1S0 = -0.109802461785193
par.Ct_3S1 = -0.809353722008695E-01
