4.417376050220057555e-11 2.532654301508906496e-14 8.362645530407249181e-07 -1.720887777605033359e-12 -1.123819478873625795e-09 -9.165034906970003723e-08 -8.855739392089954575e-12 -1.829620295343659120e-09 3.256609728536166056e-12 1.146282291363903769e-12 1.430761627286363648e-13 -4.134343933363198855e-12 1.854104989264188575e-08 6.447057461403192509e-10 1.784234053089078492e-08 1.094521457080269108e-09 4.659966703228549138e-08 4.310049575443640423e-10 3.955705004295759108e-08 3.613536231415061463e-09 5.342580713374179682e-07 3.392164431435137771e-09 5.559000266535505413e-07 3.388348533209057584e-09
2.532654301508906496e-14 6.394156563941062449e-12 4.794631458538618054e-10 -9.866522077395630209e-16 -6.443296212345329195e-13 1.141282270262122857e-08 3.430660046622670909e-13 -2.503590421628857225e-10 8.221916611164714010e-10 2.894002720026624414e-10 3.612223683705110545e-11 -1.043791976795031126e-09 2.392075533205055230e-09 1.010130834093191572e-10 2.339912976762850673e-09 1.056074143542668685e-10 6.726111504921662722e-09 6.423191718175537080e-11 2.267960250776222999e-11 2.071781522810522343e-12 3.063110287884948735e-10 1.944860419631182314e-12 3.187192074450835797e-10 1.942672616069400397e-12
8.362645530407249181e-07 4.794631458538618054e-10 1.583154113492873591e-02 -3.257854082643930888e-08 -2.127530811381799362e-05 -1.735054490614350558e-03 -1.676501614936321908e-07 -3.463700208974576254e-05 6.165169657930503394e-08 2.170055791194237039e-08 2.708610765988955854e-09 -7.826830322233198444e-08 3.510053095312145070e-04 1.220508514780607197e-05 3.377778674384885943e-04 2.072065823804488936e-05 8.821900647653653071e-04 8.159462667232260426e-06 7.488649717553493837e-04 6.840875175010526692e-05 1.011420170730066050e-02 6.421790642873304153e-05 1.052391272418557941e-02 6.414566670103276325e-05
-1.720887777605033359e-12 -9.866522077395630209e-16 -3.257854082643930888e-08 6.704108399089340669e-14 4.378090655170989655e-11 3.570447948535398535e-09 3.449953305999519317e-13 7.127695432592177365e-11 -1.268685258866585542e-13 -4.465599402617372106e-14 -5.573852371158713615e-15 1.610626277386757304e-13 -7.223080270048761681e-10 -2.511595950256137129e-11 -6.950882381319914054e-10 -4.263954082022908391e-11 -1.815394228607494687e-09 -1.679076454131225252e-11 -1.541032122595201144e-09 -1.407734233949961269e-10 -2.081314713058178515e-08 -1.321493895933662574e-10 -2.165625349395060177e-08 -1.320007327317267542e-10
-1.123819478873625795e-09 -6.443296212345329195e-13 -2.127530811381799362e-05 4.378090655170989655e-11 2.859096009711658395e-08 2.331665942929952778e-06 2.252978371882002609e-10 4.654715604946823614e-08 -8.285102754197757310e-11 -2.916243382236088465e-11 -3.639983936376882454e-12 1.051813608772121945e-10 -4.717006800267308778e-07 -1.640188366590057895e-08 -4.539248967761194050e-07 -2.784559270741714082e-08 -1.185536677124709379e-06 -1.096514679836726762e-08 -1.006366237637005873e-06 -9.193155395378528917e-08 -1.359199449108035132e-05 -8.629965987720810459e-08 -1.414258478265737971e-05 -8.620258005636940025e-08
-9.165034906970003723e-08 1.141282270262122857e-08 -1.735054490614350558e-03 3.570447948535398535e-09 2.331665942929952778e-06 2.107121578352384478e-04 1.899788338022423410e-08 3.349000167490825002e-06 1.467516094750558509e-06 5.165456859587934066e-07 6.447397403807277818e-08 -1.863046774564856250e-06 -3.419820681594121757e-05 -1.157151429559014009e-06 -3.284136087475907079e-05 -2.082639640904375368e-06 -8.467081428496612975e-05 -7.795043136672613086e-07 -8.207164360008745716e-05 -7.497254847867466336e-06 -1.108456863938568756e-03 -7.037959533430362887e-06 -1.153358600018304300e-03 -7.030042426093419247e-06
-8.855739392089954575e-12 3.430660046622670909e-13 -1.676501614936321908e-07 3.449953305999519317e-13 2.252978371882002609e-10 1.899788338022423410e-08 1.794311362558602630e-12 3.532190753375987342e-10 4.411309036756408696e-11 1.552720752005276182e-11 1.938068202465166864e-12 -5.600262373327594411e-11 -3.587355516151902237e-09 -1.237677078486730952e-10 -3.450099974393848975e-09 -2.137084642220453359e-10 -8.977309180377195557e-09 -8.292197344685107517e-11 -7.930198930495002006e-09 -7.244241600048940028e-10 -1.071051805791956862e-07 -6.800446263137282351e-10 -1.114438376373188453e-07 -6.792796337072789156e-10
-1.829620295343659120e-09 -2.503590421628857225e-10 -3.463700208974576254e-05 7.127695432592177365e-11 4.654715604946823614e-08 3.349000167490825002e-06 3.532190753375987342e-10 8.550121202533375674e-08 -3.219238007939485657e-08 -1.133127934437877129e-08 -1.414342686887777083e-09 4.086899594779710032e-08 -8.607998853860070871e-07 -3.062700858272332671e-08 -8.298420244678725795e-07 -4.942687539915320509e-08 -2.191310172384645431e-06 -2.034646255037381621e-08 -1.638402153784796283e-06 -1.496680178133977679e-07 -2.212828491274629772e-05 -1.404990828069412890e-07 -2.302466704863676366e-05 -1.403410332145880016e-07
3.256609728536166056e-12 8.221916611164714010e-10 6.165169657930503394e-08 -1.268685258866585542e-13 -8.285102754197757310e-11 1.467516094750558509e-06 4.411309036756408696e-11 -3.219238007939485657e-08 1.057213917194853361e-07 3.721249028168229552e-08 4.644772384402482004e-09 -1.342158342648407549e-07 3.075846740703947573e-07 1.298875212414438474e-08 3.008773595856272309e-07 1.357951347845929398e-08 8.648760397953503625e-07 8.259251406101817340e-09 2.916253281398801983e-09 2.663997158400179412e-10 3.938695763376574451e-08 2.500795848562120635e-10 4.098246142317663542e-08 2.497982664639157939e-10
1.146282291363903769e-12 2.894002720026624414e-10 2.170055791194237039e-08 -4.465599402617372106e-14 -2.916243382236088465e-11 5.165456859587934066e-07 1.552720752005276182e-11 -1.133127934437877129e-08 3.721249028168229552e-08 1.309829016288912656e-08 1.634896658388046485e-09 -4.724214674250605805e-08 1.082656172477737983e-07 4.571863951685780013e-09 1.059047338587705395e-07 4.779803906207110355e-09 3.044245903011295793e-07 2.907144070913617355e-09 1.026481455082654290e-09 9.376907341142893921e-11 1.386367288874030092e-08 8.802460947543331600e-11 1.442526850177724025e-08 8.792558923100601254e-11
1.430761627286363648e-13 3.612223683705110545e-11 2.708610765988955854e-09 -5.573852371158713615e-15 -3.639983936376882454e-12 6.447397403807277818e-08 1.938068202465166864e-12 -1.414342686887777083e-09 4.644772384402482004e-09 1.634896658388046485e-09 2.040638171729005396e-10 -5.896649645172365282e-09 1.351345058863159992e-08 5.706489183904946456e-10 1.321877087618688518e-08 5.966034768752479778e-10 3.799753571199759279e-08 3.628626393507311514e-10 1.281229142441078307e-10 1.170402727774794711e-11 1.730429872081226363e-09 1.098701728545267449e-11 1.800526868221648227e-09 1.097465781980284841e-11
-4.134343933363198855e-12 -1.043791976795031126e-09 -7.826830322233198444e-08 1.610626277386757304e-13 1.051813608772121945e-10 -1.863046774564856250e-06 -5.600262373327594411e-11 4.086899594779710032e-08 -1.342158342648407549e-07 -4.724214674250605805e-08 -5.896649645172365282e-09 1.703902118657729989e-07 -3.904860979241418252e-07 -1.648953150515496506e-08 -3.819710017806479079e-07 -1.723951717270743623e-08 -1.097980811968726243e-06 -1.048531720872624703e-08 -3.702253283407080679e-09 -3.382008103143519181e-10 -5.000268463883042869e-08 -3.174820137288409004e-10 -5.202821485465610131e-08 -3.171248733019910284e-10
1.854104989264188575e-08 2.392075533205055230e-09 3.510053095312145070e-04 -7.223080270048761681e-10 -4.717006800267308778e-07 -3.419820681594121757e-05 -3.587355516151902237e-09 -8.607998853860070871e-07 3.075846740703947573e-07 1.082656172477737983e-07 1.351345058863159992e-08 -3.904860979241418252e-07 8.669183545974112312e-06 3.080861157610026070e-07 8.356635995757825960e-06 4.985023000741660483e-07 2.205440972247559505e-05 2.047362933303968132e-07 1.660328117462033011e-05 1.516709293830723285e-06 2.242442633224273020e-04 1.423792920249668226e-06 2.333280494789828001e-04 1.422191273511376571e-06
6.447057461403192509e-10 1.010130834093191572e-10 1.220508514780607197e-05 -2.511595950256137129e-11 -1.640188366590057895e-08 -1.157151429559014009e-06 -1.237677078486730952e-10 -3.062700858272332671e-08 1.298875212414438474e-08 4.571863951685780013e-09 5.706489183904946456e-10 -1.648953150515496506e-08 3.080861157610026070e-07 1.099345287751048613e-08 2.970738848753638236e-07 1.762666386725752785e-08 7.855593723463781886e-07 7.297534421065222896e-09 5.773258384459479034e-07 5.273872148452307572e-08 7.797367104681858323e-06 4.950785165600659406e-08 8.113226092821109381e-06 4.945215951017043173e-08
1.784234053089078492e-08 2.339912976762850673e-09 3.377778674384885943e-04 -6.950882381319914054e-10 -4.539248967761194050e-07 -3.284136087475907079e-05 -3.450099974393848975e-09 -8.298420244678725795e-07 3.008773595856272309e-07 1.059047338587705395e-07 1.321877087618688518e-08 -3.819710017806479079e-07 8.356635995757825960e-06 2.970738848753638236e-07 8.055559161251399364e-06 4.803400973727500367e-07 2.126309604664499867e-05 1.974009903331083313e-07 1.597759570251566604e-05 1.459552928052853053e-06 2.157937474806195951e-04 1.370138057331518642e-06 2.245352165389913725e-04 1.368596767777752360e-06
1.094521457080269108e-09 1.056074143542668685e-10 2.072065823804488936e-05 -4.263954082022908391e-11 -2.784559270741714082e-08 -2.082639640904375368e-06 -2.137084642220453359e-10 -4.942687539915320509e-08 1.357951347845929398e-08 4.779803906207110355e-09 5.966034768752479778e-10 -1.723951717270743623e-08 4.985023000741660483e-07 1.762666386725752785e-08 4.803400973727500367e-07 2.884323138529876042e-08 1.264621217786215265e-06 1.172979620393267905e-08 9.801300985352511976e-07 8.953489688763271274e-08 1.323764375572431620e-05 8.404982657534184110e-08 1.377387971202253748e-05 8.395527762960861455e-08
4.659966703228549138e-08 6.726111504921662722e-09 8.821900647653653071e-04 -1.815394228607494687e-09 -1.185536677124709379e-06 -8.467081428496612975e-05 -8.977309180377195557e-09 -2.191310172384645431e-06 8.648760397953503625e-07 3.044245903011295793e-07 3.799753571199759279e-08 -1.097980811968726243e-06 2.205440972247559505e-05 7.855593723463781886e-07 2.126309604664499867e-05 1.264621217786215265e-06 5.617801736150360896e-05 5.217140061337776350e-07 4.172942402647593883e-05 3.811982022900814346e-06 5.635983855451358630e-04 3.578453065201506616e-06 5.864288765870112607e-04 3.574427607898403710e-06
4.310049575443640423e-10 6.423191718175537080e-11 8.159462667232260426e-06 -1.679076454131225252e-11 -1.096514679836726762e-08 -7.795043136672613086e-07 -8.292197344685107517e-11 -2.034646255037381621e-08 8.259251406101817340e-09 2.907144070913617355e-09 3.628626393507311514e-10 -1.048531720872624703e-08 2.047362933303968132e-07 7.297534421065222896e-09 1.974009903331083313e-07 1.172979620393267905e-08 5.217140061337776350e-07 4.845612978075555432e-09 3.859595169697464627e-07 3.525740257129558398e-08 5.212773362981452864e-06 3.309747003056585171e-08 5.423934588235041866e-06 3.306023817541291596e-08
3.955705004295759108e-08 2.267960250776222999e-11 7.488649717553493837e-04 -1.541032122595201144e-09 -1.006366237637005873e-06 -8.207164360008745716e-05 -7.930198930495002006e-09 -1.638402153784796283e-06 2.916253281398801983e-09 1.026481455082654290e-09 1.281229142441078307e-10 -3.702253283407080679e-09 1.660328117462033011e-05 5.773258384459479034e-07 1.597759570251566604e-05 9.801300985352511976e-07 4.172942402647593883e-05 3.859595169697464627e-07 3.542288345802392787e-05 3.235875732391408278e-06 4.784235529113051839e-04 3.037640040162447282e-06 4.978037846700134311e-04 3.034222951017092733e-06
3.613536231415061463e-09 2.071781522810522343e-12 6.840875175010526692e-05 -1.407734233949961269e-10 -9.193155395378528917e-08 -7.497254847867466336e-06 -7.244241600048940028e-10 -1.496680178133977679e-07 2.663997158400179412e-10 9.376907341142893921e-11 1.170402727774794711e-11 -3.382008103143519181e-10 1.516709293830723285e-06 5.273872148452307572e-08 1.459552928052853053e-06 8.953489688763271274e-08 3.811982022900814346e-06 3.525740257129558398e-08 3.235875732391408278e-06 2.955973093593412928e-07 4.370375224408872743e-05 2.774884818839210476e-07 4.547412173454491491e-05 2.771763308166308958e-07
5.342580713374179682e-07 3.063110287884948735e-10 1.011420170730066050e-02 -2.081314713058178515e-08 -1.359199449108035132e-05 -1.108456863938568756e-03 -1.071051805791956862e-07 -2.212828491274629772e-05 3.938695763376574451e-08 1.386367288874030092e-08 1.730429872081226363e-09 -5.000268463883042869e-08 2.242442633224273020e-04 7.797367104681858323e-06 2.157937474806195951e-04 1.323764375572431620e-05 5.635983855451358630e-04 5.212773362981452864e-06 4.784235529113051839e-04 4.370375224408872743e-05 6.461680360596947295e-03 4.102637764918407682e-05 6.723435292479131020e-03 4.098022639498499097e-05
3.392164431435137771e-09 1.944860419631182314e-12 6.421790642873304153e-05 -1.321493895933662574e-10 -8.629965987720810459e-08 -7.037959533430362887e-06 -6.800446263137282351e-10 -1.404990828069412890e-07 2.500795848562120635e-10 8.802460947543331600e-11 1.098701728545267449e-11 -3.174820137288409004e-10 1.423792920249668226e-06 4.950785165600659406e-08 1.370138057331518642e-06 8.404982657534184110e-08 3.578453065201506616e-06 3.309747003056585171e-08 3.037640040162447282e-06 2.774884818839210476e-07 4.102637764918407682e-05 2.604890341282373091e-07 4.268829088422115142e-05 2.601960060029243064e-07
5.559000266535505413e-07 3.187192074450835797e-10 1.052391272418557941e-02 -2.165625349395060177e-08 -1.414258478265737971e-05 -1.153358600018304300e-03 -1.114438376373188453e-07 -2.302466704863676366e-05 4.098246142317663542e-08 1.442526850177724025e-08 1.800526868221648227e-09 -5.202821485465610131e-08 2.333280494789828001e-04 8.113226092821109381e-06 2.245352165389913725e-04 1.377387971202253748e-05 5.864288765870112607e-04 5.423934588235041866e-06 4.978037846700134311e-04 4.547412173454491491e-05 6.723435292479131020e-03 4.268829088422115142e-05 6.995793654089886571e-03 4.264027011519266945e-05
3.388348533209057584e-09 1.942672616069400397e-12 6.414566670103276325e-05 -1.320007327317267542e-10 -8.620258005636940025e-08 -7.030042426093419247e-06 -6.792796337072789156e-10 -1.403410332145880016e-07 2.497982664639157939e-10 8.792558923100601254e-11 1.097465781980284841e-11 -3.171248733019910284e-10 1.422191273511376571e-06 4.945215951017043173e-08 1.368596767777752360e-06 8.395527762960861455e-08 3.574427607898403710e-06 3.306023817541291596e-08 3.034222951017092733e-06 2.771763308166308958e-07 4.098022639498499097e-05 2.601960060029243064e-07 4.264027011519266945e-05 2.599033075094811823e-07
