1.525216462719641001e-10 4.364697292393918442e-14 3.573396996925183666e-06 -5.942903251978645822e-12 -3.880606013906109923e-09 -3.432910696872473407e-07 -3.066727172303507469e-11 -9.174241541583015436e-09 5.612329333202890219e-12 1.975471417091344215e-12 2.465732368420574200e-13 -7.125004254787868871e-12 6.399933000107203486e-08 2.225402747146518298e-09 6.158718701904446138e-08 3.778546465888489808e-09 1.608478769843675198e-07 1.487746348271584222e-09 1.365507264507494315e-07 1.247728129882118838e-08 1.843038556918919013e-06 1.171294709772244429e-08 1.917662721438041452e-06 1.169977170261065371e-08
4.364697292393918442e-14 1.083754655012329235e-11 1.022595584191176638e-09 -1.700674911849427975e-15 -1.110509293319696523e-12 2.097499699039092068e-08 5.816946017587905036e-13 -6.510711973683295098e-10 1.393541781447310470e-09 4.905096964793877937e-10 6.122415263361175645e-11 -1.769139074447435356e-09 4.054586120979976422e-09 1.712230183645443913e-10 3.966162742654459485e-09 1.790197540850934844e-10 1.140074280748807538e-08 1.088764006710330619e-10 3.907659014847411682e-11 3.570611597274153907e-12 5.274205724751787304e-10 3.351882813553112859e-12 5.487756979137665524e-10 3.348112423396943910e-12
3.573396996925183666e-06 1.022595584191176638e-09 8.372046951637414358e-02 -1.392347545842398074e-07 -9.091787818475062402e-05 -8.042873524394896292e-03 -7.184960202079049220e-07 -2.149413287806702382e-04 1.314900624107857882e-07 4.628289689311080987e-08 5.776911576384625636e-09 -1.669301992754173756e-07 1.499427139741299920e-03 5.213846704083218412e-05 1.442913562426738523e-03 8.852672321322785614e-05 3.768471410573167712e-03 3.485608473974810935e-05 3.199225170280000155e-03 2.923274090995383657e-04 4.318055275121022996e-02 2.744199841151715997e-04 4.492893078969165815e-02 2.741113006020079175e-04
-5.942903251978645822e-12 -1.700674911849427975e-15 -1.392347545842398074e-07 2.315617757677762709e-13 1.512052207473026959e-10 1.337614776327987858e-08 1.194931605597202790e-12 3.574681710329914445e-10 -2.186806335740653283e-13 -7.697291366766824075e-14 -9.607560153056372392e-15 2.776209934367661301e-13 -2.493689627919843113e-09 -8.671135773265800388e-11 -2.399702091622830237e-09 -1.472285907448521716e-10 -6.267327184546759907e-09 -5.796904768016445846e-11 -5.320590918166863632e-09 -4.861691765775768747e-10 -7.181189159819761309e-08 -4.563874147858863414e-10 -7.471951862712631496e-08 -4.558740443905221842e-10
-3.880606013906109923e-09 -1.110509293319696523e-12 -9.091787818475062402e-05 1.512052207473026959e-10 9.873420276349672572e-08 8.734351218995301447e-06 7.802670195430431954e-10 2.334200942494678047e-07 -1.427944130856797169e-10 -5.026189035405994806e-11 -6.273559256342316217e-12 1.812813789789942857e-10 -1.628333973436400939e-06 -5.662089092578979864e-08 -1.566961854511392647e-06 -9.613750507180810620e-08 -4.092450105070125803e-06 -3.785270904104749928e-08 -3.474257539497169961e-06 -3.174592969386313275e-07 -4.689237125235580007e-05 -2.980123532563624280e-07 -4.879103081971537201e-05 -2.976771318715046007e-07
-3.432910696872473407e-07 2.097499699039092068e-08 -8.042873524394896292e-03 1.337614776327987858e-08 8.734351218995301447e-06 8.136485603364433010e-04 7.017326570905080125e-08 1.938822304850534991e-05 2.697061977239998325e-06 9.493328897154247158e-07 1.184932779701827630e-07 -3.423993296156461797e-06 -1.361992506514182830e-04 -4.677172182363619359e-06 -1.309406662893830044e-04 -8.158647001980520936e-06 -3.399524667598815327e-04 -3.137696275055145001e-06 -3.073429670800345960e-04 -2.808350814815553732e-05 -4.148188582074177622e-03 -2.636316847855128172e-05 -4.316146284183197679e-03 -2.633351370137454272e-05
-3.066727172303507469e-11 5.816946017587905036e-13 -7.184960202079049220e-07 1.194931605597202790e-12 7.802670195430431954e-10 7.017326570905080125e-08 6.198395370327144920e-12 1.809319635846649178e-09 7.479697720200745368e-11 2.632762362186511970e-11 3.286145914027481242e-12 -9.495679204851503198e-11 -1.264832211622547059e-08 -4.381639445293800478e-10 -1.216809657500073199e-08 -7.500514902341013461e-10 -3.172275707588311173e-08 -2.932299010222376580e-10 -2.745596662469882604e-08 -2.508787170034471083e-09 -3.705735212379006147e-07 -2.355103794411502265e-09 -3.855778826700334838e-07 -2.352454639818610116e-09
-9.174241541583015436e-09 -6.510711973683295098e-10 -2.149413287806702382e-04 3.574681710329914445e-10 2.334200942494678047e-07 1.938822304850534991e-05 1.809319635846649178e-09 5.906331872729570114e-07 -8.371774182589912693e-08 -2.946762263574791219e-08 -3.678072521800797789e-09 1.062819417862530222e-07 -4.091090302115058697e-06 -1.440656585060179769e-07 -3.940749517028767960e-06 -2.379278229622144206e-07 -1.035445810305950394e-05 -9.597753720458490226e-08 -8.213583180518701788e-06 -7.505137631317307825e-07 -1.108595072848467147e-04 -7.045387378885114149e-07 -1.153481797876017382e-04 -7.037462322993923997e-07
5.612329333202890219e-12 1.393541781447310470e-09 1.314900624107857882e-07 -2.186806335740653283e-13 -1.427944130856797169e-10 2.697061977239998325e-06 7.479697720200745368e-11 -8.371774182589912693e-08 1.791880388473290730e-07 6.307200125194772759e-08 7.872484233543732027e-09 -2.274840710656609023e-07 5.213574097831271461e-07 2.201664629570557865e-08 5.099875234687677701e-07 2.301918657873708325e-08 1.465960164052403750e-06 1.399983033014484559e-08 5.024648411600142600e-09 4.591257276644724968e-10 6.781817280241949107e-08 4.310005705992323483e-10 7.056411344895531691e-08 4.305157564219014901e-10
1.975471417091344215e-12 4.905096964793877937e-10 4.628289689311080987e-08 -7.697291366766824075e-14 -5.026189035405994806e-11 9.493328897154247158e-07 2.632762362186511970e-11 -2.946762263574791219e-08 6.307200125194772759e-08 2.220057501777874007e-08 2.771018380431155933e-09 -8.007161674288508539e-08 1.835114418918190926e-07 7.749590811664844917e-09 1.795093807017760860e-07 8.102472753534836912e-09 5.160000776402485702e-07 4.927769416561631190e-09 1.768614905607069908e-09 1.616066517278211609e-10 2.387116894855569888e-08 1.517069397573537048e-10 2.483770653473112475e-08 1.515362910849298506e-10
2.465732368420574200e-13 6.122415263361175645e-11 5.776911576384625636e-09 -9.607560153056372392e-15 -6.273559256342316217e-12 1.184932779701827630e-07 3.286145914027481242e-12 -3.678072521800797789e-09 7.872484233543732027e-09 2.771018380431155933e-09 3.458713517630611660e-10 -9.994332242598314316e-09 2.290542399158174829e-08 9.672838944725754494e-10 2.240589705670196625e-08 1.011329706463806823e-09 6.440579633690684089e-08 6.150714419667884082e-10 2.207539417093163520e-10 2.017132460937379039e-11 2.979537616604927729e-09 1.893566814618106541e-11 3.100178340267008927e-09 1.891436821991621550e-11
-7.125004254787868871e-12 -1.769139074447435356e-09 -1.669301992754173756e-07 2.776209934367661301e-13 1.812813789789942857e-10 -3.423993296156461797e-06 -9.495679204851503198e-11 1.062819417862530222e-07 -2.274840710656609023e-07 -8.007161674288508539e-08 -9.994332242598314316e-09 2.887971972448585789e-07 -6.618773620211643964e-07 -2.795072955859523599e-08 -6.474429830828510460e-07 -2.922348162959656634e-08 -1.861076162075182632e-06 -1.777316425344987915e-08 -6.378927389414422890e-09 -5.828725595131227359e-10 -8.609700902692826217e-08 -5.471669100660143595e-10 -8.958305512244401554e-08 -5.465514253231953668e-10
6.399933000107203486e-08 4.054586120979976422e-09 1.499427139741299920e-03 -2.493689627919843113e-09 -1.628333973436400939e-06 -1.361992506514182830e-04 -1.264832211622547059e-08 -4.091090302115058697e-06 5.213574097831271461e-07 1.835114418918190926e-07 2.290542399158174829e-08 -6.618773620211643964e-07 2.835789151823090535e-05 9.973292816401243811e-07 2.731306178670163078e-05 1.651779252794764368e-06 7.172197586130948466e-05 6.646612683289182106e-07 5.729783588827112704e-05 5.235568600977078683e-06 7.733558888764550639e-04 4.914847707797367476e-06 8.046689118801828283e-04 4.909319204259955624e-06
2.225402747146518298e-09 1.712230183645443913e-10 5.213846704083218412e-05 -8.671135773265800388e-11 -5.662089092578979864e-08 -4.677172182363619359e-06 -4.381639445293800478e-10 -1.440656585060179769e-07 2.201664629570557865e-08 7.749590811664844917e-09 9.672838944725754494e-10 -2.795072955859523599e-08 9.973292816401243811e-07 3.515534183689299572e-08 9.607533982917210206e-07 5.793257802353002387e-08 2.525615149303204137e-06 2.341435921589958508e-08 1.992374189201060682e-06 1.820527121249957619e-07 2.689122538982293212e-05 1.709005156186174275e-07 2.798004303589130072e-05 1.707082769354450992e-07
6.158718701904446138e-08 3.966162742654459485e-09 1.442913562426738523e-03 -2.399702091622830237e-09 -1.566961854511392647e-06 -1.309406662893830044e-04 -1.216809657500073199e-08 -3.940749517028767960e-06 5.099875234687677701e-07 1.795093807017760860e-07 2.240589705670196625e-08 -6.474429830828510460e-07 2.731306178670163078e-05 9.607533982917210206e-07 2.630709053031772315e-05 1.590580748204552428e-06 6.908623304136232604e-05 6.402544907021575050e-07 5.513827464775917901e-05 5.038239316626597066e-06 7.442080895509885869e-04 4.729606434622625801e-06 7.743409258425730610e-04 4.724286301094461950e-06
3.778546465888489808e-09 1.790197540850934844e-10 8.852672321322785614e-05 -1.472285907448521716e-10 -9.613750507180810620e-08 -8.158647001980520936e-06 -7.500514902341013461e-10 -2.379278229622144206e-07 2.301918657873708325e-08 8.102472753534836912e-09 1.011329706463806823e-09 -2.922348162959656634e-08 1.651779252794764368e-06 5.793257802353002387e-08 1.590580748204552428e-06 9.653062752929878162e-08 4.171248739132121745e-06 3.863780903150629735e-08 3.382883386768856804e-06 3.091101787853024602e-07 4.565902497426126350e-05 2.901746883063291171e-07 4.750774495542650622e-05 2.898482832105667096e-07
1.608478769843675198e-07 1.140074280748807538e-08 3.768471410573167712e-03 -6.267327184546759907e-09 -4.092450105070125803e-06 -3.399524667598815327e-04 -3.172275707588311173e-08 -1.035445810305950394e-05 1.465960164052403750e-06 5.160000776402485702e-07 6.440579633690684089e-08 -1.861076162075182632e-06 7.172197586130948466e-05 2.525615149303204137e-06 6.908623304136232604e-05 4.171248739132121745e-06 1.815252212934733540e-04 1.682589129464138530e-06 1.440051567821823441e-04 1.315842098884988024e-05 1.943654124098490987e-03 1.235236139152510528e-05 2.022352255044035201e-03 1.233846674518336365e-05
1.487746348271584222e-09 1.088764006710330619e-10 3.485608473974810935e-05 -5.796904768016445846e-11 -3.785270904104749928e-08 -3.137696275055145001e-06 -2.932299010222376580e-10 -9.597753720458490226e-08 1.399983033014484559e-08 4.927769416561631190e-09 6.150714419667884082e-10 -1.777316425344987915e-08 6.646612683289182106e-07 2.341435921589958508e-08 6.402544907021575050e-07 3.863780903150629735e-08 1.682589129464138530e-06 1.559722818961288187e-08 1.331960358966157224e-06 1.217075166551865078e-07 1.797758454289565908e-05 1.142519493708263887e-07 1.870549196064862855e-05 1.141234322296239891e-07
1.365507264507494315e-07 3.907659014847411682e-11 3.199225170280000155e-03 -5.320590918166863632e-09 -3.474257539497169961e-06 -3.073429670800345960e-04 -2.745596662469882604e-08 -8.213583180518701788e-06 5.024648411600142600e-09 1.768614905607069908e-09 2.207539417093163520e-10 -6.378927389414422890e-09 5.729783588827112704e-05 1.992374189201060682e-06 5.513827464775917901e-05 3.382883386768856804e-06 1.440051567821823441e-04 1.331960358966157224e-06 1.222526364787637038e-04 1.117074507981284435e-05 1.650074794444534535e-03 1.048644604064731637e-05 1.716886441424073442e-03 1.047465027371457498e-05
1.247728129882118838e-08 3.570611597274153907e-12 2.923274090995383657e-04 -4.861691765775768747e-10 -3.174592969386313275e-07 -2.808350814815553732e-05 -2.508787170034471083e-09 -7.505137631317307825e-07 4.591257276644724968e-10 1.616066517278211609e-10 2.017132460937379039e-11 -5.828725595131227359e-10 5.235568600977078683e-06 1.820527121249957619e-07 5.038239316626597066e-06 3.091101787853024602e-07 1.315842098884988024e-05 1.217075166551865078e-07 1.117074507981284435e-05 1.020724463020269221e-06 1.507722775715032433e-04 9.581968639952803823e-07 1.568769985867729977e-04 9.571190293750297750e-07
1.843038556918919013e-06 5.274205724751787304e-10 4.318055275121022996e-02 -7.181189159819761309e-08 -4.689237125235580007e-05 -4.148188582074177622e-03 -3.705735212379006147e-07 -1.108595072848467147e-04 6.781817280241949107e-08 2.387116894855569888e-08 2.979537616604927729e-09 -8.609700902692826217e-08 7.733558888764550639e-04 2.689122538982293212e-05 7.442080895509885869e-04 4.565902497426126350e-05 1.943654124098490987e-03 1.797758454289565908e-05 1.650074794444534535e-03 1.507722775715032433e-04 2.227223390584132795e-02 1.415362195852875563e-04 2.317405965625022463e-02 1.413770109566151031e-04
1.171294709772244429e-08 3.351882813553112859e-12 2.744199841151715997e-04 -4.563874147858863414e-10 -2.980123532563624280e-07 -2.636316847855128172e-05 -2.355103794411502265e-09 -7.045387378885114149e-07 4.310005705992323483e-10 1.517069397573537048e-10 1.893566814618106541e-11 -5.471669100660143595e-10 4.914847707797367476e-06 1.709005156186174275e-07 4.729606434622625801e-06 2.901746883063291171e-07 1.235236139152510528e-05 1.142519493708263887e-07 1.048644604064731637e-05 9.581968639952803823e-07 1.415362195852875563e-04 8.994995854151570041e-07 1.472669747619137189e-04 8.984877768662828031e-07
1.917662721438041452e-06 5.487756979137665524e-10 4.492893078969165815e-02 -7.471951862712631496e-08 -4.879103081971537201e-05 -4.316146284183197679e-03 -3.855778826700334838e-07 -1.153481797876017382e-04 7.056411344895531691e-08 2.483770653473112475e-08 3.100178340267008927e-09 -8.958305512244401554e-08 8.046689118801828283e-04 2.798004303589130072e-05 7.743409258425730610e-04 4.750774495542650622e-05 2.022352255044035201e-03 1.870549196064862855e-05 1.716886441424073442e-03 1.568769985867729977e-04 2.317405965625022463e-02 1.472669747619137189e-04 2.411240186785463049e-02 1.471013198160454319e-04
1.169977170261065371e-08 3.348112423396943910e-12 2.741113006020079175e-04 -4.558740443905221842e-10 -2.976771318715046007e-07 -2.633351370137454272e-05 -2.352454639818610116e-09 -7.037462322993923997e-07 4.305157564219014901e-10 1.515362910849298506e-10 1.891436821991621550e-11 -5.465514253231953668e-10 4.909319204259955624e-06 1.707082769354450992e-07 4.724286301094461950e-06 2.898482832105667096e-07 1.233846674518336365e-05 1.141234322296239891e-07 1.047465027371457498e-05 9.571190293750297750e-07 1.413770109566151031e-04 8.984877768662828031e-07 1.471013198160454319e-04 8.974771064577359140e-07
