par.Ct_1S0 = -0.107684493704953
par.Ct_3S1 = -0.718085864415801E-01
par.Ct_1S0 = -0.107683753464549
par.Ct_3S1 = -0.718085943586097E-01
