9.482214610763235349e-11 4.707155561696408698e-14 1.254602540428151994e-06 -2.489244580272949470e-12 -8.524789905077471231e-10 -1.545776663864158769e-07 -1.134617821755054046e-11 -1.002258062764341709e-09 6.213298676163159560e-12 2.178453258310518552e-12 2.903408579122031763e-13 -5.585989735716213242e-12 3.504089516135311817e-08 1.046166485772533208e-09 3.401203631948919290e-08 1.688357770207047176e-09 9.783092077609311602e-08 6.948002464301220478e-10 6.311631983905315569e-08 5.624258190404194544e-09 7.071841098365303076e-07 5.303285087740770026e-09 7.296491865528210136e-07 5.297531905640395076e-09
4.707155561696408698e-14 8.671915824825110353e-12 6.228090766044652333e-10 -1.235709372908964654e-15 -4.231871336093807282e-13 1.619394727613710395e-08 5.126856159946347272e-13 2.672536395996040668e-10 1.144665868972598609e-09 4.013328864274151541e-10 5.348902213494598518e-11 -1.029097767251404851e-09 3.355105725295820353e-09 1.150446309907168384e-10 3.297321218270028676e-09 1.175972126971258800e-10 9.433091236888025235e-09 6.371853091089769343e-11 3.133216744820064863e-11 2.791991038815640351e-12 3.510599319257979830e-10 2.632653754502110460e-12 3.622120324792901788e-10 2.629797763129536835e-12
1.254602540428151994e-06 6.228090766044652333e-10 1.659979575779403985e-02 -3.293545597247495289e-08 -1.127924574193493565e-05 -2.045233061399734723e-03 -1.501225064103637543e-07 -1.326099135422726523e-05 8.220885757336221613e-08 2.882336146066452828e-08 3.841532731081266540e-09 -7.390886201513410240e-08 4.636300958295096696e-04 1.384194509780364028e-05 4.500171490678345578e-04 2.233884893391977259e-05 1.294412065823632996e-03 9.192979588983562776e-06 8.350998010411844015e-04 7.441518210185632456e-05 9.356859039841892295e-03 7.016835058940171720e-05 9.654098271518260846e-03 7.009222959013017068e-05
-2.489244580272949470e-12 -1.235709372908964654e-15 -3.293545597247495289e-08 6.534701139300584144e-14 2.237904167419906429e-11 4.057933985070307597e-09 2.978568762694031300e-13 2.631099541065480062e-11 -1.631097869906238824e-13 -5.718814844584320562e-14 -7.621947369037829126e-15 1.466418473685922374e-13 -9.198836931165604627e-10 -2.746367674137795327e-11 -8.928743746817736796e-10 -4.432230810177481910e-11 -2.568229859081465694e-09 -1.823970549304670469e-11 -1.656910343630586579e-09 -1.476464984408127522e-10 -1.856472990090138474e-08 -1.392204021438406060e-10 -1.915447343609913405e-08 -1.390693711987162575e-10
-8.524789905077471231e-10 -4.231871336093807282e-13 -1.127924574193493565e-05 2.237904167419906429e-11 7.664036932398778808e-09 1.389698739045454953e-06 1.020054818950450568e-10 9.010594810135583305e-09 -5.585938307228419316e-11 -1.958493570071828145e-11 -2.610249731911942961e-12 5.021969114156607284e-11 -3.150279553511441547e-07 -9.405344546685810210e-09 -3.057782116435463557e-07 -1.517883317385499424e-08 -8.795287576236751558e-07 -6.246458656451394948e-09 -5.674342673790888145e-07 -5.056373618789686595e-08 -6.357792503501498506e-06 -4.767809356587430175e-08 -6.559760118668942393e-06 -4.762637076608311154e-08
-1.545776663864158769e-07 1.619394727613710395e-08 -2.045233061399734723e-03 4.057933985070307597e-09 1.389698739045454953e-06 2.825184951072322792e-04 1.946888187500724823e-08 2.136235541842515768e-06 2.137550585331038135e-06 7.494495708948536806e-07 9.988547181365856402e-08 -1.921738553018981314e-06 -5.086074498895113506e-05 -1.490566919077781480e-06 -4.929097445793509001e-05 -2.533266873840079612e-06 -1.418747445040634920e-04 -1.013748258815992011e-06 -1.028911684832697226e-04 -9.168585721034232792e-06 -1.152835907240215519e-03 -8.645340112402377785e-06 -1.189457892533430294e-03 -8.635961358887346418e-06
-1.134617821755054046e-11 5.126856159946347272e-13 -1.501225064103637543e-07 2.978568762694031300e-13 1.020054818950450568e-10 1.946888187500724823e-08 1.388635298167066456e-12 1.359311121091054701e-10 6.767290340543916459e-11 2.372689087595830912e-11 3.162283049498768005e-12 -6.084049216046213659e-11 -3.993409912230627743e-09 -1.183364872077999674e-10 -3.873722504137018629e-09 -1.950459724645934509e-10 -1.114528779205862669e-08 -7.935021431551842555e-11 -7.552334163316954591e-09 -6.729846255542525889e-10 -8.461965405411607630e-08 -6.345777964509315544e-10 -8.730775826553834284e-08 -6.338893851987925120e-10
-1.002258062764341709e-09 2.672536395996040668e-10 -1.326099135422726523e-05 2.631099541065480062e-11 9.010594810135583305e-09 2.136235541842515768e-06 1.359311121091054701e-10 1.886075947513795217e-08 3.527664743662573336e-08 1.236839449799998018e-08 1.648440347576186947e-09 -3.171503641443238408e-08 -2.673235082108520777e-07 -7.521792424279643026e-09 -2.582169712000549044e-07 -1.424070274864848645e-08 -7.443061706048727417e-07 -5.387242324723057053e-09 -6.671316283939117143e-07 -5.944769313035957042e-08 -7.474851716502825835e-06 -5.605504811073577050e-08 -7.712304986893692526e-06 -5.599423770611005529e-08
6.213298676163159560e-12 1.144665868972598609e-09 8.220885757336221613e-08 -1.631097869906238824e-13 -5.585938307228419316e-11 2.137550585331038135e-06 6.767290340543916459e-11 3.527664743662573336e-08 1.510923289067412122e-07 5.297469011698245973e-08 7.060384233031796855e-09 -1.358376981023380093e-07 4.428635030976435078e-07 1.518553277438303477e-08 4.352361282269286050e-07 1.552246560510068135e-08 1.245138654064976935e-06 8.410647514885164893e-09 4.135748479113361815e-09 3.685341178424785792e-10 4.633881720570134918e-08 3.475020927751933268e-10 4.781085973217428218e-08 3.471251108126979747e-10
2.178453258310518552e-12 4.013328864274151541e-10 2.882336146066452828e-08 -5.718814844584320562e-14 -1.958493570071828145e-11 7.494495708948536806e-07 2.372689087595830912e-11 1.236839449799998018e-08 5.297469011698245973e-08 1.857352989135693747e-08 2.475451124789917336e-09 -4.762624421230290295e-08 1.552729853979031125e-07 5.324220743691583444e-09 1.525987409145679019e-07 5.442353231447186029e-09 4.365597866639385213e-07 2.948868808262730716e-09 1.450040504475706422e-09 1.292122577271847028e-10 1.624691688980004064e-08 1.218381902753722176e-10 1.676303175877221928e-08 1.217060161071334988e-10
2.903408579122031763e-13 5.348902213494598518e-11 3.841532731081266540e-09 -7.621947369037829126e-15 -2.610249731911942961e-12 9.988547181365856402e-08 3.162283049498768005e-12 1.648440347576186947e-09 7.060384233031796855e-09 2.475451124789917336e-09 3.299242700075536899e-10 -6.347551636494149999e-09 2.069454174223582108e-08 7.096038473785513120e-10 2.033812260236823719e-08 7.253483613414712837e-10 5.818400863115716680e-08 3.930206415070905686e-10 1.932591404082900508e-10 1.722120849606819348e-11 2.165363783693765452e-09 1.623840426921595007e-11 2.234150769760165703e-09 1.622078830189895084e-11
-5.585989735716213242e-12 -1.029097767251404851e-09 -7.390886201513410240e-08 1.466418473685922374e-13 5.021969114156607284e-11 -1.921738553018981314e-06 -6.084049216046213659e-11 -3.171503641443238408e-08 -1.358376981023380093e-07 -4.762624421230290295e-08 -6.347551636494149999e-09 1.221232126732411516e-07 -3.981509819406903994e-07 -1.365236653444535229e-08 -3.912936843764677390e-07 -1.395528185303883780e-08 -1.119426584216701636e-06 -7.561489235006145660e-09 -3.718193789119404290e-09 -3.313260647786214762e-10 -4.166034348471975638e-08 -3.124174813884387734e-10 -4.298376520637019157e-08 -3.120785603928706911e-10
3.504089516135311817e-08 3.355105725295820353e-09 4.636300958295096696e-04 -9.198836931165604627e-10 -3.150279553511441547e-07 -5.086074498895113506e-05 -3.993409912230627743e-09 -2.673235082108520777e-07 4.428635030976435078e-07 1.552729853979031125e-07 2.069454174223582108e-08 -3.981509819406903994e-07 1.423377683953062923e-05 4.306833278758623366e-07 1.383152487919246429e-05 6.688606043420543397e-07 3.976476363624932819e-05 2.811505853095800643e-07 2.332422138757442640e-05 2.078407219919446970e-06 2.613353628749102596e-04 1.959793738222130799e-06 2.696371909737358286e-04 1.957667687960790008e-06
1.046166485772533208e-09 1.150446309907168384e-10 1.384194509780364028e-05 -2.746367674137795327e-11 -9.405344546685810210e-09 -1.490566919077781480e-06 -1.183364872077999674e-10 -7.521792424279643026e-09 1.518553277438303477e-08 5.324220743691583444e-09 7.096038473785513120e-10 -1.365236653444535229e-08 4.306833278758623366e-07 1.305476404465802972e-08 4.185756102611685177e-07 2.016951909682561352e-08 1.203298757144832072e-06 8.502628929427852842e-09 6.963580284964999194e-07 6.205207349467555815e-08 7.802308799112207382e-06 5.851079843941116808e-08 8.050164178050455097e-06 5.844732395963370314e-08
3.401203631948919290e-08 3.297321218270028676e-09 4.500171490678345578e-04 -8.928743746817736796e-10 -3.057782116435463557e-07 -4.929097445793509001e-05 -3.873722504137018629e-09 -2.582169712000549044e-07 4.352361282269286050e-07 1.525987409145679019e-07 2.033812260236823719e-08 -3.912936843764677390e-07 1.383152487919246429e-05 4.185756102611685177e-07 1.344081472196506663e-05 6.497700968408718994e-07 3.864127800716968530e-05 2.731931670941604442e-07 2.263938373172139423e-05 2.017381729856620991e-06 2.536621309687123139e-04 1.902250936826652154e-06 2.617202040069854666e-04 1.900187310930936808e-06
1.688357770207047176e-09 1.175972126971258800e-10 2.233884893391977259e-05 -4.432230810177481910e-11 -1.517883317385499424e-08 -2.533266873840079612e-06 -1.950459724645934509e-10 -1.424070274864848645e-08 1.552246560510068135e-08 5.442353231447186029e-09 7.253483613414712837e-10 -1.395528185303883780e-08 6.688606043420543397e-07 2.016951909682561352e-08 6.497700968408718994e-07 3.163414662374590129e-08 1.868284562861393626e-06 1.322454902713588777e-08 1.123818689267860905e-06 1.001428575172147516e-07 1.259176932361923792e-05 9.442776404791118231e-08 1.299177112273045657e-05 9.432532563792734660e-08
9.783092077609311602e-08 9.433091236888025235e-09 1.294412065823632996e-03 -2.568229859081465694e-09 -8.795287576236751558e-07 -1.418747445040634920e-04 -1.114528779205862669e-08 -7.443061706048727417e-07 1.245138654064976935e-06 4.365597866639385213e-07 5.818400863115716680e-08 -1.119426584216701636e-06 3.976476363624932819e-05 1.203298757144832072e-06 3.864127800716968530e-05 1.868284562861393626e-06 1.110908891939196082e-04 7.854282404861836579e-07 6.511905317196690858e-05 5.802719772254613534e-06 7.296238672851894022e-04 5.471561961971920147e-06 7.528017914206777900e-04 5.465626227323310125e-06
6.948002464301220478e-10 6.371853091089769343e-11 9.192979588983562776e-06 -1.823970549304670469e-11 -6.246458656451394948e-09 -1.013748258815992011e-06 -7.935021431551842555e-11 -5.387242324723057053e-09 8.410647514885164893e-09 2.948868808262730716e-09 3.930206415070905686e-10 -7.561489235006145660e-09 2.811505853095800643e-07 8.502628929427852842e-09 2.731931670941604442e-07 1.322454902713588777e-08 7.854282404861836579e-07 5.554213045918348129e-09 4.624787355328460467e-07 4.121121830269055980e-08 5.181820604015548854e-06 3.885931846862940824e-08 5.346431139532578477e-06 3.881716257408700393e-08
6.311631983905315569e-08 3.133216744820064863e-11 8.350998010411844015e-04 -1.656910343630586579e-09 -5.674342673790888145e-07 -1.028911684832697226e-04 -7.552334163316954591e-09 -6.671316283939117143e-07 4.135748479113361815e-09 1.450040504475706422e-09 1.932591404082900508e-10 -3.718193789119404290e-09 2.332422138757442640e-05 6.963580284964999194e-07 2.263938373172139423e-05 1.123818689267860905e-06 6.511905317196690858e-05 4.624787355328460467e-07 4.201207193449802118e-05 3.743665185770383733e-06 4.707240421599765204e-04 3.530016344055670896e-06 4.856775414292179797e-04 3.526186862587146084e-06
5.624258190404194544e-09 2.791991038815640351e-12 7.441518210185632456e-05 -1.476464984408127522e-10 -5.056373618789686595e-08 -9.168585721034232792e-06 -6.729846255542525889e-10 -5.944769313035957042e-08 3.685341178424785792e-10 1.292122577271847028e-10 1.722120849606819348e-11 -3.313260647786214762e-10 2.078407219919446970e-06 6.205207349467555815e-08 2.017381729856620991e-06 1.001428575172147516e-07 5.802719772254613534e-06 4.121121830269055980e-08 3.743665185770383733e-06 3.335959370694694614e-07 4.194570144552990106e-05 3.145578150639977801e-07 4.327818731632594447e-05 3.142165721840130602e-07
7.071841098365303076e-07 3.510599319257979830e-10 9.356859039841892295e-03 -1.856472990090138474e-08 -6.357792503501498506e-06 -1.152835907240215519e-03 -8.461965405411607630e-08 -7.474851716502825835e-06 4.633881720570134918e-08 1.624691688980004064e-08 2.165363783693765452e-09 -4.166034348471975638e-08 2.613353628749102596e-04 7.802308799112207382e-06 2.536621309687123139e-04 1.259176932361923792e-05 7.296238672851894022e-04 5.181820604015548854e-06 4.707240421599765204e-04 4.194570144552990106e-05 5.274272291220545063e-03 3.955188190995372375e-05 5.441821268927829122e-03 3.950897465794301928e-05
5.303285087740770026e-09 2.632653754502110460e-12 7.016835058940171720e-05 -1.392204021438406060e-10 -4.767809356587430175e-08 -8.645340112402377785e-06 -6.345777964509315544e-10 -5.605504811073577050e-08 3.475020927751933268e-10 1.218381902753722176e-10 1.623840426921595007e-11 -3.124174813884387734e-10 1.959793738222130799e-06 5.851079843941116808e-08 1.902250936826652154e-06 9.442776404791118231e-08 5.471561961971920147e-06 3.885931846862940824e-08 3.530016344055670896e-06 3.145578150639977801e-07 3.955188190995372375e-05 2.966061874794426636e-07 4.080832344914986224e-05 2.962844191292028514e-07
7.296491865528210136e-07 3.622120324792901788e-10 9.654098271518260846e-03 -1.915447343609913405e-08 -6.559760118668942393e-06 -1.189457892533430294e-03 -8.730775826553834284e-08 -7.712304986893692526e-06 4.781085973217428218e-08 1.676303175877221928e-08 2.234150769760165703e-09 -4.298376520637019157e-08 2.696371909737358286e-04 8.050164178050455097e-06 2.617202040069854666e-04 1.299177112273045657e-05 7.528017914206777900e-04 5.346431139532578477e-06 4.856775414292179797e-04 4.327818731632594447e-05 5.441821268927829122e-03 4.080832344914986224e-05 5.614692836574122596e-03 4.076405316516303875e-05
5.297531905640395076e-09 2.629797763129536835e-12 7.009222959013017068e-05 -1.390693711987162575e-10 -4.762637076608311154e-08 -8.635961358887346418e-06 -6.338893851987925120e-10 -5.599423770611005529e-08 3.471251108126979747e-10 1.217060161071334988e-10 1.622078830189895084e-11 -3.120785603928706911e-10 1.957667687960790008e-06 5.844732395963370314e-08 1.900187310930936808e-06 9.432532563792734660e-08 5.465626227323310125e-06 3.881716257408700393e-08 3.526186862587146084e-06 3.142165721840130602e-07 3.950897465794301928e-05 2.962844191292028514e-07 4.076405316516303875e-05 2.959629998440898098e-07
