3.244375316029580396e-11 2.094570635582836625e-14 7.199987441794103515e-07 -1.527347861452936492e-12 -1.088608225426002234e-09 -7.485090978103329192e-08 -8.287807633819947219e-12 -1.935897616647645066e-09 2.460580094138795341e-12 8.658449403676928070e-13 1.057712904626924246e-13 -3.415167400043978696e-12 1.387286238633947981e-08 5.085378505939237663e-10 1.329920839325396071e-08 8.992582558304095500e-10 3.288041923757206071e-08 3.207480544416520775e-10 3.299466505220577827e-08 3.041261101780556148e-09 4.835896348347514992e-07 2.850497733470124051e-09 5.053800934799422712e-07 2.847240022963072902e-09
2.094570635582836625e-14 6.578939010761928007e-12 4.648316178968740255e-10 -9.860566886677652912e-16 -7.028061184430662047e-13 1.065852564954535161e-08 3.158600177525745100e-13 -2.910168002132441195e-10 7.728555960553459549e-10 2.719574579479761587e-10 3.322222021173360696e-11 -1.072686576176492046e-09 2.167836047737456105e-09 9.957827578106286316e-11 2.118140353443115721e-09 1.045978382315500825e-10 6.059743869100945744e-09 6.384155945128239140e-11 2.130137540123343860e-11 1.963439977938661260e-12 3.122057561566844543e-10 1.840283033785575395e-12 3.262736892310718749e-10 1.838179853942730604e-12
7.199987441794103515e-07 4.648316178968740255e-10 1.597837373876412337e-02 -3.389521427636397633e-08 -2.415862691513552161e-05 -1.661106240414438658e-03 -1.839247380092317625e-07 -4.296185621844981649e-05 5.460572237416122380e-08 1.921501703567867462e-08 2.347299214269988158e-09 -7.579012905860301717e-08 3.078695772994479948e-04 1.128558027302840685e-05 2.951389246702629580e-04 1.995653063851525504e-05 7.296893830228771407e-04 7.118109472770706102e-06 7.322252001473723935e-04 6.749231108110572319e-05 1.073195516725117434e-02 6.325884918043897564e-05 1.121553577102258996e-02 6.318655336703486714e-05
-1.527347861452936492e-12 -9.860566886677652912e-16 -3.389521427636397633e-08 7.190268580531868091e-14 5.124818656925553599e-11 3.523744030407889828e-09 3.901635902911482370e-13 9.113585150197190257e-11 -1.158362204844708982e-13 -4.076120329225876513e-14 -4.979373178527418864e-15 1.607751297843681945e-13 -6.530897888984596681e-10 -2.394033393485887641e-11 -6.260839981873839307e-10 -4.233419991662724982e-11 -1.547904566489746460e-09 -1.509979063767402195e-11 -1.553281724468133380e-09 -1.431728437519286073e-10 -2.276577117529440808e-08 -1.341923166775013727e-10 -2.379159073275995127e-08 -1.340389541173821896e-10
-1.088608225426002234e-09 -7.028061184430662047e-13 -2.415862691513552161e-05 5.124818656925553599e-11 3.652684280599793588e-08 2.511525733090383574e-06 2.780866872469622422e-10 6.495654365180200456e-08 -8.256158640311657920e-11 -2.905230844828374780e-11 -3.549019012781556844e-12 1.145915302871922552e-10 -4.654859719552329531e-07 -1.706333075517706939e-08 -4.462377532698990077e-07 -3.017344931162112748e-08 -1.103259985322682382e-06 -1.076228665049938241e-08 -1.107093301585588293e-06 -1.020455885674220513e-07 -1.622622184051220780e-05 -9.564477020518922495e-08 -1.695737228095197004e-05 -9.553546193772781510e-08
-7.485090978103329192e-08 1.065852564954535161e-08 -1.661106240414438658e-03 3.523744030407889828e-09 2.511525733090383574e-06 1.901134158021763822e-04 1.964354825657788532e-08 3.994724717897339754e-06 1.252101774259333879e-06 4.405977211704037121e-07 5.382325104458533500e-08 -1.737857329835756210e-06 -2.849258232142118659e-05 -1.011722700545299651e-06 -2.724938082878668763e-05 -1.905394471140900923e-06 -6.603096969764695769e-05 -6.364354447767094036e-07 -7.612182660304275339e-05 -7.016488269261234469e-06 -1.115683112667907899e-03 -6.576378573027400174e-06 -1.165955457106993519e-03 -6.568862716742944217e-06
-8.287807633819947219e-12 3.158600177525745100e-13 -1.839247380092317625e-07 3.901635902911482370e-13 2.780866872469622422e-10 1.964354825657788532e-08 2.132817034040286897e-12 4.803804459944949178e-10 3.710540259312332171e-11 1.305689078004743081e-11 1.595024833230795821e-12 -5.150052324151126557e-11 -3.438438590573037324e-09 -1.250610040078672020e-10 -3.294306046626106422e-09 -2.246383929317610460e-10 -8.104528553683880172e-09 -7.882869519013624318e-11 -8.428533775052966457e-09 -7.768950119297623008e-10 -1.235334209152228979e-07 -7.281642125973097287e-10 -1.290998064929396073e-07 -7.273320253545597346e-10
-1.935897616647645066e-09 -2.910168002132441195e-10 -4.296185621844981649e-05 9.113585150197190257e-11 6.495654365180200456e-08 3.994724717897339754e-06 4.803804459944949178e-10 1.282764579312656028e-07 -3.418696605140831827e-08 -1.202993192743702074e-08 -1.469571942590471889e-09 4.744987208280427029e-08 -9.228719325567933211e-07 -3.471555990389203199e-08 -8.864698511581549331e-07 -5.823956696930902012e-08 -2.227918004452257115e-06 -2.194159101772016172e-08 -1.968770183035852835e-06 -1.814700685841250161e-07 -2.885547925187775686e-05 -1.700873426579373180e-07 -3.015570177670793791e-05 -1.698929571940715809e-07
2.460580094138795341e-12 7.728555960553459549e-10 5.460572237416122380e-08 -1.158362204844708982e-13 -8.256158640311657920e-11 1.252101774259333879e-06 3.710540259312332171e-11 -3.418696605140831827e-08 9.079059316334052474e-08 3.194798460258379558e-08 3.902753727713396365e-09 -1.260129970985091316e-07 2.546648059842077014e-07 1.169787824964935813e-08 2.488268440565376743e-07 1.228754733312076853e-08 7.118635644364409070e-07 7.499736104179284956e-09 2.502362030911649998e-09 2.306535403285892535e-10 3.667612140397573374e-08 2.161857768599131024e-10 3.832874058628830212e-08 2.159387074907640759e-10
8.658449403676928070e-13 2.719574579479761587e-10 1.921501703567867462e-08 -4.076120329225876513e-14 -2.905230844828374780e-11 4.405977211704037121e-07 1.305689078004743081e-11 -1.202993192743702074e-08 3.194798460258379558e-08 1.124206489852231118e-08 1.373326392288943688e-09 -4.434227376609559935e-08 8.961310898647146255e-08 4.116325557922715868e-09 8.755880894561524914e-08 4.323822152614039554e-09 2.504951832460198422e-07 2.639055965169340312e-09 8.805474400673029249e-10 8.116386918491045971e-11 1.290583232713354840e-08 7.607285839951754461e-11 1.348736672175895263e-08 7.598591802163441442e-11
1.057712904626924246e-13 3.322222021173360696e-11 2.347299214269988158e-09 -4.979373178527418864e-15 -3.549019012781556844e-12 5.382325104458533500e-08 1.595024833230795821e-12 -1.469571942590471889e-09 3.902753727713396365e-09 1.373326392288943688e-09 1.677650324891694443e-10 -5.416835390644328636e-09 1.094710352634251316e-08 5.028487729269846736e-10 1.069615101013103893e-08 5.281964784893425163e-10 3.060039690769436640e-08 3.223860784229526292e-10 1.075673422723097967e-10 9.914947564264733777e-12 1.576571596642525550e-09 9.293031612080043631e-12 1.647611618387616164e-09 9.282411008397671670e-12
-3.415167400043978696e-12 -1.072686576176492046e-09 -7.579012905860301717e-08 1.607751297843681945e-13 1.145915302871922552e-10 -1.737857329835756210e-06 -5.150052324151126557e-11 4.744987208280427029e-08 -1.260129970985091316e-07 -4.434227376609559935e-08 -5.416835390644328636e-09 1.749000088038090813e-07 -3.534625602097789975e-07 -1.623609514644019216e-08 -3.453597484847877691e-07 -1.705452760922140068e-08 -9.880325519090100598e-07 -1.040927476730614523e-08 -3.473158728052968995e-09 -3.201360742250054707e-10 -5.090470105588243508e-08 -3.000555110005056099e-10 -5.319845737995455621e-08 -2.997125905415966617e-10
1.387286238633947981e-08 2.167836047737456105e-09 3.078695772994479948e-04 -6.530897888984596681e-10 -4.654859719552329531e-07 -2.849258232142118659e-05 -3.438438590573037324e-09 -9.228719325567933211e-07 2.546648059842077014e-07 8.961310898647146255e-08 1.094710352634251316e-08 -3.534625602097789975e-07 6.640437281286545329e-06 2.500183799391274590e-07 6.378958212060373827e-06 4.186537771118962780e-07 1.604112390252803285e-05 1.580327190829430108e-07 1.410843327012175345e-05 1.300435098161510676e-06 2.067817846218325507e-04 1.218865189180140535e-06 2.160993366550835091e-04 1.217472200841802885e-06
5.085378505939237663e-10 9.957827578106286316e-11 1.128558027302840685e-05 -2.394033393485887641e-11 -1.706333075517706939e-08 -1.011722700545299651e-06 -1.250610040078672020e-10 -3.471555990389203199e-08 1.169787824964935813e-08 4.116325557922715868e-09 5.028487729269846736e-10 -1.623609514644019216e-08 2.500183799391274590e-07 9.468338533268340182e-09 2.402825471702130239e-07 1.566458439303484296e-08 6.064796660741781373e-07 5.987540721564216826e-09 5.171730143608853150e-07 4.767008366565668974e-08 7.579995034747161666e-06 4.467997362127468028e-08 7.921548089842287598e-06 4.462891081471947401e-08
1.329920839325396071e-08 2.118140353443115721e-09 2.951389246702629580e-04 -6.260839981873839307e-10 -4.462377532698990077e-07 -2.724938082878668763e-05 -3.294306046626106422e-09 -8.864698511581549331e-07 2.488268440565376743e-07 8.755880894561524914e-08 1.069615101013103893e-08 -3.453597484847877691e-07 6.378958212060373827e-06 2.402825471702130239e-07 6.127992017504014859e-06 4.019736814119232439e-07 1.541447536514000763e-05 1.518843165235267061e-07 1.352503833939616530e-05 1.246661061274168635e-06 1.982311983239154159e-04 1.168464133443332524e-06 2.071634625452619207e-04 1.167128746290367659e-06
8.992582558304095500e-10 1.045978382315500825e-10 1.995653063851525504e-05 -4.233419991662724982e-11 -3.017344931162112748e-08 -1.905394471140900923e-06 -2.246383929317610460e-10 -5.823956696930902012e-08 1.228754733312076853e-08 4.323822152614039554e-09 5.281964784893425163e-10 -1.705452760922140068e-08 4.186537771118962780e-07 1.566458439303484296e-08 4.019736814119232439e-07 2.656973421252998335e-08 1.006834551768087056e-06 9.896424124052120197e-09 9.145279936725344154e-07 8.429601904781635190e-08 1.340386550864450942e-05 7.900854410583776252e-08 1.400784099119011071e-05 7.891824866313124706e-08
3.288041923757206071e-08 6.059743869100945744e-09 7.296893830228771407e-04 -1.547904566489746460e-09 -1.103259985322682382e-06 -6.603096969764695769e-05 -8.104528553683880172e-09 -2.227918004452257115e-06 7.118635644364409070e-07 2.504951832460198422e-07 3.060039690769436640e-08 -9.880325519090100598e-07 1.604112390252803285e-05 6.064796660741781373e-07 1.541447536514000763e-05 1.006834551768087056e-06 3.886546049126820613e-05 3.834724452708649441e-07 3.343874971167346672e-05 3.082193892332152300e-06 4.900985770042706529e-04 2.888863005209217075e-06 5.121823326882458992e-04 2.885561448602071731e-06
3.207480544416520775e-10 6.384155945128239140e-11 7.118109472770706102e-06 -1.509979063767402195e-11 -1.076228665049938241e-08 -6.364354447767094036e-07 -7.882869519013624318e-11 -2.194159101772016172e-08 7.499736104179284956e-09 2.639055965169340312e-09 3.223860784229526292e-10 -1.040927476730614523e-08 1.580327190829430108e-07 5.987540721564216826e-09 1.518843165235267061e-07 9.896424124052120197e-09 3.834724452708649441e-07 3.786508236529069091e-09 3.261945022273056427e-07 3.006676167921010469e-08 4.780901616838504359e-06 2.818082146067055001e-08 4.996328120028533432e-06 2.814861481985140736e-08
3.299466505220577827e-08 2.130137540123343860e-11 7.322252001473723935e-04 -1.553281724468133380e-09 -1.107093301585588293e-06 -7.612182660304275339e-05 -8.428533775052966457e-09 -1.968770183035852835e-06 2.502362030911649998e-09 8.805474400673029249e-10 1.075673422723097967e-10 -3.473158728052968995e-09 1.410843327012175345e-05 5.171730143608853150e-07 1.352503833939616530e-05 9.145279936725344154e-07 3.343874971167346672e-05 3.261945022273056427e-07 3.355496839722531521e-05 3.092902643831271378e-06 4.918034397515288862e-04 2.898899997307370668e-06 5.139640627591769793e-04 2.895586969058322368e-06
3.041261101780556148e-09 1.963439977938661260e-12 6.749231108110572319e-05 -1.431728437519286073e-10 -1.020455885674220513e-07 -7.016488269261234469e-06 -7.768950119297623008e-10 -1.814700685841250161e-07 2.306535403285892535e-10 8.116386918491045971e-11 9.914947564264733777e-12 -3.201360742250054707e-10 1.300435098161510676e-06 4.767008366565668974e-08 1.246661061274168635e-06 8.429601904781635190e-08 3.082193892332152300e-06 3.006676167921010469e-08 3.092902643831271378e-06 2.850862978347927732e-07 4.533140943931425031e-05 2.672042359420745112e-07 4.737403334882667470e-05 2.668988597998592253e-07
4.835896348347514992e-07 3.122057561566844543e-10 1.073195516725117434e-02 -2.276577117529440808e-08 -1.622622184051220780e-05 -1.115683112667907899e-03 -1.235334209152228979e-07 -2.885547925187775686e-05 3.667612140397573374e-08 1.290583232713354840e-08 1.576571596642525550e-09 -5.090470105588243508e-08 2.067817846218325507e-04 7.579995034747161666e-06 1.982311983239154159e-04 1.340386550864450942e-05 4.900985770042706529e-04 4.780901616838504359e-06 4.918034397515288862e-04 4.533140943931425031e-05 7.208266408940455783e-03 4.248798934449260294e-05 7.533072657005460485e-03 4.243943160676363267e-05
2.850497733470124051e-09 1.840283033785575395e-12 6.325884918043897564e-05 -1.341923166775013727e-10 -9.564477020518922495e-08 -6.576378573027400174e-06 -7.281642125973097287e-10 -1.700873426579373180e-07 2.161857768599131024e-10 7.607285839951754461e-11 9.293031612080043631e-12 -3.000555110005056099e-10 1.218865189180140535e-06 4.467997362127468028e-08 1.168464133443332524e-06 7.900854410583776252e-08 2.888863005209217075e-06 2.818082146067055001e-08 2.898899997307370668e-06 2.672042359420745112e-07 4.248798934449260294e-05 2.504438279698975878e-07 4.440248925219110763e-05 2.501576065730625848e-07
5.053800934799422712e-07 3.262736892310718749e-10 1.121553577102258996e-02 -2.379159073275995127e-08 -1.695737228095197004e-05 -1.165955457106993519e-03 -1.290998064929396073e-07 -3.015570177670793791e-05 3.832874058628830212e-08 1.348736672175895263e-08 1.647611618387616164e-09 -5.319845737995455621e-08 2.160993366550835091e-04 7.921548089842287598e-06 2.071634625452619207e-04 1.400784099119011071e-05 5.121823326882458992e-04 4.996328120028533432e-06 5.139640627591769793e-04 4.737403334882667470e-05 7.533072657005460485e-03 4.440248925219110763e-05 7.872514827360959852e-03 4.435174351170569030e-05
2.847240022963072902e-09 1.838179853942730604e-12 6.318655336703486714e-05 -1.340389541173821896e-10 -9.553546193772781510e-08 -6.568862716742944217e-06 -7.273320253545597346e-10 -1.698929571940715809e-07 2.159387074907640759e-10 7.598591802163441442e-11 9.282411008397671670e-12 -2.997125905415966617e-10 1.217472200841802885e-06 4.462891081471947401e-08 1.167128746290367659e-06 7.891824866313124706e-08 2.885561448602071731e-06 2.814861481985140736e-08 2.895586969058322368e-06 2.668988597998592253e-07 4.243943160676363267e-05 2.501576065730625848e-07 4.435174351170569030e-05 2.498717122862788885e-07
