1.355922756037374110e-10 4.707174023132502671e-14 2.471491651534537364e-06 -4.355251134350163170e-12 -2.316545201951063413e-09 -2.613990226592286937e-07 -2.120588334571315629e-11 -4.612831664445188825e-09 6.301354711902730258e-12 2.215938247049865340e-12 2.846555606097492036e-13 -6.963649450080984743e-12 5.469025795803726472e-08 1.768103116212416248e-09 5.285420377924615104e-08 2.904498543650976038e-09 1.466441911888238709e-07 1.222991055393808259e-09 1.055018324956638682e-07 9.533399884722511908e-09 1.303009313400898856e-06 8.966862024580830790e-09 1.350005122448771969e-06 8.956947483041646214e-09
4.707174023132502671e-14 9.789490124228233818e-12 8.579943989207266949e-10 -1.511953753453074491e-15 -8.042037313322969781e-13 1.912218806773643514e-08 5.637605786130633635e-13 -1.887032816696079329e-10 1.310490103367364304e-09 4.608477502380125588e-10 5.919969785908531710e-11 -1.448227263006295982e-09 3.885795100011987555e-09 1.480538649327662140e-10 3.808775651205430467e-09 1.533387515005010036e-10 1.102892070172856948e-08 9.079832951871430969e-11 3.662564722844558607e-11 3.309581765604889403e-12 4.523481566063020785e-10 3.112904463265515212e-12 4.686630573306429746e-10 3.109462565696002356e-12
2.471491651534537364e-06 8.579943989207266949e-10 4.504885441887284542e-02 -7.938471045345363488e-08 -4.222454255499036313e-05 -4.764611352933223638e-03 -3.865273264280501071e-07 -8.407982783073040373e-05 1.148571738034339376e-07 4.039074388810386257e-08 5.188524482157645505e-09 -1.269290702752991814e-07 9.968602281146708363e-04 3.222787557155758719e-05 9.633937777550106735e-04 5.294137735627245725e-05 2.672939520812715915e-03 2.229191657333369101e-05 1.923024731156312969e-03 1.737688214814093524e-04 2.375058264838587202e-02 1.634423210602505678e-04 2.460720067226536412e-02 1.632616049729086771e-04
-4.355251134350163170e-12 -1.511953753453074491e-15 -7.938471045345363488e-08 1.398917696336343856e-13 7.440790272944797794e-11 8.396206419420135304e-09 6.811379874777099595e-13 1.481650757177565835e-10 -2.024007793293648702e-13 -7.117638171473008809e-14 -9.143193798005154064e-15 2.236738194297784090e-13 -1.756661543840838894e-09 -5.679184629516516938e-11 -1.697687107621565095e-09 -9.329311238864103493e-11 -4.710239888409654476e-09 -3.928272678859973494e-11 -3.388733164492506576e-09 -3.062148621358501956e-10 -4.185259605602500365e-08 -2.880175539542585934e-10 -4.336209305908723299e-08 -2.876990968688031462e-10
-2.316545201951063413e-09 -8.042037313322969781e-13 -4.222454255499036313e-05 7.440790272944797794e-11 3.957734071700325869e-08 4.465908583482864890e-06 3.622948986494022512e-10 7.880856780997017900e-08 -1.076563761362173712e-10 -3.785850699245245178e-11 -4.863237748653213142e-12 1.189714432469907186e-10 -9.343633506780008914e-07 -3.020740549801193657e-08 -9.029950260268480149e-07 -4.962231255589935166e-08 -2.505363176280515305e-06 -2.089436198180283842e-08 -1.802460653196906144e-06 -1.628747074425271523e-07 -2.226143718399101743e-05 -1.531956121527642047e-07 -2.306434323469434711e-05 -1.530262257803325227e-07
-2.613990226592286937e-07 1.912218806773643514e-08 -4.764611352933223638e-03 8.396206419420135304e-09 4.465908583482864890e-06 5.416420413232400253e-04 4.200231267151605538e-08 8.525552220357348013e-06 2.559830791515547904e-06 9.001916566909792907e-07 1.156370495873711434e-07 -2.828878083523819936e-06 -9.784450324135667454e-05 -3.119238243292635116e-06 -9.445480843185208850e-05 -5.300420161417887807e-06 -2.611596028675071748e-04 -2.180352376294839413e-06 -2.033892045677000195e-04 -1.837879676795640431e-05 -2.511957417313765133e-03 -1.728660752110698564e-05 -2.602556054413908502e-03 -1.726749395689378572e-05
-2.120588334571315629e-11 5.637605786130633635e-13 -3.865273264280501071e-07 6.811379874777099595e-13 3.622948986494022512e-10 4.200231267151605538e-08 3.349805118298676092e-12 7.105057825476177271e-10 7.546896134518528733e-11 2.653946166247043661e-11 3.409212912280142659e-12 -8.340101831193405844e-11 -8.327661295817011921e-09 -2.679199081885389305e-10 -8.044968698741598742e-09 -4.453606269087837766e-10 -2.229387648033831354e-08 -1.859966303505018198e-10 -1.649988139207442266e-08 -1.490971582065983750e-09 -2.037823897295306305e-07 -1.402368194051259314e-09 -2.111322159203914532e-07 -1.400817614425638200e-09
-4.612831664445188825e-09 -1.887032816696079329e-10 -8.407982783073040373e-05 1.481650757177565835e-10 7.880856780997017900e-08 8.525552220357348013e-06 7.105057825476177271e-10 1.605039328472859030e-07 -2.526115088974988603e-08 -8.883351402537477826e-09 -1.141139834139371347e-09 2.791618670918953812e-08 -1.934460125556639086e-06 -6.296859580834909766e-08 -1.870537943625209228e-06 -1.017220885660211288e-07 -5.198634337589663701e-06 -4.333327120384917123e-08 -3.589158809130719055e-06 -3.243250274701464375e-07 -4.432821403001278816e-05 -3.050514827721887168e-07 -4.592700569173867504e-05 -3.047141913527500897e-07
6.301354711902730258e-12 1.310490103367364304e-09 1.148571738034339376e-07 -2.024007793293648702e-13 -1.076563761362173712e-10 2.559830791515547904e-06 7.546896134518528733e-11 -2.526115088974988603e-08 1.754314372669803130e-07 6.169232539116592476e-08 7.924888511135741005e-09 -1.938699015834229663e-07 5.201799050932039745e-07 1.981953313702570919e-08 5.098695391743892815e-07 2.052700527681287588e-08 1.476409015841570376e-06 1.215490390985553055e-08 4.902967123039514936e-09 4.430439272019372776e-10 6.055451053821005304e-08 4.167153181524366512e-10 6.273853807042321438e-08 4.162545614997009712e-10
2.215938247049865340e-12 4.608477502380125588e-10 4.039074388810386257e-08 -7.117638171473008809e-14 -3.785850699245245178e-11 9.001916566909792907e-07 2.653946166247043661e-11 -8.883351402537477826e-09 6.169232539116592476e-08 2.169476132042112565e-08 2.786871164839502593e-09 -6.817640875822803992e-08 1.829267813199399684e-07 6.969749202358593848e-09 1.793010317354293207e-07 7.218539288802610274e-09 5.191948920882333476e-07 4.274400972283584307e-09 1.724180412673710475e-09 1.558010980791862277e-10 2.129463613152083682e-08 1.465423633386841833e-10 2.206267258576458425e-08 1.463803333727368586e-10
2.846555606097492036e-13 5.919969785908531710e-11 5.188524482157645505e-09 -9.143193798005154064e-15 -4.863237748653213142e-12 1.156370495873711434e-07 3.409212912280142659e-12 -1.141139834139371347e-09 7.924888511135741005e-09 2.786871164839502593e-09 3.579966058283286645e-10 -8.757822478598327296e-09 2.349845520993190391e-08 8.953218181323182079e-10 2.303269774519752563e-08 9.272809584583407510e-10 6.669487005638274242e-08 5.490820889606763406e-10 2.214852073046424591e-10 2.001393720025626952e-11 2.735471801573802540e-09 1.882457629111619133e-11 2.834132424403927820e-09 1.880376220441790006e-11
-6.963649450080984743e-12 -1.448227263006295982e-09 -1.269290702752991814e-07 2.236738194297784090e-13 1.189714432469907186e-10 -2.828878083523819936e-06 -8.340101831193405844e-11 2.791618670918953812e-08 -1.938699015834229663e-07 -6.817640875822803992e-08 -8.757822478598327296e-09 2.142463177526217384e-07 -5.748526547181797358e-07 -2.190263655229277602e-08 -5.634586327421609031e-07 -2.268446652772973580e-08 -1.631584832519062009e-06 -1.343242752302192179e-08 -5.418286362447634287e-09 -4.896094159552303504e-10 -6.691900437804092227e-08 -4.605135766779662685e-10 -6.933258094910972283e-08 -4.600043928662042701e-10
5.469025795803726472e-08 3.885795100011987555e-09 9.968602281146708363e-04 -1.756661543840838894e-09 -9.343633506780008914e-07 -9.784450324135667454e-05 -8.327661295817011921e-09 -1.934460125556639086e-06 5.201799050932039745e-07 1.829267813199399684e-07 2.349845520993190391e-08 -5.748526547181797358e-07 2.358633578680465994e-05 7.713911096024366992e-07 2.281560470244345398e-05 1.231680419417734428e-06 6.348425599571188313e-05 5.289827556135032678e-07 4.255349043707434495e-05 3.845234190150930029e-06 5.255610424888926312e-04 3.616724843919445842e-06 5.445165362181501661e-04 3.612725878448647313e-06
1.768103116212416248e-09 1.480538649327662140e-10 3.222787557155758719e-05 -5.679184629516516938e-11 -3.020740549801193657e-08 -3.119238243292635116e-06 -2.679199081885389305e-10 -6.296859580834909766e-08 1.981953313702570919e-08 6.969749202358593848e-09 8.953218181323182079e-10 -2.190263655229277602e-08 7.713911096024366992e-07 2.527641014633267328e-08 7.462988391821067661e-07 4.016849345459440470e-08 2.077559091633474092e-06 1.730874884423220841e-08 1.375727638452903123e-06 1.243141290711220499e-07 1.699102072549743634e-05 1.169265597406865715e-07 1.760383760686507322e-05 1.167972755913460617e-07
5.285420377924615104e-08 3.808775651205430467e-09 9.633937777550106735e-04 -1.697687107621565095e-09 -9.029950260268480149e-07 -9.445480843185208850e-05 -8.044968698741598742e-09 -1.870537943625209228e-06 5.098695391743892815e-07 1.793010317354293207e-07 2.303269774519752563e-08 -5.634586327421609031e-07 2.281560470244345398e-05 7.462988391821067661e-07 2.207033158524490175e-05 1.191162067857629608e-06 6.141289234542795150e-05 5.117171025651702419e-07 4.112489098013416897e-05 3.716142475886754458e-06 5.079170114334865182e-04 3.495304615318431584e-06 5.262361357541167368e-04 3.491439902594879971e-06
2.904498543650976038e-09 1.533387515005010036e-10 5.294137735627245725e-05 -9.329311238864103493e-11 -4.962231255589935166e-08 -5.300420161417887807e-06 -4.453606269087837766e-10 -1.017220885660211288e-07 2.052700527681287588e-08 7.218539288802610274e-09 9.272809584583407510e-10 -2.268446652772973580e-08 1.231680419417734428e-06 4.016849345459440470e-08 1.191162067857629608e-06 6.458712233322272217e-08 3.312064386600320415e-06 2.760375321352954572e-08 2.259935321481222148e-06 2.042133224310994107e-07 2.791148507150917191e-05 1.920776137693268662e-07 2.891817133745926217e-05 1.918652360970636630e-07
1.466441911888238709e-07 1.102892070172856948e-08 2.672939520812715915e-03 -4.710239888409654476e-09 -2.505363176280515305e-06 -2.611596028675071748e-04 -2.229387648033831354e-08 -5.198634337589663701e-06 1.476409015841570376e-06 5.191948920882333476e-07 6.669487005638274242e-08 -1.631584832519062009e-06 6.348425599571188313e-05 2.077559091633474092e-06 6.141289234542795150e-05 3.312064386600320415e-06 1.709077868547462448e-04 1.424021138254427589e-06 1.141011528946731023e-04 1.031045186690429438e-05 1.409216993439007517e-03 9.697736379098679613e-06 1.460043435548183518e-03 9.687013718776402006e-06
1.222991055393808259e-09 9.079832951871430969e-11 2.229191657333369101e-05 -3.928272678859973494e-11 -2.089436198180283842e-08 -2.180352376294839413e-06 -1.859966303505018198e-10 -4.333327120384917123e-08 1.215490390985553055e-08 4.274400972283584307e-09 5.490820889606763406e-10 -1.343242752302192179e-08 5.289827556135032678e-07 1.730874884423220841e-08 5.117171025651702419e-07 2.760375321352954572e-08 1.424021138254427589e-06 1.186522321286859839e-08 9.515863834309116749e-07 8.598766739353859970e-08 1.175263938189316951e-05 8.087771017880046099e-08 1.217652315488433219e-05 8.078828476232501343e-08
1.055018324956638682e-07 3.662564722844558607e-11 1.923024731156312969e-03 -3.388733164492506576e-09 -1.802460653196906144e-06 -2.033892045677000195e-04 -1.649988139207442266e-08 -3.589158809130719055e-06 4.902967123039514936e-09 1.724180412673710475e-09 2.214852073046424591e-10 -5.418286362447634287e-09 4.255349043707434495e-05 1.375727638452903123e-06 4.112489098013416897e-05 2.259935321481222148e-06 1.141011528946731023e-04 9.515863834309116749e-07 8.208922546611561902e-05 7.417757167937795596e-06 1.013857169821177039e-03 6.976944524600138306e-06 1.050424274787704415e-03 6.969230204465509822e-06
9.533399884722511908e-09 3.309581765604889403e-12 1.737688214814093524e-04 -3.062148621358501956e-10 -1.628747074425271523e-07 -1.837879676795640431e-05 -1.490971582065983750e-09 -3.243250274701464375e-07 4.430439272019372776e-10 1.558010980791862277e-10 2.001393720025626952e-11 -4.896094159552303504e-10 3.845234190150930029e-06 1.243141290711220499e-07 3.716142475886754458e-06 2.042133224310994107e-07 1.031045186690429438e-05 8.598766739353859970e-08 7.417757167937795596e-06 6.702868951770782346e-07 9.161348813986944619e-05 6.304540079291605877e-07 9.491772010588438592e-05 6.297569233026358766e-07
1.303009313400898856e-06 4.523481566063020785e-10 2.375058264838587202e-02 -4.185259605602500365e-08 -2.226143718399101743e-05 -2.511957417313765133e-03 -2.037823897295306305e-07 -4.432821403001278816e-05 6.055451053821005304e-08 2.129463613152083682e-08 2.735471801573802540e-09 -6.691900437804092227e-08 5.255610424888926312e-04 1.699102072549743634e-05 5.079170114334865182e-04 2.791148507150917191e-05 1.409216993439007517e-03 1.175263938189316951e-05 1.013857169821177039e-03 9.161348813986944619e-05 1.252207017102515731e-02 8.616919247519406186e-05 1.297371402670686492e-02 8.607391613157881608e-05
8.966862024580830790e-09 3.112904463265515212e-12 1.634423210602505678e-04 -2.880175539542585934e-10 -1.531956121527642047e-07 -1.728660752110698564e-05 -1.402368194051259314e-09 -3.050514827721887168e-07 4.167153181524366512e-10 1.465423633386841833e-10 1.882457629111619133e-11 -4.605135766779662685e-10 3.616724843919445842e-06 1.169265597406865715e-07 3.495304615318431584e-06 1.920776137693268662e-07 9.697736379098679613e-06 8.087771017880046099e-08 6.976944524600138306e-06 6.304540079291605877e-07 8.616919247519406186e-05 5.929882551458125274e-07 8.927706426445391249e-05 5.923325959109873237e-07
1.350005122448771969e-06 4.686630573306429746e-10 2.460720067226536412e-02 -4.336209305908723299e-08 -2.306434323469434711e-05 -2.602556054413908502e-03 -2.111322159203914532e-07 -4.592700569173867504e-05 6.273853807042321438e-08 2.206267258576458425e-08 2.834132424403927820e-09 -6.933258094910972283e-08 5.445165362181501661e-04 1.760383760686507322e-05 5.262361357541167368e-04 2.891817133745926217e-05 1.460043435548183518e-03 1.217652315488433219e-05 1.050424274787704415e-03 9.491772010588438592e-05 1.297371402670686492e-02 8.927706426445391249e-05 1.344164785816081079e-02 8.917835157688254856e-05
8.956947483041646214e-09 3.109462565696002356e-12 1.632616049729086771e-04 -2.876990968688031462e-10 -1.530262257803325227e-07 -1.726749395689378572e-05 -1.400817614425638200e-09 -3.047141913527500897e-07 4.162545614997009712e-10 1.463803333727368586e-10 1.880376220441790006e-11 -4.600043928662042701e-10 3.612725878448647313e-06 1.167972755913460617e-07 3.491439902594879971e-06 1.918652360970636630e-07 9.687013718776402006e-06 8.078828476232501343e-08 6.969230204465509822e-06 6.297569233026358766e-07 8.607391613157881608e-05 5.923325959109873237e-07 8.917835157688254856e-05 5.916776616299524323e-07
