par.Ct_1S0 = -0.107684493704953
par.Ct_3S1 = -0.718085864415801E-01
par.Ct_1S0 = -0.104031058090885
par.Ct_3S1 = -0.538865461032180E-01
par.Ct_1S0 = -0.104030743735953
par.Ct_3S1 = -0.538865210994712E-01
