par.Ct_1S0 = -0.107684493704953
par.Ct_3S1 = -0.718085864415801E-01
par.Ct_1S0 = -0.105770004790559
par.Ct_3S1 = -0.628317624428660E-01
par.Ct_1S0 = -0.105770011593708
par.Ct_3S1 = -0.628317606537146E-01
