9.346052828416558287e-11 4.285631551274525706e-14 1.407930679097472432e-06 -2.717516392728108477e-12 -1.209423887077927934e-09 -1.640388580139177490e-07 -1.281221920627023629e-11 -1.778206919839789317e-09 5.737648669446858601e-12 2.015342511467180197e-12 2.634238820080294657e-13 -5.775886779408125148e-12 3.635999769794073413e-08 1.129076230724035482e-09 3.521667022304481616e-08 1.834156673043613396e-09 9.996284656276529248e-08 7.729618848024810649e-10 6.740915881849179726e-08 6.051009400836893770e-09 7.940115302300840516e-07 5.698069790955461484e-09 8.209322698745208654e-07 5.691827470643399981e-09
4.285631551274525706e-14 8.362105789648968573e-12 6.456064662936189474e-10 -1.246116858912990887e-15 -5.545811974833866250e-13 1.589925593389509820e-08 4.907162220355502773e-13 8.939550130026526048e-11 1.119527532493656020e-09 3.932327611843708357e-10 5.139915418571284715e-11 -1.126988536008931261e-09 3.314735308412464283e-09 1.196787063437174649e-10 3.253191716518380074e-09 1.231767655897464778e-10 9.396967488927147835e-09 7.032688527125294002e-11 3.091046275696569149e-11 2.774689730667712721e-12 3.640939045073145335e-10 2.612849309307858848e-12 3.764384068680391135e-10 2.609986893978769858e-12
1.407930679097472432e-06 6.456064662936189474e-10 2.120970128686671535e-02 -4.093783726590136038e-08 -1.821929513014706621e-05 -2.471151583818140957e-03 -1.930088353776395430e-07 -2.678769645086784181e-05 8.643447385301479997e-08 3.036000975517953783e-08 3.968333711273327786e-09 -8.701050961770515903e-08 5.477431361413503128e-04 1.700890033411022741e-05 5.305195472241305051e-04 2.763054121525661635e-05 1.505884606144165978e-03 1.164423790360750156e-05 1.015482257849091964e-03 9.115505866362588153e-05 1.196138077563197420e-02 8.583822031248148829e-05 1.236692877043035071e-02 8.574418324612219909e-05
-2.717516392728108477e-12 -1.246116858912990887e-15 -4.093783726590136038e-08 7.901627229287931822e-14 3.516596171272469214e-11 4.769701492570107238e-09 3.725362878973953312e-13 5.170424419600184252e-11 -1.668314378216092043e-13 -5.859935111995523149e-14 -7.659476474115601151e-15 1.679432729006536843e-13 -1.057225703539265289e-09 -3.282972901904772377e-11 -1.023981600465595469e-09 -5.333109206389926474e-11 -2.906581498643984385e-09 -2.247512349926533322e-11 -1.960028233698523122e-09 -1.759429597034219828e-10 -2.308706879792746817e-08 -1.656806687584673535e-10 -2.386982759728580465e-08 -1.654991631640237491e-10
-1.209423887077927934e-09 -5.545811974833866250e-13 -1.821929513014706621e-05 3.516596171272469214e-11 1.565052292662875456e-08 2.122741288548175452e-06 1.657962416410584931e-10 2.301084700173801326e-08 -7.424791496322868802e-11 -2.607949493519103357e-11 -3.408830884837356331e-12 7.474273437508576610e-11 -4.705157382806119621e-07 -1.461078596205793061e-08 -4.557205344768159013e-07 -2.373486384041549221e-08 -1.293566986416905257e-06 -1.000249613214125428e-08 -8.723066807482564989e-07 -7.830295338102445505e-08 -1.027488680838052202e-05 -7.373574621865112400e-08 -1.062325395140739821e-05 -7.365496761135081361e-08
-1.640388580139177490e-07 1.589925593389509820e-08 -2.471151583818140957e-03 4.769701492570107238e-09 2.122741288548175452e-06 3.184328320025793567e-04 2.343626653999263361e-08 3.293384162215022732e-06 2.128609136475403955e-06 7.476715146257108187e-07 9.772757330168637442e-08 -2.142795080832087041e-06 -5.751742410734513413e-05 -1.754079467587595034e-06 -5.562726095323349001e-05 -2.985549143022359246e-06 -1.575875986198432778e-04 -1.223006068065188683e-06 -1.183141727447957822e-04 -1.062053725893441504e-05 -1.393615315490254322e-03 -1.000106924963933919e-05 -1.440865318080369710e-03 -9.990112932721668869e-06
-1.281221920627023629e-11 4.907162220355502773e-13 -1.930088353776395430e-07 3.725362878973953312e-13 1.657962416410584931e-10 2.343626653999263361e-08 1.785879465546896312e-12 2.491262243057418144e-10 6.569760426609554038e-11 2.307620855553552482e-11 3.016273595951213120e-12 -6.613544174247212425e-11 -4.788621896496388978e-09 -1.477051441589350398e-10 -4.635510301859389049e-09 -2.441739577762985343e-10 -1.314827453025918282e-08 -1.018076143639861212e-10 -9.240908936858114837e-09 -8.295146096815344549e-10 -1.088482977943374941e-07 -7.811311947919024702e-10 -1.125387632565891628e-07 -7.802754540777559004e-10
-1.778206919839789317e-09 8.939550130026526048e-11 -2.678769645086784181e-05 5.170424419600184252e-11 2.301084700173801326e-08 3.293384162215022732e-06 2.491262243057418144e-10 3.480588014093077998e-08 1.196836360709091494e-08 4.203874233162581045e-09 5.494851835830255356e-10 -1.204812635921800760e-08 -6.562160180620085726e-07 -2.019661031499395421e-08 -6.351210221485664956e-07 -3.357742401989514262e-08 -1.801041139129357643e-06 -1.395172646280879859e-08 -1.282546219633715378e-06 -1.151282436917924594e-07 -1.510709885708606886e-05 -1.084131130274914129e-07 -1.561930095498918495e-05 -1.082943448446601770e-07
5.737648669446858601e-12 1.119527532493656020e-09 8.643447385301479997e-08 -1.668314378216092043e-13 -7.424791496322868802e-11 2.128609136475403955e-06 6.569760426609554038e-11 1.196836360709091494e-08 1.498835262557855222e-07 5.264641591365900742e-08 6.881372883871382900e-09 -1.508824117826084644e-07 4.437802564968828110e-07 1.602271122300378815e-08 4.355407355885726096e-07 1.649103507856190862e-08 1.258075909997382178e-06 9.415437455292210487e-09 4.138325318256622928e-09 3.714783842311753620e-10 4.874527552868902333e-08 3.498110181225192632e-10 5.039797051080325465e-08 3.494277949427441629e-10
2.015342511467180197e-12 3.932327611843708357e-10 3.036000975517953783e-08 -5.859935111995523149e-14 -2.607949493519103357e-11 7.476715146257108187e-07 2.307620855553552482e-11 4.203874233162581045e-09 5.264641591365900742e-08 1.849199354867971537e-08 2.417074353013128165e-09 -5.299727461110199421e-08 1.558773046723061482e-07 5.627958986498276792e-09 1.529831823990401192e-07 5.792457204667580856e-09 4.418977171805169981e-07 3.307161631661953508e-09 1.453582019014798693e-09 1.304813562182078988e-10 1.712172207482077285e-08 1.228707187348985588e-10 1.770222928977763641e-08 1.227361120327305147e-10
2.634238820080294657e-13 5.139915418571284715e-11 3.968333711273327786e-09 -7.659476474115601151e-15 -3.408830884837356331e-12 9.772757330168637442e-08 3.016273595951213120e-12 5.494851835830255356e-10 6.881372883871382900e-09 2.417074353013128165e-09 3.159339435601768143e-10 -6.927233304473782035e-09 2.037460361064714939e-08 7.356262229193154793e-10 1.999631509681241191e-08 7.571276594560943871e-10 5.776011355846094066e-08 4.322765724076919827e-10 1.899965966712678101e-10 1.705511851620526638e-11 2.237967229739865080e-09 1.606033789752159422e-11 2.313844884936399417e-09 1.604274355818350378e-11
-5.775886779408125148e-12 -1.126988536008931261e-09 -8.701050961770515903e-08 1.679432729006536843e-13 7.474273437508576610e-11 -2.142795080832087041e-06 -6.613544174247212425e-11 -1.204812635921800760e-08 -1.508824117826084644e-07 -5.299727461110199421e-08 -6.927233304473782035e-09 1.518879570761295671e-07 -4.467377926754204984e-07 -1.612949344289091633e-08 -4.384433601071873736e-07 -1.660093840881960593e-08 -1.266460252731128863e-06 -9.478185962701518234e-09 -4.165904862014710046e-09 -3.739540728367753488e-10 -4.907013455147443062e-08 -3.521423062647230880e-10 -5.073384378740344486e-08 -3.517565291240906257e-10
3.635999769794073413e-08 3.314735308412464283e-09 5.477431361413503128e-04 -1.057225703539265289e-09 -4.705157382806119621e-07 -5.751742410734513413e-05 -4.788621896496388978e-09 -6.562160180620085726e-07 4.437802564968828110e-07 1.558773046723061482e-07 2.037460361064714939e-08 -4.467377926754204984e-07 1.544631600253139041e-05 4.862550524175730673e-07 1.497744807177539127e-05 7.618125315494175317e-07 4.257781612359655529e-05 3.283116211794151410e-07 2.622494676340683391e-05 2.354091944205179374e-06 3.089034574307497659e-04 2.216783887655041700e-06 3.193767473947083102e-04 2.214355367786159137e-06
1.129076230724035482e-09 1.196787063437174649e-10 1.700890033411022741e-05 -3.282972901904772377e-11 -1.461078596205793061e-08 -1.754079467587595034e-06 -1.477051441589350398e-10 -2.019661031499395421e-08 1.602271122300378815e-08 5.627958986498276792e-09 7.356262229193154793e-10 -1.612949344289091633e-08 4.862550524175730673e-07 1.533818556889278221e-08 4.715732282367115529e-07 2.390134957564186925e-08 1.340884266761308597e-06 1.033510178836889323e-08 8.143551128731586177e-07 7.310092762137198857e-08 9.592270495824949800e-06 6.883714131627657515e-08 9.917493587759796227e-06 6.876172920695362792e-08
3.521667022304481616e-08 3.253191716518380074e-09 5.305195472241305051e-04 -1.023981600465595469e-09 -4.557205344768159013e-07 -5.562726095323349001e-05 -4.635510301859389049e-09 -6.351210221485664956e-07 4.355407355885726096e-07 1.529831823990401192e-07 1.999631509681241191e-08 -4.384433601071873736e-07 1.497744807177539127e-05 4.715732282367115529e-07 1.452301203648547243e-05 7.384821041718681614e-07 4.128670756797805604e-05 3.183451741495380076e-07 2.540031270454577389e-05 2.280068336490517104e-06 2.991901074512682743e-04 2.147077883946226094e-06 3.093340690625791451e-04 2.144725728040703880e-06
1.834156673043613396e-09 1.231767655897464778e-10 2.763054121525661635e-05 -5.333109206389926474e-11 -2.373486384041549221e-08 -2.985549143022359246e-06 -2.441739577762985343e-10 -3.357742401989514262e-08 1.649103507856190862e-08 5.792457204667580856e-09 7.571276594560943871e-10 -1.660093840881960593e-08 7.618125315494175317e-07 2.390134957564186925e-08 7.384821041718681614e-07 3.778495350486291600e-08 2.098569403220196573e-06 1.619300981743121142e-08 1.322899878056707216e-06 1.187506669332047011e-07 1.558240618784609166e-05 1.118242505582801331e-07 1.611072301835128831e-05 1.117017454341550533e-07
9.996284656276529248e-08 9.396967488927147835e-09 1.505884606144165978e-03 -2.906581498643984385e-09 -1.293566986416905257e-06 -1.575875986198432778e-04 -1.314827453025918282e-08 -1.801041139129357643e-06 1.258075909997382178e-06 4.418977171805169981e-07 5.776011355846094066e-08 -1.266460252731128863e-06 4.257781612359655529e-05 1.340884266761308597e-06 4.128670756797805604e-05 2.098569403220196573e-06 1.173747056653134734e-04 9.049876354221009259e-07 7.209901864571676788e-05 6.471995338894899481e-06 8.492536590883538895e-04 6.094500701282688512e-06 8.780473758169076142e-04 6.087824084803659023e-06
7.729618848024810649e-10 7.032688527125294002e-11 1.164423790360750156e-05 -2.247512349926533322e-11 -1.000249613214125428e-08 -1.223006068065188683e-06 -1.018076143639861212e-10 -1.395172646280879859e-08 9.415437455292210487e-09 3.307161631661953508e-09 4.322765724076919827e-10 -9.478185962701518234e-09 3.283116211794151410e-07 1.033510178836889323e-08 3.183451741495380076e-07 1.619300981743121142e-08 9.049876354221009259e-07 6.978270126193419972e-09 5.575048800297409974e-07 5.004465445125457721e-08 6.566838706188287771e-06 4.712568032188550189e-08 6.789485460277400907e-06 4.707405343933091844e-08
6.740915881849179726e-08 3.091046275696569149e-11 1.015482257849091964e-03 -1.960028233698523122e-09 -8.723066807482564989e-07 -1.183141727447957822e-04 -9.240908936858114837e-09 -1.282546219633715378e-06 4.138325318256622928e-09 1.453582019014798693e-09 1.899965966712678101e-10 -4.165904862014710046e-09 2.622494676340683391e-05 8.143551128731586177e-07 2.540031270454577389e-05 1.322899878056707216e-06 7.209901864571676788e-05 5.575048800297409974e-07 4.861947057238810000e-05 4.364337727199153576e-06 5.726903800284539577e-04 4.109777176924081842e-06 5.921073437251144801e-04 4.105274853434797730e-06
6.051009400836893770e-09 2.774689730667712721e-12 9.115505866362588153e-05 -1.759429597034219828e-10 -7.830295338102445505e-08 -1.062053725893441504e-05 -8.295146096815344549e-10 -1.151282436917924594e-07 3.714783842311753620e-10 1.304813562182078988e-10 1.705511851620526638e-11 -3.739540728367753488e-10 2.354091944205179374e-06 7.310092762137198857e-08 2.280068336490517104e-06 1.187506669332047011e-07 6.471995338894899481e-06 5.004465445125457721e-08 4.364337727199153576e-06 3.917666477572945513e-07 5.140742261833529018e-05 3.689159223359719403e-07 5.315037575340837982e-05 3.685117694789516769e-07
7.940115302300840516e-07 3.640939045073145335e-10 1.196138077563197420e-02 -2.308706879792746817e-08 -1.027488680838052202e-05 -1.393615315490254322e-03 -1.088482977943374941e-07 -1.510709885708606886e-05 4.874527552868902333e-08 1.712172207482077285e-08 2.237967229739865080e-09 -4.907013455147443062e-08 3.089034574307497659e-04 9.592270495824949800e-06 2.991901074512682743e-04 1.558240618784609166e-05 8.492536590883538895e-04 6.566838706188287771e-06 5.726903800284539577e-04 5.140742261833529018e-05 6.745814362550771673e-03 4.840895704235768422e-05 6.974531787669126064e-03 4.835592424773484446e-05
5.698069790955461484e-09 2.612849309307858848e-12 8.583822031248148829e-05 -1.656806687584673535e-10 -7.373574621865112400e-08 -1.000106924963933919e-05 -7.811311947919024702e-10 -1.084131130274914129e-07 3.498110181225192632e-10 1.228707187348985588e-10 1.606033789752159422e-11 -3.521423062647230880e-10 2.216783887655041700e-06 6.883714131627657515e-08 2.147077883946226094e-06 1.118242505582801331e-07 6.094500701282688512e-06 4.712568032188550189e-08 4.109777176924081842e-06 3.689159223359719403e-07 4.840895704235768422e-05 3.473980202012209002e-07 5.005024802695496884e-05 3.470174405267030044e-07
8.209322698745208654e-07 3.764384068680391135e-10 1.236692877043035071e-02 -2.386982759728580465e-08 -1.062325395140739821e-05 -1.440865318080369710e-03 -1.125387632565891628e-07 -1.561930095498918495e-05 5.039797051080325465e-08 1.770222928977763641e-08 2.313844884936399417e-09 -5.073384378740344486e-08 3.193767473947083102e-04 9.917493587759796227e-06 3.093340690625791451e-04 1.611072301835128831e-05 8.780473758169076142e-04 6.789485460277400907e-06 5.921073437251144801e-04 5.315037575340837982e-05 6.974531787669126064e-03 5.005024802695496884e-05 7.211003940678460157e-03 4.999541717045643489e-05
5.691827470643399981e-09 2.609986893978769858e-12 8.574418324612219909e-05 -1.654991631640237491e-10 -7.365496761135081361e-08 -9.990112932721668869e-06 -7.802754540777559004e-10 -1.082943448446601770e-07 3.494277949427441629e-10 1.227361120327305147e-10 1.604274355818350378e-11 -3.517565291240906257e-10 2.214355367786159137e-06 6.876172920695362792e-08 2.144725728040703880e-06 1.117017454341550533e-07 6.087824084803659023e-06 4.707405343933091844e-08 4.105274853434797730e-06 3.685117694789516769e-07 4.835592424773484446e-05 3.470174405267030044e-07 4.999541717045643489e-05 3.466372777828800561e-07
