2.096105189315353815e-10 6.854490348997061943e-14 3.178639212655629217e-06 -5.503254681084480753e-12 -1.884443190869076175e-09 -3.550301382981402923e-07 -2.512656024826439864e-11 -3.469467378354410122e-09 9.047732267326170293e-12 3.172220947595868748e-12 4.227893677911077860e-13 -8.134217788386468605e-12 7.744517952257735115e-08 2.312203687114963632e-09 7.517102882763588044e-08 3.731846651002827306e-09 2.162208192736150607e-07 1.535669843276220914e-09 1.395045184360358350e-07 1.243319536963802027e-08 1.562527414602700992e-06 1.172366592885403243e-08 1.612151744064842563e-06 1.171094803557043865e-08
6.854490348997061943e-14 1.240215227784972417e-11 1.039449351929145003e-09 -1.799623716016252394e-15 -6.162332754523799100e-13 2.405423965061594448e-08 7.333716044557881530e-13 2.944834709438702064e-10 1.637048819610816034e-09 5.739648791952157943e-10 7.649727191706315875e-11 -1.471762341711136187e-09 4.798718212333733593e-09 1.645475973957974886e-10 4.716063303081185914e-09 1.682079525518848367e-10 1.349190805762930743e-08 9.113769676107734895e-11 4.561948418121240771e-11 4.065789164722932086e-12 5.109633399140543330e-10 3.833765374649130307e-12 5.271910315922950243e-10 3.829606486191798380e-12
3.178639212655629217e-06 1.039449351929145003e-09 4.820253004022185400e-02 -8.345400421442218388e-08 -2.857664211100036940e-05 -5.383846648512329199e-03 -3.810314436557371319e-07 -5.261275034717853257e-05 1.372043574930137405e-07 4.810515209256891061e-08 6.411390372406563208e-09 -1.233513649749849774e-07 1.174417878067727985e-03 3.506340717630567914e-05 1.139931519711460560e-03 5.659157692087962054e-05 3.278881613043228144e-03 2.328766310823709833e-05 2.115520120493016680e-03 1.885431420868215299e-04 2.369509540348743726e-02 1.777834807175878763e-04 2.444763065511077610e-02 1.775906202159527726e-04
-5.503254681084480753e-12 -1.799623716016252394e-15 -8.345400421442218388e-08 1.444863993472796396e-13 4.947543391873775162e-11 9.321219329475677826e-09 6.596903149805276203e-13 9.108970615817513486e-11 -2.375452109915665773e-13 -8.328560929401500322e-14 -1.110019468278221082e-14 2.135611912823614844e-13 -2.033296872634103219e-09 -6.070616770145905360e-11 -1.973589787585121993e-09 -9.797844530380995323e-11 -5.676804771404919567e-09 -4.031851658954070768e-11 -3.662636512841463884e-09 -3.264296094086778401e-10 -4.102329512864578995e-08 -3.078011503113862651e-10 -4.232614882596929471e-08 -3.074672461890199197e-10
-1.884443190869076175e-09 -6.162332754523799100e-13 -2.857664211100036940e-05 4.947543391873775162e-11 1.694154550707704578e-08 3.191796734640394910e-06 2.258931340328162658e-10 3.119125027890327122e-08 -8.134103932761864554e-11 -2.851894167880518532e-11 -3.800966427495489671e-12 7.312834967720076745e-11 -6.962486454825746406e-07 -2.078720367379338613e-08 -6.758035464484578900e-07 -3.355009637934304053e-08 -1.943871186807866160e-06 -1.380599897107775332e-08 -1.254175237879285479e-06 -1.117770752337753657e-07 -1.404745069895437347e-05 -1.053982545149601754e-07 -1.449358382068230430e-05 -1.052839179462227636e-07
-3.550301382981402923e-07 2.405423965061594448e-08 -5.383846648512329199e-03 9.321219329475677826e-09 3.191796734640394910e-06 6.484430559579556748e-04 4.400372248687795819e-08 6.452573913697380419e-06 3.175091208497188619e-06 1.113217159805320257e-06 1.483680952056886595e-07 -2.854514542907300156e-06 -1.218707837788437446e-04 -3.597111640424138746e-06 -1.181785505808778788e-04 -5.995420443462610386e-06 -3.400699285307022231e-04 -2.424420552492886822e-06 -2.362866854407524365e-04 -2.105887663895504854e-05 -2.646521882520456656e-03 -1.985710337575644115e-05 -2.730572373125024054e-03 -1.983556229926990622e-05
-2.512656024826439864e-11 7.333716044557881530e-13 -3.810314436557371319e-07 6.596903149805276203e-13 2.258931340328162658e-10 4.400372248687795819e-08 3.056332226979942660e-12 4.335706348610444298e-10 9.680296453725563954e-11 3.394004055529200465e-11 4.523483202460869852e-12 -8.702914603508651390e-11 -8.998127884854672034e-09 -2.673760206053439182e-10 -8.730417367754853764e-09 -4.373612824050430289e-10 -2.511642695986295188e-08 -1.786652228056358759e-10 -1.672274612856807912e-08 -1.490400148833434822e-09 -1.873032224597689058e-07 -1.405347005376172489e-09 -1.932517712021200925e-07 -1.403822478148801741e-09
-3.469467378354410122e-09 2.944834709438702064e-10 -5.261275034717853257e-05 9.108970615817513486e-11 3.119125027890327122e-08 6.452573913697380419e-06 4.335706348610444298e-10 6.447289806258519810e-08 3.887097990350907519e-08 1.362853557479629644e-08 1.816392985122886708e-09 -3.494632862034274320e-08 -1.168091521982877270e-06 -3.436738401054750170e-08 -1.132402286371655170e-06 -5.778909056647089027e-08 -3.258972236218802722e-06 -2.325796888644045229e-08 -2.309075137127084975e-06 -2.057938913564630936e-07 -2.586292169772504707e-05 -1.940497800888980301e-07 -2.668430278137647255e-05 -1.938392738809123896e-07
9.047732267326170293e-12 1.637048819610816034e-09 1.372043574930137405e-07 -2.375452109915665773e-13 -8.134103932761864554e-11 3.175091208497188619e-06 9.680296453725563954e-11 3.887097990350907519e-08 2.160857887132452235e-07 7.576173040455332534e-08 1.009742221990460253e-08 -1.942684408361782838e-07 6.334171552661760999e-07 2.171981463409795887e-08 6.225069424023564838e-07 2.220297109940910460e-08 1.780893487295169546e-06 1.202991664368468605e-08 6.021642136867421857e-09 5.366726035504176668e-10 6.744570735048329756e-08 5.060461233109968957e-10 6.958771649047758094e-08 5.054971618656482028e-10
3.172220947595868748e-12 5.739648791952157943e-10 4.810515209256891061e-08 -8.328560929401500322e-14 -2.851894167880518532e-11 1.113217159805320257e-06 3.394004055529200465e-11 1.362853557479629644e-08 7.576173040455332534e-08 2.656278371637041707e-08 3.540252276529659563e-09 -6.811236356561723676e-08 2.220820741812452183e-07 7.615173610102181240e-09 2.182568498077699543e-07 7.784572862368932834e-09 6.243981827542781566e-07 4.217803199895127809e-09 2.111244978491280978e-09 1.881625168486569915e-10 2.364710614502965683e-08 1.774245817180830324e-10 2.439811491103364612e-08 1.772321106164896534e-10
4.227893677911077860e-13 7.649727191706315875e-11 6.411390372406563208e-09 -1.110019468278221082e-14 -3.800966427495489671e-12 1.483680952056886595e-07 4.523483202460869852e-12 1.816392985122886708e-09 1.009742221990460253e-08 3.540252276529659563e-09 4.718400892303628105e-10 -9.077924719273226658e-09 2.959880209470814247e-08 1.014940155338964739e-09 2.908898130407323812e-08 1.037517461162372196e-09 8.321895538675147952e-08 5.621431703852519690e-10 2.813839088100751080e-10 2.507804873985697425e-11 3.151654701191269348e-09 2.364691109835810231e-11 3.251748145783668403e-09 2.362125880720178134e-11
-8.134217788386468605e-12 -1.471762341711136187e-09 -1.233513649749849774e-07 2.135611912823614844e-13 7.312834967720076745e-11 -2.854514542907300156e-06 -8.702914603508651390e-11 -3.494632862034274320e-08 -1.942684408361782838e-07 -6.811236356561723676e-08 -9.077924719273226658e-09 1.746539116353105686e-07 -5.694634742747428333e-07 -1.952684931868838903e-08 -5.596548232950642821e-07 -1.996122335192105428e-08 -1.601083561495818559e-06 -1.081530268043006156e-08 -5.413660254163170839e-09 -4.824868497192874543e-10 -6.063597545625529274e-08 -4.549526065524971780e-10 -6.256171422667289499e-08 -4.544590716177671617e-10
7.744517952257735115e-08 4.798718212333733593e-09 1.174417878067727985e-03 -2.033296872634103219e-09 -6.962486454825746406e-07 -1.218707837788437446e-04 -8.998127884854672034e-09 -1.168091521982877270e-06 6.334171552661760999e-07 2.220820741812452183e-07 2.959880209470814247e-08 -5.694634742747428333e-07 3.045101977323905638e-05 9.173349056716433153e-07 2.957925881182107102e-05 1.443083055519939574e-06 8.505312018816498984e-05 6.022709375459907311e-07 5.154300772835647914e-05 4.593714858400205344e-06 5.773106535221513664e-04 4.331563723248307678e-06 5.956454838165487885e-04 4.326864820213457275e-06
2.312203687114963632e-09 1.645475973957974886e-10 3.506340717630567914e-05 -6.070616770145905360e-11 -2.078720367379338613e-08 -3.597111640424138746e-06 -2.673760206053439182e-10 -3.436738401054750170e-08 2.171981463409795887e-08 7.615173610102181240e-09 1.014940155338964739e-09 -1.952684931868838903e-08 9.173349056716433153e-07 2.766896055608091336e-08 8.911670770262267241e-07 4.337118722713204539e-08 2.562371552502307432e-06 1.813690073800212192e-08 1.538866908750795838e-06 1.371500062862300113e-07 1.723613229309485346e-05 1.293232208066417610e-07 1.778353429999487501e-05 1.291829303244415282e-07
7.517102882763588044e-08 4.716063303081185914e-09 1.139931519711460560e-03 -1.973589787585121993e-09 -6.758035464484578900e-07 -1.181785505808778788e-04 -8.730417367754853764e-09 -1.132402286371655170e-06 6.225069424023564838e-07 2.182568498077699543e-07 2.908898130407323812e-08 -5.596548232950642821e-07 2.957925881182107102e-05 8.911670770262267241e-07 2.873271203866766021e-05 1.401491826546537889e-06 8.261860987472824803e-05 5.850112110961496953e-07 5.002946623950645306e-05 4.458822001701613549e-06 5.603581670366075858e-04 4.204368843102221298e-06 5.781546033433061912e-04 4.199807921722511739e-06
3.731846651002827306e-09 1.682079525518848367e-10 5.659157692087962054e-05 -9.797844530380995323e-11 -3.355009637934304053e-08 -5.995420443462610386e-06 -4.373612824050430289e-10 -5.778909056647089027e-08 2.220297109940910460e-08 7.784572862368932834e-09 1.037517461162372196e-09 -1.996122335192105428e-08 1.443083055519939574e-06 4.337118722713204539e-08 1.401491826546537889e-06 6.868914881618294327e-08 4.030243172668718411e-06 2.856099162777887308e-08 2.483697662883318384e-06 2.213571425464161901e-07 2.781873647901233790e-05 2.087248803953492394e-07 2.870223109133062878e-05 2.084984545957270046e-07
2.162208192736150607e-07 1.349190805762930743e-08 3.278881613043228144e-03 -5.676804771404919567e-09 -1.943871186807866160e-06 -3.400699285307022231e-04 -2.511642695986295188e-08 -3.258972236218802722e-06 1.780893487295169546e-06 6.243981827542781566e-07 8.321895538675147952e-08 -1.601083561495818559e-06 8.505312018816498984e-05 2.562371552502307432e-06 8.261860987472824803e-05 4.030243172668718411e-06 2.375635973669367482e-04 1.682181785002039082e-06 1.439039837091342995e-04 1.282528919149543393e-05 1.611804908961577548e-03 1.209338394754101987e-05 1.662994267159709823e-03 1.208026498159292487e-05
1.535669843276220914e-09 9.113769676107734895e-11 2.328766310823709833e-05 -4.031851658954070768e-11 -1.380599897107775332e-08 -2.424420552492886822e-06 -1.786652228056358759e-10 -2.325796888644045229e-08 1.202991664368468605e-08 4.217803199895127809e-09 5.621431703852519690e-10 -1.081530268043006156e-08 6.022709375459907311e-07 1.813690073800212192e-08 5.850112110961496953e-07 2.856099162777887308e-08 1.682181785002039082e-06 1.191315079790695078e-08 1.022051722166504995e-06 9.108934654609771893e-08 1.144752914507237244e-05 8.589112005225503399e-08 1.181109108685338267e-05 8.579794492998286433e-08
1.395045184360358350e-07 4.561948418121240771e-11 2.115520120493016680e-03 -3.662636512841463884e-09 -1.254175237879285479e-06 -2.362866854407524365e-04 -1.672274612856807912e-08 -2.309075137127084975e-06 6.021642136867421857e-09 2.111244978491280978e-09 2.813839088100751080e-10 -5.413660254163170839e-09 5.154300772835647914e-05 1.538866908750795838e-06 5.002946623950645306e-05 2.483697662883318384e-06 1.439039837091342995e-04 1.022051722166504995e-06 9.284631649095559315e-05 8.274802888746429416e-06 1.039937560372535376e-03 7.802581500355260726e-06 1.072965126494875932e-03 7.794117214971290589e-06
1.243319536963802027e-08 4.065789164722932086e-12 1.885431420868215299e-04 -3.264296094086778401e-10 -1.117770752337753657e-07 -2.105887663895504854e-05 -1.490400148833434822e-09 -2.057938913564630936e-07 5.366726035504176668e-10 1.881625168486569915e-10 2.507804873985697425e-11 -4.824868497192874543e-10 4.593714858400205344e-06 1.371500062862300113e-07 4.458822001701613549e-06 2.213571425464161901e-07 1.282528919149543393e-05 9.108934654609771893e-08 8.274802888746429416e-06 7.374838573124506802e-07 9.268217625188993221e-05 6.953976202325161446e-07 9.562566684032606102e-05 6.946432494118864583e-07
1.562527414602700992e-06 5.109633399140543330e-10 2.369509540348743726e-02 -4.102329512864578995e-08 -1.404745069895437347e-05 -2.646521882520456656e-03 -1.873032224597689058e-07 -2.586292169772504707e-05 6.744570735048329756e-08 2.364710614502965683e-08 3.151654701191269348e-09 -6.063597545625529274e-08 5.773106535221513664e-04 1.723613229309485346e-05 5.603581670366075858e-04 2.781873647901233790e-05 1.611804908961577548e-03 1.144752914507237244e-05 1.039937560372535376e-03 9.268217625188993221e-05 1.164818974198946096e-02 8.739303566249256654e-05 1.201813195376875282e-02 8.729823105252610066e-05
1.172366592885403243e-08 3.833765374649130307e-12 1.777834807175878763e-04 -3.078011503113862651e-10 -1.053982545149601754e-07 -1.985710337575644115e-05 -1.405347005376172489e-09 -1.940497800888980301e-07 5.060461233109968957e-10 1.774245817180830324e-10 2.364691109835810231e-11 -4.549526065524971780e-10 4.331563723248307678e-06 1.293232208066417610e-07 4.204368843102221298e-06 2.087248803953492394e-07 1.209338394754101987e-05 8.589112005225503399e-08 7.802581500355260726e-06 6.953976202325161446e-07 8.739303566249256654e-05 6.557131329831665132e-07 9.016854833909442133e-05 6.550018120996829507e-07
1.612151744064842563e-06 5.271910315922950243e-10 2.444763065511077610e-02 -4.232614882596929471e-08 -1.449358382068230430e-05 -2.730572373125024054e-03 -1.932517712021200925e-07 -2.668430278137647255e-05 6.958771649047758094e-08 2.439811491103364612e-08 3.251748145783668403e-09 -6.256171422667289499e-08 5.956454838165487885e-04 1.778353429999487501e-05 5.781546033433061912e-04 2.870223109133062878e-05 1.662994267159709823e-03 1.181109108685338267e-05 1.072965126494875932e-03 9.562566684032606102e-05 1.201813195376875282e-02 9.016854833909442133e-05 1.239982351281332211e-02 9.007073282928654886e-05
1.171094803557043865e-08 3.829606486191798380e-12 1.775906202159527726e-04 -3.074672461890199197e-10 -1.052839179462227636e-07 -1.983556229926990622e-05 -1.403822478148801741e-09 -1.938392738809123896e-07 5.054971618656482028e-10 1.772321106164896534e-10 2.362125880720178134e-11 -4.544590716177671617e-10 4.326864820213457275e-06 1.291829303244415282e-07 4.199807921722511739e-06 2.084984545957270046e-07 1.208026498159292487e-05 8.579794492998286433e-08 7.794117214971290589e-06 6.946432494118864583e-07 8.729823105252610066e-05 6.550018120996829507e-07 9.007073282928654886e-05 6.542912628607350714e-07
