par.Ct_1S0 = -0.107684493704953
par.Ct_3S1 = -0.718085864415801E-01
par.Ct_1S0 = -0.102444574164708
par.Ct_3S1 = -0.448597351321199E-01
par.Ct_1S0 = -0.102443656014029
par.Ct_3S1 = -0.448596414302036E-01
