1.875090143247963902e-10 5.115226316599181951e-14 4.048482858369175647e-06 -6.638908276602016046e-12 -3.989946080870926236e-09 -3.978394995208632737e-07 -3.331257416119921817e-11 -9.278592308038429335e-09 6.754748622149170976e-12 2.376954218892605146e-12 3.006904941494263392e-13 -8.058319069837096277e-12 7.747061855742157960e-08 2.602679398842052780e-09 7.470702278392548107e-08 4.340285087310899891e-09 2.013006737882543023e-07 1.782610626226005230e-09 1.567757634136410366e-07 1.425064647947985543e-08 2.025936624137995885e-06 1.338996360852006728e-08 2.103450135898098782e-06 1.337502786476904392e-08
5.115226316599181951e-14 1.153637880203151830e-11 1.104421893208795662e-09 -1.811087240378710145e-15 -1.088453121476611315e-12 2.295982476952950399e-08 6.448176424081295015e-13 -5.304083322315217792e-10 1.523399630720960218e-09 5.360748980987994995e-10 6.781477940518734899e-11 -1.817394100347084914e-09 4.488620581239601962e-09 1.803384719138487945e-10 4.394730582777609921e-09 1.877700948126976405e-10 1.269123395927022495e-08 1.133898241360471295e-10 4.276826443283873213e-11 3.887561468064689230e-12 5.526733940162551305e-10 3.652768080257015616e-12 5.738189990249027242e-10 3.648693624969183027e-12
4.048482858369175647e-06 1.104421893208795662e-09 8.741039729077959564e-02 -1.433395308143913952e-07 -8.614640088834561629e-05 -8.589679581132405456e-03 -7.192465089130017495e-07 -2.003328776237702391e-04 1.458409032289027736e-07 5.132051087486083441e-08 6.492169539322077457e-09 -1.739861240106027682e-07 1.672658721531041772e-03 5.619409290455880634e-05 1.612990289441754545e-03 9.371049365889195842e-05 4.346257932273701885e-03 3.848810717305265378e-05 3.384933517620215045e-03 3.076836981075864973e-04 4.374215241850607644e-02 2.891008031380490470e-04 4.541576089441444475e-02 2.887783274382979440e-04
-6.638908276602016046e-12 -1.811087240378710145e-15 -1.433395308143913952e-07 2.350565222818381836e-13 1.412672858952046086e-10 1.408587612511776422e-08 1.179460733297702492e-12 3.285160808534243964e-10 -2.391573369855877070e-13 -8.415798620164520506e-14 -1.064619009219442361e-14 2.853113028481553293e-13 -2.742908537039039688e-09 -9.215001469730490192e-11 -2.645061179694390934e-09 -1.536713900180103186e-10 -7.127210651054632989e-09 -6.311478838314328756e-11 -5.550754600763500842e-09 -5.045560224274600618e-10 -7.172901647545906024e-08 -4.740828548630208353e-10 -7.447339218116289104e-08 -4.735540427554725089e-10
-3.989946080870926236e-09 -1.088453121476611315e-12 -8.614640088834561629e-05 1.412672858952046086e-10 8.490082405794522995e-08 8.465504587431190914e-06 7.088479840624876658e-10 1.974362845852659843e-07 -1.437321980974597315e-10 -5.057847061023921382e-11 -6.398299639155167103e-12 1.714704688039676391e-10 -1.648473190626205021e-06 -5.538160801568370174e-08 -1.589667494019719809e-06 -9.235558105840957760e-08 -4.283414443465466120e-06 -3.793161842843043844e-08 -3.335982227141909700e-06 -3.032350916079795909e-07 -4.310924847733307294e-05 -2.849208882669680344e-07 -4.475863280506647921e-05 -2.846030752136138526e-07
-3.978394995208632737e-07 2.295982476952950399e-08 -8.589679581132405456e-03 1.408587612511776422e-08 8.465504587431190914e-06 8.902311171714456231e-04 7.198730316853159976e-08 1.863091685739586874e-05 3.031886282139344688e-06 1.066902006889607128e-06 1.349657008499502505e-07 -3.616997218928527386e-06 -1.554366989082555501e-04 -5.162942118599317997e-06 -1.497593895983352153e-04 -8.835725714381417089e-06 -4.018333463879017464e-04 -3.556417503642892098e-06 -3.326310955821214351e-04 -3.023574794620965771e-05 -4.298376992889480289e-03 -2.840963006740044645e-05 -4.462833990084253549e-03 -2.837794076878837114e-05
-3.331257416119921817e-11 6.448176424081295015e-13 -7.192465089130017495e-07 1.179460733297702492e-12 7.088479840624876658e-10 7.198730316853159976e-08 5.955334713274254911e-12 1.618499866167394687e-09 8.514933181233140831e-11 2.996352350145576108e-11 3.790458622144915434e-12 -1.015819440935299427e-10 -1.351008434573454007e-08 -4.522066138321616466e-10 -1.302438710723850766e-08 -7.605128398610653264e-10 -3.504651845120975391e-08 -3.102964199329032756e-10 -2.785248742657044753e-08 -2.531750029750555827e-09 -3.599217483157736686e-07 -2.378842402785474017e-09 -3.736925004381525372e-07 -2.376188940561798401e-09
-9.278592308038429335e-09 -5.304083322315217792e-10 -2.003328776237702391e-04 3.285160808534243964e-10 1.974362845852659843e-07 1.863091685739586874e-05 1.618499866167394687e-09 4.832911548735263237e-07 -7.004137772653196500e-08 -2.464712661982674134e-08 -3.117921528834658766e-09 8.355836657361234347e-08 -4.037934949039188356e-06 -1.370089280359141272e-07 -3.896921014249356450e-06 -2.233100114875566835e-07 -1.053925957303739294e-05 -9.337592050661756860e-08 -7.757804610632885301e-06 -7.051711151695171029e-07 -1.002503009853793447e-04 -6.625815603912495365e-07 -1.040859352027518182e-04 -6.618424883114186791e-07
6.754748622149170976e-12 1.523399630720960218e-09 1.458409032289027736e-07 -2.391573369855877070e-13 -1.437321980974597315e-10 3.031886282139344688e-06 8.514933181233140831e-11 -7.004137772653196500e-08 2.011676709043381267e-07 7.078965652261327693e-08 8.955063902361387539e-09 -2.399901682057580085e-07 5.927304478477123417e-07 2.381402040753349176e-08 5.803321041910481405e-07 2.479537961521575567e-08 1.675900345268315261e-06 1.497333075812469026e-08 5.647626467099951155e-09 5.133595044180657634e-10 7.298151867833080783e-08 4.823546140253412287e-10 7.577383396661777720e-08 4.818165748548725480e-10
2.376954218892605146e-12 5.360748980987994995e-10 5.132051087486083441e-08 -8.415798620164520506e-14 -5.057847061023921382e-11 1.066902006889607128e-06 2.996352350145576108e-11 -2.464712661982674134e-08 7.078965652261327693e-08 2.491044246898781083e-08 3.151231580179946620e-09 -8.445105517441691570e-08 2.085781721092053029e-07 8.380006430828503600e-09 2.042152717362150275e-07 8.725340661380578117e-09 5.897389489985597110e-07 5.269022434685474353e-09 1.987364786216100429e-09 1.806480312175615795e-10 2.568174451944598146e-08 1.697376022518215912e-10 2.666434297837016986e-08 1.695482695989394848e-10
3.006904941494263392e-13 6.781477940518734899e-11 6.492169539322077457e-09 -1.064619009219442361e-14 -6.398299639155167103e-12 1.349657008499502505e-07 3.790458622144915434e-12 -3.117921528834658766e-09 8.955063902361387539e-09 3.151231580179946620e-09 3.986384635191587964e-10 -1.068326399939397461e-08 2.638564654801348389e-08 1.060091206814938176e-09 2.583372903173513614e-08 1.103776827465665045e-09 7.460341270222782960e-08 6.665441609203053074e-10 2.514064826982373068e-10 2.285241564204828449e-11 3.248803192343511174e-09 2.147221982210340642e-11 3.373104289126004426e-09 2.144826878068193670e-11
-8.058319069837096277e-12 -1.817394100347084914e-09 -1.739861240106027682e-07 2.853113028481553293e-13 1.714704688039676391e-10 -3.616997218928527386e-06 -1.015819440935299427e-10 8.355836657361234347e-08 -2.399901682057580085e-07 -8.445105517441691570e-08 -1.068326399939397461e-08 2.863048605006711862e-07 -7.071189910828949200e-07 -2.840978797243341154e-08 -6.923279433683233392e-07 -2.958053555762495618e-08 -1.999325270325702424e-06 -1.786297081397011092e-08 -6.737538077400134947e-09 -6.124305900668986100e-10 -8.706591405518476490e-08 -5.754421966444743353e-10 -9.039710648793245522e-08 -5.748003235637338568e-10
7.747061855742157960e-08 4.488620581239601962e-09 1.672658721531041772e-03 -2.742908537039039688e-09 -1.648473190626205021e-06 -1.554366989082555501e-04 -1.351008434573454007e-08 -4.037934949039188356e-06 5.927304478477123417e-07 2.085781721092053029e-07 2.638564654801348389e-08 -7.071189910828949200e-07 3.373755921264760262e-05 1.144876083536146019e-06 3.255969375573253321e-05 1.865473892067845563e-06 8.806218870422655924e-05 7.802197844630608868e-07 6.477300837485702604e-05 5.887750251783422296e-06 8.370314631100712497e-04 5.532153285291977340e-06 8.690568135474851250e-04 5.525982481708628175e-06
2.602679398842052780e-09 1.803384719138487945e-10 5.619409290455880634e-05 -9.215001469730490192e-11 -5.538160801568370174e-08 -5.162942118599317997e-06 -4.522066138321616466e-10 -1.370089280359141272e-07 2.381402040753349176e-08 8.380006430828503600e-09 1.060091206814938176e-09 -2.840978797243341154e-08 1.144876083536146019e-06 3.892287552191891862e-08 1.105066385443401787e-06 6.314968304377169268e-08 2.990866870152273146e-06 2.650113203987719538e-08 2.176091608580729027e-06 1.978031257396813063e-07 2.812051794757752606e-05 1.858565987541864288e-07 2.919642392034301197e-05 1.856492863056142276e-07
7.470702278392548107e-08 4.394730582777609921e-09 1.612990289441754545e-03 -2.645061179694390934e-09 -1.589667494019719809e-06 -1.497593895983352153e-04 -1.302438710723850766e-08 -3.896921014249356450e-06 5.803321041910481405e-07 2.042152717362150275e-07 2.583372903173513614e-08 -6.923279433683233392e-07 3.255969375573253321e-05 1.105066385443401787e-06 3.142331138154212650e-05 1.799998375021347195e-06 8.499330873591339874e-05 7.530353330179372823e-07 6.246237408913369281e-05 5.677717533555601779e-06 8.071722805798558879e-04 5.334805714650320048e-06 8.380552017800516366e-04 5.328855041062069507e-06
4.340285087310899891e-09 1.877700948126976405e-10 9.371049365889195842e-05 -1.536713900180103186e-10 -9.235558105840957760e-08 -8.835725714381417089e-06 -7.605128398610653264e-10 -2.233100114875566835e-07 2.479537961521575567e-08 8.725340661380578117e-09 1.103776827465665045e-09 -2.958053555762495618e-08 1.865473892067845563e-06 6.314968304377169268e-08 1.799998375021347195e-06 1.034827075844425661e-07 4.863897714991017640e-06 4.308829476492808112e-08 3.628897656166257814e-06 3.298608245592704325e-07 4.689437554718323082e-05 3.099385349733996855e-07 4.868857899354351768e-05 3.095928161997629855e-07
2.013006737882543023e-07 1.269123395927022495e-08 4.346257932273701885e-03 -7.127210651054632989e-09 -4.283414443465466120e-06 -4.018333463879017464e-04 -3.504651845120975391e-08 -1.053925957303739294e-05 1.675900345268315261e-06 5.897389489985597110e-07 7.460341270222782960e-08 -1.999325270325702424e-06 8.806218870422655924e-05 2.990866870152273146e-06 8.499330873591339874e-05 4.863897714991017640e-06 2.299478988596482653e-04 2.037393600684680704e-06 1.683070053516213540e-04 1.529880828424444518e-05 2.174951991336636532e-03 1.437482046078603820e-05 2.258166991726219628e-03 1.435878616358666217e-05
1.782610626226005230e-09 1.133898241360471295e-10 3.848810717305265378e-05 -6.311478838314328756e-11 -3.793161842843043844e-08 -3.556417503642892098e-06 -3.102964199329032756e-10 -9.337592050661756860e-08 1.497333075812469026e-08 5.269022434685474353e-09 6.665441609203053074e-10 -1.786297081397011092e-08 7.802197844630608868e-07 2.650113203987719538e-08 7.530353330179372823e-07 4.308829476492808112e-08 2.037393600684680704e-06 1.805188133541724207e-08 1.490435240534642632e-06 1.354780510624295743e-07 1.926014702905530772e-05 1.272957116305204346e-07 1.999705091043717695e-05 1.271537205068355759e-07
1.567757634136410366e-07 4.276826443283873213e-11 3.384933517620215045e-03 -5.550754600763500842e-09 -3.335982227141909700e-06 -3.326310955821214351e-04 -2.785248742657044753e-08 -7.757804610632885301e-06 5.647626467099951155e-09 1.987364786216100429e-09 2.514064826982373068e-10 -6.737538077400134947e-09 6.477300837485702604e-05 2.176091608580729027e-06 6.246237408913369281e-05 3.628897656166257814e-06 1.683070053516213540e-04 1.490435240534642632e-06 1.310803169587080035e-04 1.191491499500264563e-05 1.693907020895376713e-03 1.119530028683054436e-05 1.758717427366165379e-03 1.118281255385061929e-05
1.425064647947985543e-08 3.887561468064689230e-12 3.076836981075864973e-04 -5.045560224274600618e-10 -3.032350916079795909e-07 -3.023574794620965771e-05 -2.531750029750555827e-09 -7.051711151695171029e-07 5.133595044180657634e-10 1.806480312175615795e-10 2.285241564204828449e-11 -6.124305900668986100e-10 5.887750251783422296e-06 1.978031257396813063e-07 5.677717533555601779e-06 3.298608245592704325e-07 1.529880828424444518e-05 1.354780510624295743e-07 1.191491499500264563e-05 1.083046412352442635e-06 1.539702266513829829e-04 1.017634694619205087e-06 1.598612061684639670e-04 1.016499581156033625e-06
2.025936624137995885e-06 5.526733940162551305e-10 4.374215241850607644e-02 -7.172901647545906024e-08 -4.310924847733307294e-05 -4.298376992889480289e-03 -3.599217483157736686e-07 -1.002503009853793447e-04 7.298151867833080783e-08 2.568174451944598146e-08 3.248803192343511174e-09 -8.706591405518476490e-08 8.370314631100712497e-04 2.812051794757752606e-05 8.071722805798558879e-04 4.689437554718323082e-05 2.174951991336636532e-03 1.926014702905530772e-05 1.693907020895376713e-03 1.539702266513829829e-04 2.189054286838340233e-02 1.446709911620018747e-04 2.272811488227002852e-02 1.445096183126543541e-04
1.338996360852006728e-08 3.652768080257015616e-12 2.891008031380490470e-04 -4.740828548630208353e-10 -2.849208882669680344e-07 -2.840963006740044645e-05 -2.378842402785474017e-09 -6.625815603912495365e-07 4.823546140253412287e-10 1.697376022518215912e-10 2.147221982210340642e-11 -5.754421966444743353e-10 5.532153285291977340e-06 1.858565987541864288e-07 5.334805714650320048e-06 3.099385349733996855e-07 1.437482046078603820e-05 1.272957116305204346e-07 1.119530028683054436e-05 1.017634694619205087e-06 1.446709911620018747e-04 9.561735870271430189e-07 1.502061763660194498e-04 9.551070299414855416e-07
2.103450135898098782e-06 5.738189990249027242e-10 4.541576089441444475e-02 -7.447339218116289104e-08 -4.475863280506647921e-05 -4.462833990084253549e-03 -3.736925004381525372e-07 -1.040859352027518182e-04 7.577383396661777720e-08 2.666434297837016986e-08 3.373104289126004426e-09 -9.039710648793245522e-08 8.690568135474851250e-04 2.919642392034301197e-05 8.380552017800516366e-04 4.868857899354351768e-05 2.258166991726219628e-03 1.999705091043717695e-05 1.758717427366165379e-03 1.598612061684639670e-04 2.272811488227002852e-02 1.502061763660194498e-04 2.359773446733693519e-02 1.500386292984182146e-04
1.337502786476904392e-08 3.648693624969183027e-12 2.887783274382979440e-04 -4.735540427554725089e-10 -2.846030752136138526e-07 -2.837794076878837114e-05 -2.376188940561798401e-09 -6.618424883114186791e-07 4.818165748548725480e-10 1.695482695989394848e-10 2.144826878068193670e-11 -5.748003235637338568e-10 5.525982481708628175e-06 1.856492863056142276e-07 5.328855041062069507e-06 3.095928161997629855e-07 1.435878616358666217e-05 1.271537205068355759e-07 1.118281255385061929e-05 1.016499581156033625e-06 1.445096183126543541e-04 9.551070299414855416e-07 1.500386292984182146e-04 9.540416625396542518e-07
