par.Ct_1S0 = -0.107684493704953
par.Ct_3S1 = -0.718085864415801E-01
par.Ct_1S0 = -0.109802483577789
par.Ct_3S1 = -0.809353762152876E-01
par.Ct_1S0 = -0.109802101333652
par.Ct_3S1 = -0.809353882639830E-01
