par.Ct_1S0 = -0.107684493704953
par.Ct_3S1 = -0.718085864415801E-01
par.Ct_1S0 = -0.102444574164708
par.Ct_3S1 = -0.448597351321199E-01
par.Ct_1S0 = -0.100991339008102
par.Ct_3S1 = -0.356376675975329E-01
par.Ct_1S0 = -0.100990644011874
par.Ct_3S1 = -0.356375515045085E-01
