8.864502688120296096e-11 3.864867992887320442e-14 1.502787065588393997e-06 -2.847117199992222249e-12 -1.514447021601717216e-09 -1.668324146277988647e-07 -1.385075042977224282e-11 -2.576280762095938561e-09 5.173783767619203862e-12 1.819416602080859661e-12 2.337190570320617049e-13 -5.717568210263926048e-12 3.575790065791913989e-08 1.156022368786838629e-09 3.455750278206005176e-08 1.898945514703521015e-09 9.587992231173298358e-08 7.996110578559996124e-10 6.897825808638254434e-08 6.232463365687619734e-09 8.521030504605116034e-07 5.862081359801277246e-09 8.828405815542834047e-07 5.855599627543421366e-09
3.864867992887320442e-14 8.093957430059279473e-12 6.552058061532649102e-10 -1.241325376661624309e-15 -6.602894743949995815e-13 1.543724532723789452e-08 4.660639533921067326e-13 -1.072225989741102422e-10 1.083513994385019779e-09 3.810293275704882260e-10 4.894635733206158872e-11 -1.197395455226500394e-09 3.212688929740036973e-09 1.224064100206334025e-10 3.149013183298911847e-09 1.267730825749596220e-10 9.118478449755700946e-09 7.506912146881691212e-11 3.007409115465126627e-11 2.717315232040006610e-12 3.715116258896203341e-10 2.555830983001432957e-12 3.849129981136822272e-10 2.553004988084038967e-12
1.502787065588393997e-06 6.552058061532649102e-10 2.547656026390716921e-02 -4.826675074660756073e-08 -2.567421312635354238e-05 -2.828284275940436219e-03 -2.348097555448249664e-07 -4.367533865862400274e-05 8.771045145273355570e-08 3.084432181247546003e-08 3.962207336684043287e-09 -9.692915502214026371e-08 6.061989102158506747e-04 1.959788647675128400e-05 5.858487297690776656e-04 3.219255850029398535e-05 1.625439433749138393e-03 1.355569589806873145e-05 1.169380200761974782e-03 1.056580779112548102e-04 1.444564294216644368e-02 9.937904192394457958e-05 1.496673519286142659e-02 9.926915800323311118e-05
-2.847117199992222249e-12 -1.241325376661624309e-15 -4.826675074660756073e-08 9.144432891708008779e-14 4.864128898003393489e-11 5.358361283793114875e-09 4.448612595708341060e-13 8.274545255293179834e-11 -1.661725340997546027e-13 -5.843635548199350323e-14 -7.506631456984340950e-15 1.836379024015912393e-13 -1.148478572492738128e-09 -3.712934616181110932e-11 -1.109923970740474231e-09 -6.099069487230478917e-11 -3.079488470489444516e-09 -2.568205790729261262e-11 -2.215453374029297013e-09 -2.001754601335159111e-10 -2.736786284415032834e-08 -1.882794638000451352e-10 -2.835508887152013678e-08 -1.880712823286563896e-10
-1.514447021601717216e-09 -6.602894743949995815e-13 -2.567421312635354238e-05 4.864128898003393489e-11 2.587341745856591287e-08 2.850231734482791379e-06 2.366317564736863158e-10 4.401420874509947347e-08 -8.839098698389302185e-11 -3.108363944416031480e-11 -3.992949658521737925e-12 9.768121745252826039e-11 -6.109022421037953422e-07 -1.974994776354965904e-08 -5.903941655855799249e-07 -3.244234349282817426e-08 -1.638050852810974385e-06 -1.366087455959011489e-08 -1.178452023561266848e-06 -1.064778932535987043e-07 -1.455766532604459139e-05 -1.001501392456773881e-07 -1.508279739482599636e-05 -1.000394027444267798e-07
-1.668324146277988647e-07 1.543724532723789452e-08 -2.828284275940436219e-03 5.358361283793114875e-09 2.850231734482791379e-06 3.437047498947033144e-04 2.697218811263802637e-08 4.645319454401043703e-06 2.066538095053968968e-06 7.267203029577462105e-07 9.335321217921911240e-08 -2.283739139872649381e-06 -6.117092209005159723e-05 -1.942071949333934059e-06 -5.903275507561219030e-05 -3.332527636074050318e-06 -1.630555137388049183e-04 -1.361707715919712138e-06 -1.298187878072824049e-04 -1.172967452721038534e-05 -1.603671392887045469e-03 -1.103260530929293081e-05 -1.661519717409358022e-03 -1.102040650766913270e-05
-1.385075042977224282e-11 4.660639533921067326e-13 -2.348097555448249664e-07 4.448612595708341060e-13 2.366317564736863158e-10 2.697218811263802637e-08 2.191712126958319579e-12 3.963542803476568468e-10 6.239059398264728647e-11 2.194032255400008168e-11 2.818415234107051841e-12 -6.894808472685127896e-11 -5.400676966770891153e-09 -1.735177505410592965e-10 -5.216798810611185443e-09 -2.893634158122810574e-10 -1.445177492387292417e-08 -1.205806316078885645e-10 -1.077781585250228322e-08 -9.738201396454716890e-10 -1.331403065210286912e-07 -9.159480999616595998e-10 -1.379430084514759549e-07 -9.149353318298724350e-10
-2.576280762095938561e-09 -1.072225989741102422e-10 -4.367533865862400274e-05 8.274545255293179834e-11 4.401420874509947347e-08 4.645319454401043703e-06 3.963542803476568468e-10 7.626497014360284114e-08 -1.435357053546886882e-08 -5.047586915433442174e-09 -6.484041479821399767e-10 1.586218509773417476e-08 -1.081137126051344287e-06 -3.519530839646872382e-08 -1.045422260963923540e-06 -5.683979709344472394e-08 -2.905529287135326648e-06 -2.421848197357862403e-08 -2.004707740124040951e-06 -1.811334011866710633e-07 -2.476458464534206930e-05 -1.703690292530197075e-07 -2.565790652014096783e-05 -1.701806513747071115e-07
5.173783767619203862e-12 1.083513994385019779e-09 8.771045145273355570e-08 -1.661725340997546027e-13 -8.839098698389302185e-11 2.066538095053968968e-06 6.239059398264728647e-11 -1.435357053546886882e-08 1.450467948118260846e-07 5.100726178090976547e-08 6.552303172234161961e-09 -1.602917656618430219e-07 4.300731078935578004e-07 1.638618178148603063e-08 4.215490252160661104e-07 1.697073524025745951e-08 1.220663577877469096e-06 1.004927986169093094e-08 4.025929086058573564e-09 3.637589036536265260e-10 4.973315580414891238e-08 3.421414877950544228e-10 5.152715762413678555e-08 3.417631802653319509e-10
1.819416602080859661e-12 3.810293275704882260e-10 3.084432181247546003e-08 -5.843635548199350323e-14 -3.108363944416031480e-11 7.267203029577462105e-07 2.194032255400008168e-11 -5.047586915433442174e-09 5.100726178090976547e-08 1.793725149936988641e-08 2.304187769697290643e-09 -5.636832062533536941e-08 1.512398239321120495e-07 5.762376777850513520e-09 1.482422387479547106e-07 5.967941277872816428e-09 4.292594479853427597e-07 3.533937168151645800e-09 1.415761180701690038e-09 1.279197234052617456e-10 1.748919809819165472e-08 1.203177270573032124e-10 1.812007809545313661e-08 1.201846911533708070e-10
2.337190570320617049e-13 4.894635733206158872e-11 3.962207336684043287e-09 -7.506631456984340950e-15 -3.992949658521737925e-12 9.335321217921911240e-08 2.818415234107051841e-12 -6.484041479821399767e-10 6.552303172234161961e-09 2.304187769697290643e-09 2.959919078896693251e-10 -7.240975316985677114e-09 1.942800185728925627e-08 7.402247850836962737e-10 1.904293733636238862e-08 7.666312392027338686e-10 5.514191389503482097e-08 4.539633527212939702e-10 1.818661914984462347e-10 1.643234270545753430e-11 2.246631631618225993e-09 1.545580362365391634e-11 2.327673366632547733e-09 1.543871406539505548e-11
-5.717568210263926048e-12 -1.197395455226500394e-09 -9.692915502214026371e-08 1.836379024015912393e-13 9.768121745252826039e-11 -2.283739139872649381e-06 -6.894808472685127896e-11 1.586218509773417476e-08 -1.602917656618430219e-07 -5.636832062533536941e-08 -7.240975316985677114e-09 1.771390438171966412e-07 -4.752754320369056006e-07 -1.810843220689109069e-08 -4.658554356886478723e-07 -1.875442447014866143e-08 -1.348959977583118339e-06 -1.110549763098820636e-08 -4.449069614763556485e-09 -4.019913543464847806e-10 -5.496030045729736531e-08 -3.781018654827907910e-10 -5.694285872064435224e-08 -3.776837963862048139e-10
3.575790065791913989e-08 3.212688929740036973e-09 6.061989102158506747e-04 -1.148478572492738128e-09 -6.109022421037953422e-07 -6.117092209005159723e-05 -5.400676966770891153e-09 -1.081137126051344287e-06 4.300731078935578004e-07 1.512398239321120495e-07 1.942800185728925627e-08 -4.752754320369056006e-07 1.568698222244693016e-05 5.144711267856050413e-07 1.517781695319887546e-05 8.157505957987942323e-07 4.226161386928761066e-05 3.520640559876495580e-07 2.782466646107736540e-05 2.514069894214827088e-06 3.437242436042392698e-04 2.364664072046515344e-06 3.561232601159700149e-04 2.362049451185913487e-06
1.156022368786838629e-09 1.224064100206334025e-10 1.959788647675128400e-05 -3.712934616181110932e-11 -1.974994776354965904e-08 -1.942071949333934059e-06 -1.735177505410592965e-10 -3.519530839646872382e-08 1.638618178148603063e-08 5.762376777850513520e-09 7.402247850836962737e-10 -1.810843220689109069e-08 5.144711267856050413e-07 1.691168721321013299e-08 4.978655684518135819e-07 2.666105799060182694e-08 1.387076116631879375e-06 1.155311262108516348e-08 8.995472210769442702e-07 8.127774073429829303e-08 1.111228906506986405e-05 7.644757830467067230e-08 1.151313746643664390e-05 7.636304984545612860e-08
3.455750278206005176e-08 3.149013183298911847e-09 5.858487297690776656e-04 -1.109923970740474231e-09 -5.903941655855799249e-07 -5.903275507561219030e-05 -5.216798810611185443e-09 -1.045422260963923540e-06 4.215490252160661104e-07 1.482422387479547106e-07 1.904293733636238862e-08 -4.658554356886478723e-07 1.517781695319887546e-05 4.978655684518135819e-07 1.468539976599381437e-05 7.890531058501680563e-07 4.089242365660331643e-05 3.406530200792259756e-07 2.689058872136984650e-05 2.429672199081118076e-06 3.321853863909185337e-04 2.285281951804546433e-06 3.441681669640591170e-04 2.282755104143759029e-06
1.898945514703521015e-09 1.267730825749596220e-10 3.219255850029398535e-05 -6.099069487230478917e-11 -3.244234349282817426e-08 -3.332527636074050318e-06 -2.893634158122810574e-10 -5.683979709344472394e-08 1.697073524025745951e-08 5.967941277872816428e-09 7.666312392027338686e-10 -1.875442447014866143e-08 8.157505957987942323e-07 2.666105799060182694e-08 7.890531058501680563e-07 4.263879676154763929e-08 2.195167623650630718e-06 1.829187694806535914e-08 1.477645364243279580e-06 1.335112596046047030e-07 1.825365054411281080e-05 1.255769708640197799e-07 1.891210588394540821e-05 1.254381197976301174e-07
9.587992231173298358e-08 9.118478449755700946e-09 1.625439433749138393e-03 -3.079488470489444516e-09 -1.638050852810974385e-06 -1.630555137388049183e-04 -1.445177492387292417e-08 -2.905529287135326648e-06 1.220663577877469096e-06 4.292594479853427597e-07 5.514191389503482097e-08 -1.348959977583118339e-06 4.226161386928761066e-05 1.387076116631879375e-06 4.089242365660331643e-05 2.195167623650630718e-06 1.138840365959536532e-04 9.486652515927948060e-07 7.460803384073460491e-05 6.741134847563337492e-06 9.216493113819888491e-04 6.340523561381382436e-06 9.548955649399161211e-04 6.333512812961437349e-06
7.996110578559996124e-10 7.506912146881691212e-11 1.355569589806873145e-05 -2.568205790729261262e-11 -1.366087455959011489e-08 -1.361707715919712138e-06 -1.205806316078885645e-10 -2.421848197357862403e-08 1.004927986169093094e-08 3.533937168151645800e-09 4.539633527212939702e-10 -1.110549763098820636e-08 3.520640559876495580e-07 1.155311262108516348e-08 3.406530200792259756e-07 1.829187694806535914e-08 9.486652515927948060e-07 7.902582915332342641e-09 6.222093925545637226e-07 5.621913601281090253e-08 7.686280814497407039e-06 5.287815281748503758e-08 7.963544478409268377e-06 5.281968518544057374e-08
6.897825808638254434e-08 3.007409115465126627e-11 1.169380200761974782e-03 -2.215453374029297013e-09 -1.178452023561266848e-06 -1.298187878072824049e-04 -1.077781585250228322e-08 -2.004707740124040951e-06 4.025929086058573564e-09 1.415761180701690038e-09 1.818661914984462347e-10 -4.449069614763556485e-09 2.782466646107736540e-05 8.995472210769442702e-07 2.689058872136984650e-05 1.477645364243279580e-06 7.460803384073460491e-05 6.222093925545637226e-07 5.367484385824586177e-05 4.849728390030678885e-06 6.630598259422070114e-04 4.561519243416304729e-06 6.869781645040440483e-04 4.556475547292587879e-06
6.232463365687619734e-09 2.717315232040006610e-12 1.056580779112548102e-04 -2.001754601335159111e-10 -1.064778932535987043e-07 -1.172967452721038534e-05 -9.738201396454716890e-10 -1.811334011866710633e-07 3.637589036536265260e-10 1.279197234052617456e-10 1.643234270545753430e-11 -4.019913543464847806e-10 2.514069894214827088e-06 8.127774073429829303e-08 2.429672199081118076e-06 1.335112596046047030e-07 6.741134847563337492e-06 5.621913601281090253e-08 4.849728390030678885e-06 4.381926921528639891e-07 5.990965927655969407e-05 4.121518377048352676e-07 6.207075190974116940e-05 4.116961194234990211e-07
8.521030504605116034e-07 3.715116258896203341e-10 1.444564294216644368e-02 -2.736786284415032834e-08 -1.455766532604459139e-05 -1.603671392887045469e-03 -1.331403065210286912e-07 -2.476458464534206930e-05 4.973315580414891238e-08 1.748919809819165472e-08 2.246631631618225993e-09 -5.496030045729736531e-08 3.437242436042392698e-04 1.111228906506986405e-05 3.321853863909185337e-04 1.825365054411281080e-05 9.216493113819888491e-04 7.686280814497407039e-06 6.630598259422070114e-04 5.990965927655969407e-05 8.191064679779756427e-03 5.634934979938882805e-05 8.486541002250328619e-03 5.628704396021005674e-05
5.862081359801277246e-09 2.555830983001432957e-12 9.937904192394457958e-05 -1.882794638000451352e-10 -1.001501392456773881e-07 -1.103260530929293081e-05 -9.159480999616595998e-10 -1.703690292530197075e-07 3.421414877950544228e-10 1.203177270573032124e-10 1.545580362365391634e-11 -3.781018654827907910e-10 2.364664072046515344e-06 7.644757830467067230e-08 2.285281951804546433e-06 1.255769708640197799e-07 6.340523561381382436e-06 5.287815281748503758e-08 4.561519243416304729e-06 4.121518377048352676e-07 5.634934979938882805e-05 3.876585357320680750e-07 5.838201296635173133e-05 3.872298998159166210e-07
8.828405815542834047e-07 3.849129981136822272e-10 1.496673519286142659e-02 -2.835508887152013678e-08 -1.508279739482599636e-05 -1.661519717409358022e-03 -1.379430084514759549e-07 -2.565790652014096783e-05 5.152715762413678555e-08 1.812007809545313661e-08 2.327673366632547733e-09 -5.694285872064435224e-08 3.561232601159700149e-04 1.151313746643664390e-05 3.441681669640591170e-04 1.891210588394540821e-05 9.548955649399161211e-04 7.963544478409268377e-06 6.869781645040440483e-04 6.207075190974116940e-05 8.486541002250328619e-03 5.838201296635173133e-05 8.792676113732925125e-03 5.831745959680674957e-05
5.855599627543421366e-09 2.553004988084038967e-12 9.926915800323311118e-05 -1.880712823286563896e-10 -1.000394027444267798e-07 -1.102040650766913270e-05 -9.149353318298724350e-10 -1.701806513747071115e-07 3.417631802653319509e-10 1.201846911533708070e-10 1.543871406539505548e-11 -3.776837963862048139e-10 2.362049451185913487e-06 7.636304984545612860e-08 2.282755104143759029e-06 1.254381197976301174e-07 6.333512812961437349e-06 5.281968518544057374e-08 4.556475547292587879e-06 4.116961194234990211e-07 5.628704396021005674e-05 3.872298998159166210e-07 5.831745959680674957e-05 3.868017378446056127e-07
