1.618296912968443686e-10 5.104570288768231702e-14 3.037783380612867103e-06 -5.198127087645219998e-12 -2.764814350404756255e-09 -3.154710235691307650e-07 -2.531735731928183123e-11 -5.798707669391795900e-09 6.833337740641492570e-12 2.403015390352292182e-12 3.086871769725209757e-13 -7.551545049445327778e-12 6.527064083332631999e-08 2.110167748757047465e-09 6.307934228693752127e-08 3.466464503220910019e-09 1.750138967848248901e-07 1.459599616843192545e-09 1.259130255188724868e-07 1.137821010656521193e-08 1.554972402136890462e-06 1.070204678002120147e-08 1.611052560004352041e-06 1.069021374178127364e-08
5.104570288768231702e-14 1.059371397533728933e-11 9.582035696988767272e-10 -1.639637626210594612e-15 -8.721013476537083131e-13 2.092340926531035254e-08 6.101011027678126942e-13 -2.274749686426755367e-10 1.418149255002262752e-09 4.987071640435493729e-10 6.406305478634755412e-11 -1.567201621294598565e-09 4.205053203383251276e-09 1.602187018383057621e-10 4.121704857607215968e-09 1.659389543333516686e-10 1.193505586407049221e-08 9.825882063046574969e-11 3.971656152106160350e-11 3.589012175942261626e-12 4.904826710225155392e-10 3.375730966581234771e-12 5.081719532145319264e-10 3.371998488632265770e-12
3.037783380612867103e-06 9.582035696988767272e-10 5.702376339952174022e-02 -9.757641402440000760e-08 -5.189966357443304460e-05 -5.921848192969568665e-03 -4.752438831199408343e-07 -1.088503464565017013e-04 1.282718866889045308e-07 4.510816375254812102e-08 5.794516249961657291e-09 -1.417537033136900969e-07 1.225227089250720269e-03 3.961096720996942565e-05 1.184093169188145910e-03 6.507065893949788137e-05 3.285271099310257265e-03 2.739884488568154243e-05 2.363578595749943161e-03 2.135857941234138872e-04 2.918934214876998598e-02 2.008932043228547806e-04 3.024206106403943065e-02 2.006710806528023386e-04
-5.198127087645219998e-12 -1.639637626210594612e-15 -9.757641402440000760e-08 1.669692230402371964e-13 8.880853384966070735e-11 1.013326097038495972e-08 8.132192162893195278e-13 1.862601279417552480e-10 -2.194934546237392198e-13 -7.718719164006698806e-14 -9.915332369043531102e-15 2.425629720011931348e-13 -2.096555714445162075e-09 -6.778066756146482993e-11 -2.026169063642648847e-09 -1.113462622297069665e-10 -5.621615174244688131e-09 -4.688377130074836561e-11 -4.044439031989782307e-09 -3.654793785590035435e-10 -4.994676329300826199e-08 -3.437603572776788737e-10 -5.174808712371379333e-08 -3.433802685525801533e-10
-2.764814350404756255e-09 -8.721013476537083131e-13 -5.189966357443304460e-05 8.880853384966070735e-11 4.723606873784086007e-08 5.389733501321443620e-06 4.325398905612584998e-10 9.906927486581415576e-08 -1.167456360755745023e-10 -4.105483599646462006e-11 -5.273832816734565721e-12 1.290160041288686691e-10 -1.115130357649829309e-06 -3.605161778851487985e-08 -1.077692643609227563e-06 -5.922356350085266401e-08 -2.990062725954972222e-06 -2.493684551982758110e-08 -2.151188074995513571e-06 -1.943934954896506965e-07 -2.656625120939897498e-05 -1.828414370008990853e-07 -2.752436418826448219e-05 -1.826392728999971556e-07
-3.154710235691307650e-07 2.092340926531035254e-08 -5.921848192969568665e-03 1.013326097038495972e-08 5.389733501321443620e-06 6.567009893889910613e-04 5.058035108142128989e-08 1.085622012426685103e-05 2.800955111109155715e-06 9.849854451352609194e-07 1.265295170223192159e-07 -3.095345123313714458e-06 -1.189346584384618313e-04 -3.796936983779698089e-06 -1.148269682236894440e-04 -6.430402835944057709e-06 -3.175969691514650937e-04 -2.651267977516856239e-06 -2.454542751908384175e-04 -2.218071400269047908e-05 -3.031229970481755590e-03 -2.086260046691145123e-05 -3.140550766703967440e-03 -2.083953312373518235e-05
-2.531735731928183123e-11 6.101011027678126942e-13 -4.752438831199408343e-07 8.132192162893195278e-13 4.325398905612584998e-10 5.058035108142128989e-08 3.996825784947853002e-12 8.940103744751142099e-10 8.167243492658819000e-11 2.872097509070394340e-11 3.689446471596372489e-12 -9.025649044624969428e-11 -9.967085477993534753e-09 -3.208150349524024702e-10 -9.629091558034717929e-09 -5.326914286160957216e-10 -2.668682123247977806e-08 -2.226402735850396333e-10 -1.969836178950154108e-08 -1.780058511942160039e-09 -2.432652754762998014e-07 -1.674276519130124811e-09 -2.520386211162475423e-07 -1.672425305860293124e-09
-5.798707669391795900e-09 -2.274749686426755367e-10 -1.088503464565017013e-04 1.862601279417552480e-10 9.906927486581415576e-08 1.085622012426685103e-05 8.940103744751142099e-10 2.125864913544999143e-07 -3.045140383651225402e-08 -1.070855738334801849e-08 -1.375602669519387373e-09 3.365195026901331618e-08 -2.427917316635514212e-06 -7.901035469628203788e-08 -2.347637754571835042e-06 -1.277221281980219547e-07 -6.524167239037254624e-06 -5.438371699040194369e-08 -4.511735968221435130e-06 -4.077058630464151464e-07 -5.571802613372505748e-05 -3.834774693629190159e-07 -5.772749961454379903e-05 -3.830534660232964288e-07
6.833337740641492570e-12 1.418149255002262752e-09 1.282718866889045308e-07 -2.194934546237392198e-13 -1.167456360755745023e-10 2.800955111109155715e-06 8.167243492658819000e-11 -3.045140383651225402e-08 1.898434608316729468e-07 6.676045696441402864e-08 8.575932216477729027e-09 -2.097966592147291946e-07 5.629180765775326560e-07 2.144800511924258466e-08 5.517604792862411817e-07 2.221375845270936676e-08 1.597710744704847432e-06 1.315361855422075677e-08 5.316738990101951080e-09 4.804504780044512758e-10 6.565946905946376410e-08 4.518991513528127900e-10 6.802748111333068107e-08 4.513994955347553468e-10
2.403015390352292182e-12 4.987071640435493729e-10 4.510816375254812102e-08 -7.718719164006698806e-14 -4.105483599646462006e-11 9.849854451352609194e-07 2.872097509070394340e-11 -1.070855738334801849e-08 6.676045696441402864e-08 2.347702039043889287e-08 3.015817178519822213e-09 -7.377721196277421311e-08 1.979560850178797470e-07 7.542417619958279742e-09 1.940323980747094056e-07 7.811702869473424252e-09 5.618518534422419536e-07 4.625608938767863138e-09 1.869687420556438264e-09 1.689554851352062919e-10 2.308984575274446939e-08 1.589151095586538423e-10 2.392258220035634051e-08 1.587394003128565117e-10
3.086871769725209757e-13 6.406305478634755412e-11 5.794516249961657291e-09 -9.915332369043531102e-15 -5.273832816734565721e-12 1.265295170223192159e-07 3.689446471596372489e-12 -1.375602669519387373e-09 8.575932216477729027e-09 3.015817178519822213e-09 3.874066273280349196e-10 -9.477292278507551395e-09 2.542909441866061815e-08 9.688858440164032044e-10 2.492506441958470921e-08 1.003477758670600899e-09 7.217451193948983175e-08 5.941976762114704845e-10 2.401767937344262088e-10 2.170372771985365619e-11 2.966081421857058397e-09 2.041395853862737119e-11 3.073053297445452927e-09 2.039138723456052972e-11
-7.551545049445327778e-12 -1.567201621294598565e-09 -1.417537033136900969e-07 2.425629720011931348e-13 1.290160041288686691e-10 -3.095345123313714458e-06 -9.025649044624969428e-11 3.365195026901331618e-08 -2.097966592147291946e-07 -7.377721196277421311e-08 -9.477292278507551395e-09 2.318470118897132550e-07 -6.220826985684956542e-07 -2.370226444388778892e-08 -6.097523993910497911e-07 -2.454850109169319597e-08 -1.765635630438890072e-06 -1.453610922322733946e-08 -5.875546550080963796e-09 -5.309474764220473777e-10 -7.256050509473796311e-08 -4.993953070998888969e-10 -7.517740335869423814e-08 -4.988431357361243769e-10
6.527064083332631999e-08 4.205053203383251276e-09 1.225227089250720269e-03 -2.096555714445162075e-09 -1.115130357649829309e-06 -1.189346584384618313e-04 -9.967085477993534753e-09 -2.427917316635514212e-06 5.629180765775326560e-07 1.979560850178797470e-07 2.542909441866061815e-08 -6.220826985684956542e-07 2.797840316388150995e-05 9.141149995081112948e-07 2.706193926967158286e-05 1.463239525038239663e-06 7.528070954683533332e-05 6.273290789154772696e-07 5.078442334177739179e-05 4.589163972381548747e-06 6.271668576238863691e-04 4.316447549377293342e-06 6.497856820681940796e-04 4.311674939527880658e-06
2.110167748757047465e-09 1.602187018383057621e-10 3.961096720996942565e-05 -6.778066756146482993e-11 -3.605161778851487985e-08 -3.796936983779698089e-06 -3.208150349524024702e-10 -7.901035469628203788e-08 2.144800511924258466e-08 7.542417619958279742e-09 9.688858440164032044e-10 -2.370226444388778892e-08 9.141149995081112948e-07 2.991844818173144244e-08 8.842967932215321077e-07 4.768350381761722255e-08 2.461006237374213962e-06 2.050531055575866222e-08 1.641833902031485960e-06 1.483654485375902149e-07 2.027592317416583351e-05 1.395486609607063688e-07 2.100717463973615827e-05 1.393943648248547470e-07
6.307934228693752127e-08 4.121704857607215968e-09 1.184093169188145910e-03 -2.026169063642648847e-09 -1.077692643609227563e-06 -1.148269682236894440e-04 -9.629091558034717929e-09 -2.347637754571835042e-06 5.517604792862411817e-07 1.940323980747094056e-07 2.492506441958470921e-08 -6.097523993910497911e-07 2.706193926967158286e-05 8.842967932215321077e-07 2.617579217528566128e-05 1.415014722110837907e-06 7.281819442077219913e-05 6.068019060322353073e-07 4.907946439351888122e-05 4.435094245800341405e-06 6.061113491875652539e-04 4.171533594462072030e-06 6.279708059325993501e-04 4.166921213056680532e-06
3.466464503220910019e-09 1.659389543333516686e-10 6.507065893949788137e-05 -1.113462622297069665e-10 -5.922356350085266401e-08 -6.430402835944057709e-06 -5.326914286160957216e-10 -1.277221281980219547e-07 2.221375845270936676e-08 7.811702869473424252e-09 1.003477758670600899e-09 -2.454850109169319597e-08 1.463239525038239663e-06 4.768350381761722255e-08 1.415014722110837907e-06 7.681834605940495292e-08 3.933734860359303708e-06 3.278709340858884894e-08 2.697111895665512126e-06 2.437263907226553242e-07 3.330813340605113951e-05 2.292426696605098076e-07 3.450939155418932452e-05 2.289892006747571371e-07
1.750138967848248901e-07 1.193505586407049221e-08 3.285271099310257265e-03 -5.621615174244688131e-09 -2.990062725954972222e-06 -3.175969691514650937e-04 -2.668682123247977806e-08 -6.524167239037254624e-06 1.597710744704847432e-06 5.618518534422419536e-07 7.217451193948983175e-08 -1.765635630438890072e-06 7.528070954683533332e-05 2.461006237374213962e-06 7.281819442077219913e-05 3.933734860359303708e-06 2.025943750104264719e-04 1.688184480084724913e-06 1.361711562456838524e-04 1.230518781827067616e-05 1.681657449877408143e-03 1.157393770333971223e-05 1.742306548290093121e-03 1.156114063194199450e-05
1.459599616843192545e-09 9.825882063046574969e-11 2.739884488568154243e-05 -4.688377130074836561e-11 -2.493684551982758110e-08 -2.651267977516856239e-06 -2.226402735850396333e-10 -5.438371699040194369e-08 1.315361855422075677e-08 4.625608938767863138e-09 5.941976762114704845e-10 -1.453610922322733946e-08 6.273290789154772696e-07 2.050531055575866222e-08 6.068019060322353073e-07 3.278709340858884894e-08 1.688184480084724913e-06 1.406750028025102830e-08 1.135654057124256220e-06 1.026241364270869524e-07 1.402483286812992995e-05 9.652557867808106036e-08 1.453063885135731138e-05 9.641885229118739203e-08
1.259130255188724868e-07 3.971656152106160350e-11 2.363578595749943161e-03 -4.044439031989782307e-09 -2.151188074995513571e-06 -2.454542751908384175e-04 -1.969836178950154108e-08 -4.511735968221435130e-06 5.316738990101951080e-09 1.869687420556438264e-09 2.401767937344262088e-10 -5.875546550080963796e-09 5.078442334177739179e-05 1.641833902031485960e-06 4.907946439351888122e-05 2.697111895665512126e-06 1.361711562456838524e-04 1.135654057124256220e-06 9.796804187438629065e-05 8.852911082686163333e-06 1.209874032488956292e-03 8.326816140455784346e-06 1.253508463016884131e-03 8.317609341013016035e-06
1.137821010656521193e-08 3.589012175942261626e-12 2.135857941234138872e-04 -3.654793785590035435e-10 -1.943934954896506965e-07 -2.218071400269047908e-05 -1.780058511942160039e-09 -4.077058630464151464e-07 4.804504780044512758e-10 1.689554851352062919e-10 2.170372771985365619e-11 -5.309474764220473777e-10 4.589163972381548747e-06 1.483654485375902149e-07 4.435094245800341405e-06 2.437263907226553242e-07 1.230518781827067616e-05 1.026241364270869524e-07 8.852911082686163333e-06 7.999995841240128662e-07 1.093294796891421366e-04 7.524586904350176610e-07 1.132724474398143482e-04 7.516267120941533752e-07
1.554972402136890462e-06 4.904826710225155392e-10 2.918934214876998598e-02 -4.994676329300826199e-08 -2.656625120939897498e-05 -3.031229970481755590e-03 -2.432652754762998014e-07 -5.571802613372505748e-05 6.565946905946376410e-08 2.308984575274446939e-08 2.966081421857058397e-09 -7.256050509473796311e-08 6.271668576238863691e-04 2.027592317416583351e-05 6.061113491875652539e-04 3.330813340605113951e-05 1.681657449877408143e-03 1.402483286812992995e-05 1.209874032488956292e-03 1.093294796891421366e-04 1.494191667763153028e-02 1.028324279752444167e-04 1.548081003680008491e-02 1.027187279402081268e-04
1.070204678002120147e-08 3.375730966581234771e-12 2.008932043228547806e-04 -3.437603572776788737e-10 -1.828414370008990853e-07 -2.086260046691145123e-05 -1.674276519130124811e-09 -3.834774693629190159e-07 4.518991513528127900e-10 1.589151095586538423e-10 2.041395853862737119e-11 -4.993953070998888969e-10 4.316447549377293342e-06 1.395486609607063688e-07 4.171533594462072030e-06 2.292426696605098076e-07 1.157393770333971223e-05 9.652557867808106036e-08 8.326816140455784346e-06 7.524586904350176610e-07 1.028324279752444167e-04 7.077429695771186261e-07 1.065410791639994612e-04 7.069604325124629841e-07
1.611052560004352041e-06 5.081719532145319264e-10 3.024206106403943065e-02 -5.174808712371379333e-08 -2.752436418826448219e-05 -3.140550766703967440e-03 -2.520386211162475423e-07 -5.772749961454379903e-05 6.802748111333068107e-08 2.392258220035634051e-08 3.073053297445452927e-09 -7.517740335869423814e-08 6.497856820681940796e-04 2.100717463973615827e-05 6.279708059325993501e-04 3.450939155418932452e-05 1.742306548290093121e-03 1.453063885135731138e-05 1.253508463016884131e-03 1.132724474398143482e-04 1.548081003680008491e-02 1.065410791639994612e-04 1.603913929145082268e-02 1.064232785322176427e-04
1.069021374178127364e-08 3.371998488632265770e-12 2.006710806528023386e-04 -3.433802685525801533e-10 -1.826392728999971556e-07 -2.083953312373518235e-05 -1.672425305860293124e-09 -3.830534660232964288e-07 4.513994955347553468e-10 1.587394003128565117e-10 2.039138723456052972e-11 -4.988431357361243769e-10 4.311674939527880658e-06 1.393943648248547470e-07 4.166921213056680532e-06 2.289892006747571371e-07 1.156114063194199450e-05 9.641885229118739203e-08 8.317609341013016035e-06 7.516267120941533752e-07 1.027187279402081268e-04 7.069604325124629841e-07 1.064232785322176427e-04 7.061787606833103092e-07
