1.102298394312246153e-10 3.986951442975622193e-14 2.189989264178042317e-06 -3.902534774859970058e-12 -2.345506296126410549e-09 -2.256826528281569817e-07 -1.956612751026125681e-11 -4.829296724746672268e-09 5.264842459039234461e-12 1.852664524707494406e-12 2.343666073455090365e-13 -6.280880089239313887e-12 4.554652701294221568e-08 1.530156686004448763e-09 4.392183441169592488e-08 2.551622906825547431e-09 1.183491639207461141e-07 1.048021959866386870e-09 9.216983528022513531e-08 8.377306054454903898e-09 1.191326010569437215e-06 7.871339291397348531e-09 1.236913829570452175e-06 7.862559110856551061e-09
3.986951442975622193e-14 9.031982884930208030e-12 7.921068289647207116e-10 -1.411524931195995971e-15 -8.483564668244124046e-13 1.734831393606925697e-08 5.047709016908342087e-13 -3.550424891262540551e-10 1.192689895074475404e-09 4.196999767367811918e-10 5.309307666822114571e-11 -1.422861609419787728e-09 3.514149063815438672e-09 1.411856957192470962e-10 3.440644289753683919e-09 1.470016705836410150e-10 9.936001072766132941e-09 8.877212656016521824e-11 3.333731226185788847e-11 3.030024595372517673e-12 4.308959335695769543e-10 2.847019256121465397e-12 4.473847919119326498e-10 2.843843514084885864e-12
2.189989264178042317e-06 7.921068289647207116e-10 4.350960955605314567e-02 -7.753344594182621399e-08 -4.659929951404130058e-05 -4.483739063429599721e-03 -3.887293568738990926e-07 -9.594596209250852914e-05 1.045991586624241147e-07 3.680777763677078189e-08 4.656274168468604814e-09 -1.247852671771922825e-07 9.048949722174230497e-04 3.040035235779008798e-05 8.726164246106558756e-04 5.069430722128010614e-05 2.351300160855607658e-03 2.082155396128070588e-05 1.831185165801032556e-03 1.664359169417974353e-04 2.366878253850883754e-02 1.563836309690377164e-04 2.457450556023113228e-02 1.562091909004568546e-04
-3.902534774859970058e-12 -1.411524931195995971e-15 -7.753344594182621399e-08 1.381640474531650962e-13 8.303940782730229066e-11 7.989997476687800350e-09 6.927123691606783498e-13 1.709745606939432976e-10 -1.863944543872184916e-13 -6.559102120000036011e-14 -8.297425089447136015e-15 2.223658593088719218e-13 -1.612511228706999188e-09 -5.417309379242073905e-11 -1.554991232748779826e-09 -9.033670452483635876e-11 -4.189987354016247155e-09 -3.710377188784108741e-11 -3.263139097436087606e-09 -2.965870411678982755e-10 -4.217693328966222890e-08 -2.786739906698705267e-10 -4.379088859627565476e-08 -2.783631405322957766e-10
-2.345506296126410549e-09 -8.483564668244124046e-13 -4.659929951404130058e-05 8.303940782730229066e-11 4.990844434804906920e-08 4.802149209280446084e-06 4.163344331672989511e-10 1.027593429433791966e-07 -1.120270264333990480e-10 -3.942159699923131884e-11 -4.986928729727605901e-12 1.336466048629869893e-10 -9.691537685792119054e-07 -3.255917102988946221e-08 -9.345830320002962319e-07 -5.429426120279712799e-08 -2.518271891354547545e-06 -2.230015156186023375e-08 -1.961219475867599737e-06 -1.782550407068004918e-07 -2.534941187755793268e-05 -1.674889157794745601e-07 -2.631944372614847255e-05 -1.673020882482708623e-07
-2.256826528281569817e-07 1.734831393606925697e-08 -4.483739063429599721e-03 7.989997476687800350e-09 4.802149209280446084e-06 4.956963201961007591e-04 4.104717028872925048e-08 9.205625852033098421e-06 2.290876657399862106e-06 8.061449000764433780e-07 1.019793076123491332e-07 -2.732982356321517482e-06 -8.650129843070090464e-05 -2.861424435128228139e-06 -8.331564661890112126e-05 -4.942246911255746675e-06 -2.232140114862269623e-04 -1.975120935427275365e-06 -1.887064448397996180e-04 -1.715155983892391266e-05 -2.439076496766919358e-03 -1.611565244494315890e-05 -2.532410827722634053e-03 -1.609767605568364549e-05
-1.956612751026125681e-11 5.047709016908342087e-13 -3.887293568738990926e-07 6.927123691606783498e-13 4.163344331672989511e-10 4.104717028872925048e-08 3.502055690884916829e-12 8.371931558122556621e-10 6.665592215866118101e-11 2.345579492235774660e-11 2.967215580365611474e-12 -7.951954186200896220e-11 -7.886428050285271669e-09 -2.636377349749336080e-10 -7.602172481809884318e-09 -4.446424472805946558e-10 -2.044667490220889813e-08 -1.810177702128394693e-10 -1.636040084688532600e-08 -1.486997413514885405e-09 -2.114628543104631901e-07 -1.397186800236405349e-09 -2.195547656111118821e-07 -1.395628291797091137e-09
-4.829296724746672268e-09 -3.550424891262540551e-10 -9.594596209250852914e-05 1.709745606939432976e-10 1.027593429433791966e-07 9.205625852033098421e-06 8.371931558122556621e-10 2.253966409144331399e-07 -4.688401188482944831e-08 -1.649818479230455272e-08 -2.087060862673612900e-09 5.593194003280756622e-08 -2.132261571118749299e-06 -7.253892467299180463e-08 -2.058229672733587392e-06 -1.175035876591823364e-07 -5.571997331423070860e-06 -4.937264949350248362e-08 -4.038067069310145570e-06 -3.670194647776875524e-07 -5.219337052519722783e-05 -3.448524758336672429e-07 -5.419062561619499268e-05 -3.444678059716238095e-07
5.264842459039234461e-12 1.192689895074475404e-09 1.045991586624241147e-07 -1.863944543872184916e-13 -1.120270264333990480e-10 2.290876657399862106e-06 6.665592215866118101e-11 -4.688401188482944831e-08 1.574968878089025790e-07 5.542215074222723109e-08 7.011038062558469075e-09 -1.878914829036299414e-07 4.640498271324645021e-07 1.864382983626253933e-08 4.543433869898257397e-07 1.941183997645057560e-08 1.312067158602651855e-06 1.172252199141226546e-08 4.402253190306518513e-09 4.001203016706013160e-10 5.690059787115268194e-08 3.759541111837381458e-10 5.907798184046220687e-08 3.755347486268511380e-10
1.852664524707494406e-12 4.196999767367811918e-10 3.680777763677078189e-08 -6.559102120000036011e-14 -3.942159699923131884e-11 8.061449000764433780e-07 2.345579492235774660e-11 -1.649818479230455272e-08 5.542215074222723109e-08 1.950270219435147182e-08 2.467139657246441842e-09 -6.611781650346405333e-08 1.632961765728615229e-07 6.560645015538622696e-09 1.598805421140111181e-07 6.830902892527127665e-09 4.617080714510017005e-07 4.125080845769248944e-09 1.549124855098766543e-09 1.407997854346344981e-10 2.002295791008745583e-08 1.322958569391927940e-10 2.078916545746613125e-08 1.321482859267297468e-10
2.343666073455090365e-13 5.309307666822114571e-11 4.656274168468604814e-09 -8.297425089447136015e-15 -4.986928729727605901e-12 1.019793076123491332e-07 2.967215580365611474e-12 -2.087060862673612900e-09 7.011038062558469075e-09 2.467139657246441842e-09 3.120992181829450944e-10 -8.364065968554896946e-09 2.065736699777022098e-08 8.299376869700277775e-10 2.022528085953882363e-08 8.641259713765789110e-10 5.840720385183923390e-08 5.218328455869572331e-10 1.959680945157731887e-10 1.781151826810496112e-11 2.532953297170545834e-09 1.673575045152621559e-11 2.629880431642690610e-09 1.671708235642739272e-11
-6.280880089239313887e-12 -1.422861609419787728e-09 -1.247852671771922825e-07 2.223658593088719218e-13 1.336466048629869893e-10 -2.732982356321517482e-06 -7.951954186200896220e-11 5.593194003280756622e-08 -1.878914829036299414e-07 -6.611781650346405333e-08 -8.364065968554896946e-09 2.241517935775070349e-07 -5.536046563599796151e-07 -2.224181657426688034e-08 -5.420250151596641880e-07 -2.315804144615331116e-08 -1.565276930932602365e-06 -1.398479743347092457e-08 -5.251823700177786453e-09 -4.773376707373545774e-10 -6.788158139174641257e-08 -4.485077587617204297e-10 -7.047916863319891652e-08 -4.480074653618276857e-10
4.554652701294221568e-08 3.514149063815438672e-09 9.048949722174230497e-04 -1.612511228706999188e-09 -9.691537685792119054e-07 -8.650129843070090464e-05 -7.886428050285271669e-09 -2.132261571118749299e-06 4.640498271324645021e-07 1.632961765728615229e-07 2.065736699777022098e-08 -5.536046563599796151e-07 2.017413542509549848e-05 6.867151036990043792e-07 1.947458145262339160e-05 1.110890002095910570e-06 5.273259071385219841e-05 4.672691079316673853e-07 3.808421980884070160e-05 3.461468942823528219e-06 4.922518265602595549e-04 3.252405503875279098e-06 5.110885712359054030e-04 3.248777568551113593e-06
1.530156686004448763e-09 1.411856957192470962e-10 3.040035235779008798e-05 -5.417309379242073905e-11 -3.255917102988946221e-08 -2.861424435128228139e-06 -2.636377349749336080e-10 -7.253892467299180463e-08 1.864382983626253933e-08 6.560645015538622696e-09 8.299376869700277775e-10 -2.224181657426688034e-08 6.867151036990043792e-07 2.343060172648225044e-08 6.630265596487261629e-07 3.769490202846249367e-08 1.796907073740106722e-06 1.592445249261961449e-08 1.279456072796605994e-06 1.162896723562277055e-07 1.653738084847265988e-05 1.092660895075869279e-07 1.717020725531458815e-05 1.091442073376269201e-07
4.392183441169592488e-08 3.440644289753683919e-09 8.726164246106558756e-04 -1.554991232748779826e-09 -9.345830320002962319e-07 -8.331564661890112126e-05 -7.602172481809884318e-09 -2.058229672733587392e-06 4.543433869898257397e-07 1.598805421140111181e-07 2.022528085953882363e-08 -5.420250151596641880e-07 1.947458145262339160e-05 6.630265596487261629e-07 1.879956272214125762e-05 1.072101957121705165e-06 5.090835629814707456e-05 4.511085522471697817e-07 3.672571621308732995e-05 3.337994686138949878e-06 4.746927177881835741e-04 3.136388760108888247e-06 4.928575378271634212e-04 3.132890237060529137e-06
2.551622906825547431e-09 1.470016705836410150e-10 5.069430722128010614e-05 -9.033670452483635876e-11 -5.429426120279712799e-08 -4.942246911255746675e-06 -4.446424472805946558e-10 -1.175035876591823364e-07 1.941183997645057560e-08 6.830902892527127665e-09 8.641259713765789110e-10 -2.315804144615331116e-08 1.110890002095910570e-06 3.769490202846249367e-08 1.072101957121705165e-06 6.142810288854540861e-08 2.899578389430951313e-06 2.568945538329750507e-08 2.133565335826681636e-06 1.939196147131602185e-07 2.757701360874276468e-05 1.822073926902394766e-07 2.863228716501278024e-05 1.820041472710949034e-07
1.183491639207461141e-07 9.936001072766132941e-09 2.351300160855607658e-03 -4.189987354016247155e-09 -2.518271891354547545e-06 -2.232140114862269623e-04 -2.044667490220889813e-08 -5.571997331423070860e-06 1.312067158602651855e-06 4.617080714510017005e-07 5.840720385183923390e-08 -1.565276930932602365e-06 5.273259071385219841e-05 1.796907073740106722e-06 5.090835629814707456e-05 2.899578389430951313e-06 1.379030883953845561e-04 1.222038892946610095e-06 9.895891909667358884e-05 8.994362292335643399e-06 1.279078148320573604e-03 8.451126952991316334e-06 1.328023955885883258e-03 8.441700040751303123e-06
1.048021959866386870e-09 8.877212656016521824e-11 2.082155396128070588e-05 -3.710377188784108741e-11 -2.230015156186023375e-08 -1.975120935427275365e-06 -1.810177702128394693e-10 -4.937264949350248362e-08 1.172252199141226546e-08 4.125080845769248944e-09 5.218328455869572331e-10 -1.398479743347092457e-08 4.672691079316673853e-07 1.592445249261961449e-08 4.511085522471697817e-07 2.568945538329750507e-08 1.222038892946610095e-06 1.082925619728084838e-08 8.763143610267211172e-07 7.964813480336617134e-08 1.132664999565682947e-05 7.483760187216309798e-08 1.176008051543004287e-05 7.475412336860185037e-08
9.216983528022513531e-08 3.333731226185788847e-11 1.831185165801032556e-03 -3.263139097436087606e-09 -1.961219475867599737e-06 -1.887064448397996180e-04 -1.636040084688532600e-08 -4.038067069310145570e-06 4.402253190306518513e-09 1.549124855098766543e-09 1.959680945157731887e-10 -5.251823700177786453e-09 3.808421980884070160e-05 1.279456072796605994e-06 3.672571621308732995e-05 2.133565335826681636e-06 9.895891909667358884e-05 8.763143610267211172e-07 7.706895982333528768e-05 7.004768525636050069e-06 9.961490855078870051e-04 6.581699058789166824e-06 1.034268362972650930e-03 6.574357419060298492e-06
8.377306054454903898e-09 3.030024595372517673e-12 1.664359169417974353e-04 -2.965870411678982755e-10 -1.782550407068004918e-07 -1.715155983892391266e-05 -1.486997413514885405e-09 -3.670194647776875524e-07 4.001203016706013160e-10 1.407997854346344981e-10 1.781151826810496112e-11 -4.773376707373545774e-10 3.461468942823528219e-06 1.162896723562277055e-07 3.337994686138949878e-06 1.939196147131602185e-07 8.994362292335643399e-06 7.964813480336617134e-08 7.004768525636050069e-06 6.366630419835109766e-07 9.053884217994786988e-05 5.982103115252795126e-07 9.400343866886561039e-05 5.975430306828550083e-07
1.191326010569437215e-06 4.308959335695769543e-10 2.366878253850883754e-02 -4.217693328966222890e-08 -2.534941187755793268e-05 -2.439076496766919358e-03 -2.114628543104631901e-07 -5.219337052519722783e-05 5.690059787115268194e-08 2.002295791008745583e-08 2.532953297170545834e-09 -6.788158139174641257e-08 4.922518265602595549e-04 1.653738084847265988e-05 4.746927177881835741e-04 2.757701360874276468e-05 1.279078148320573604e-03 1.132664999565682947e-05 9.961490855078870051e-04 9.053884217994786988e-05 1.287591003872082945e-02 8.507052543858493207e-05 1.336863481157939647e-02 8.497563229333164408e-05
7.871339291397348531e-09 2.847019256121465397e-12 1.563836309690377164e-04 -2.786739906698705267e-10 -1.674889157794745601e-07 -1.611565244494315890e-05 -1.397186800236405349e-09 -3.448524758336672429e-07 3.759541111837381458e-10 1.322958569391927940e-10 1.673575045152621559e-11 -4.485077587617204297e-10 3.252405503875279098e-06 1.092660895075869279e-07 3.136388760108888247e-06 1.822073926902394766e-07 8.451126952991316334e-06 7.483760187216309798e-08 6.581699058789166824e-06 5.982103115252795126e-07 8.507052543858493207e-05 5.620800226899922331e-07 8.832586879382279144e-05 5.614530438160949254e-07
1.236913829570452175e-06 4.473847919119326498e-10 2.457450556023113228e-02 -4.379088859627565476e-08 -2.631944372614847255e-05 -2.532410827722634053e-03 -2.195547656111118821e-07 -5.419062561619499268e-05 5.907798184046220687e-08 2.078916545746613125e-08 2.629880431642690610e-09 -7.047916863319891652e-08 5.110885712359054030e-04 1.717020725531458815e-05 4.928575378271634212e-04 2.863228716501278024e-05 1.328023955885883258e-03 1.176008051543004287e-05 1.034268362972650930e-03 9.400343866886561039e-05 1.336863481157939647e-02 8.832586879382279144e-05 1.388021495957083087e-02 8.822734442486304099e-05
7.862559110856551061e-09 2.843843514084885864e-12 1.562091909004568546e-04 -2.783631405322957766e-10 -1.673020882482708623e-07 -1.609767605568364549e-05 -1.395628291797091137e-09 -3.444678059716238095e-07 3.755347486268511380e-10 1.321482859267297468e-10 1.671708235642739272e-11 -4.480074653618276857e-10 3.248777568551113593e-06 1.091442073376269201e-07 3.132890237060529137e-06 1.820041472710949034e-07 8.441700040751303123e-06 7.475412336860185037e-08 6.574357419060298492e-06 5.975430306828550083e-07 8.497563229333164408e-05 5.614530438160949254e-07 8.822734442486304099e-05 5.608267643133550618e-07
