par.Ct_1S0np = -0.146403812445193
par.Ct_1S0pp = -0.145493108976929
par.C_1S0 = 2.53254861635218
par.Ct_3S1 = -0.160001764485953
par.C_3S1 = 0.651345734996027
par.C_3S1-3D1 = 0.547929278904985
par.C_3P0 = 1.20180981250634
par.C_1P1 = 0.443964256395791
par.C_3P1 = -0.890428572888650
par.C_3P2 = -0.658720451983565
par.Ct_1S0nn = -0.146318072677001
par.c_D = -0.118615177775946
par.c_E = -0.682817261662055
par.c1 = 0.273891229434275
par.c2 = 5.30383604761953
par.c3 = -3.56815018468646
par.c4 = 3.62819188011545
par.d1+d2 = 5.16221127659909
par.d3 = -4.75950078089071
par.d5 = -0.191733481500404
par.d14-d15 = -10.1148974538568
par.e14 = -0.132717139059953
par.e15 = -9.32436512137629
par.e16 = -0.525309173566902
par.e17 = 1.41566831497309
par.e18 = 0.306264858527626
par.Ct_1S0np = -0.149990638890037
par.Ct_1S0pp = -0.149237029757667
par.C_1S0 = 2.44024067563334
par.Ct_3S1 = -0.155144576817455
par.C_3S1 = 0.549272352760334
par.C_3S1-3D1 = 0.371878122265272
par.C_3P0 = 1.31060121417798
par.C_1P1 = 0.262670363915626
par.C_3P1 = -0.771874226067620
par.C_3P2 = -0.687858371171703
par.Ct_1S0nn = -0.150117606863527
par.c_D = -0.189186882835064
par.c_E = -0.674688887783197
par.c1 = -0.468956617801075
par.c2 = 3.23544094068466
par.c3 = -3.74023432741659
par.c4 = 2.61234297338902
par.d1+d2 = 4.67789001522126
par.d3 = -4.50283406440245
par.d5 = -0.811436670161364E-01
par.d14-d15 = -9.79016607741620
par.e14 = 0.485217296238763
par.e15 = -11.5972695326145
par.e16 = 6.96229822720821
par.e17 = 0.989586121738386
par.e18 = 5.24687681692695
par.Ct_1S0np = -0.149576127278355
par.Ct_1S0pp = -0.148807086450703
par.C_1S0 = 2.43421682620654
par.Ct_3S1 = -0.156636228506161
par.C_3S1 = 0.544979110123217
par.C_3S1-3D1 = 0.383600381022852
par.C_3P0 = 1.29263186786182
par.C_1P1 = 0.271651387085943
par.C_3P1 = -0.793028666814414
par.C_3P2 = -0.683169056321241
par.Ct_1S0nn = -0.149680412718912
par.c_D = -0.144408637043658
par.c_E = -0.663589143282145
par.c1 = -0.397560095736219
par.c2 = 3.40860244010957
par.c3 = -3.69858098066154
par.c4 = 2.59537395228566
par.d1+d2 = 4.65684947397955
par.d3 = -4.49057358842506
par.d5 = -0.760865630582552E-01
par.d14-d15 = -9.76267112412983
par.e14 = 0.476629457767911
par.e15 = -11.6261475057246
par.e16 = 6.43854704004178
par.e17 = 0.979034277093996
par.e18 = 5.33838761951938
par.Ct_1S0np = -0.149535723210264
par.Ct_1S0pp = -0.148765387409005
par.C_1S0 = 2.43356550996415
par.Ct_3S1 = -0.156771054364652
par.C_3S1 = 0.544631457598176
par.C_3S1-3D1 = 0.385063508076314
par.C_3P0 = 1.29144858053059
par.C_1P1 = 0.273399624481034
par.C_3P1 = -0.795615275754520
par.C_3P2 = -0.682417832654986
par.Ct_1S0nn = -0.149637892807899
par.c_D = -0.141159494914802
par.c_E = -0.662535103106956
par.c1 = -0.390128896078669
par.c2 = 3.42488630376932
par.c3 = -3.69280872058016
par.c4 = 2.59753648623103
par.d1+d2 = 4.65621944825870
par.d3 = -4.48905989870352
par.d5 = -0.766359356444161E-01
par.d14-d15 = -9.76183498018834
par.e14 = 0.473578735517608
par.e15 = -11.6332541250373
par.e16 = 6.39217027355481
par.e17 = 0.976858527518384
par.e18 = 5.32970311572852
par.Ct_1S0np = -0.149539709604638
par.Ct_1S0pp = -0.148769322332840
par.C_1S0 = 2.43334476810508
par.Ct_3S1 = -0.156788135985569
par.C_3S1 = 0.544440546642133
par.C_3S1-3D1 = 0.385192956438180
par.C_3P0 = 1.29153346824048
par.C_1P1 = 0.273672397250923
par.C_3P1 = -0.795692813135403
par.C_3P2 = -0.682238742770290
par.Ct_1S0nn = -0.149667523363258
par.c_D = 0.334485105199507
par.c_E = -0.645891752377462
par.c1 = -0.390614400977574
par.c2 = 3.42231661077505
par.c3 = -3.69181537330885
par.c4 = 2.59789467011672
par.d1+d2 = 4.65613320622588
par.d3 = -4.48878972454063
par.d5 = -0.767591326628811E-01
par.d14-d15 = -9.76169361127711
par.e14 = 0.473156825684260
par.e15 = -11.6394728853068
par.e16 = 6.40338235472068
par.e17 = 0.976579956703270
par.e18 = 5.32821793303540
