theo_error.scale_from_amplitudes = yes
scaling_form = 1
eft_nu = 4.0
eft_C = 1.0237
eft_C = 1.1064
eft_nu.piN = 5.0
eft_C.piN = 3.6305
eft_C.piN = 3.6789
residual_list.load = no
residual_list.load.prefix = N2LOsim-500-158.theo
eft_C = 1.81163541972637177
eft_C.piN = 3.67706112563610077
eft_C = 1.81163541972637177
eft_C.piN = 3.67706112563610077
eft_C = 1.45986162126064301
eft_C.piN = 3.64849947392940521
eft_C = 1.46778367459774017
eft_C.piN = 3.64831589162349701
