par.Ct_1S0np = -0.153869422341673
par.Ct_1S0pp = -0.152935244304315
par.C_1S0 = 2.74418823402311
par.Ct_3S1 = -0.167103912272397
par.C_3S1 = 0.873823954410747
par.C_3S1-3D1 = 0.689937392014638
par.C_3P0 = 1.27823237940683
par.C_1P1 = 0.520559514095284
par.C_3P1 = -0.937824560344823
par.C_3P2 = -0.686451287866992
