theo_error.scale_from_amplitudes = yes
scaling_form = 1
eft_nu = 4.0
eft_C = 1.0237
eft_nu.piN = 5.0
eft_C.piN = 3.6305
residual_list.load = no
residual_list.load.prefix = N2LOsim-550-125.theo
eft_C = 5.44312752783298492
eft_C.piN = 3.64039160311222076
eft_C = 2.77512378990650177
eft_C.piN = 3.63358892500400543
eft_C = 1.76156140863895416
eft_C.piN = 3.66009227931499481
eft_C = 1.35600633919239044
eft_C.piN = 3.66588957607746124
eft_C = 1.34261243045330048
eft_C.piN = 3.66862736642360687
