9.927732469442370298e-09 6.254573290705802835e-09 -1.675091713382637254e-07 1.041847958055844988e-08 -8.816163383754686420e-08 -9.390455851542063781e-09 1.865711364247684418e-07 -1.904620024439254503e-07 -1.952069700846237589e-07 1.488326201234313944e-09 0.000000000000000000e+00 0.000000000000000000e+00 0.000000000000000000e+00 0.000000000000000000e+00 0.000000000000000000e+00 0.000000000000000000e+00 0.000000000000000000e+00 0.000000000000000000e+00 0.000000000000000000e+00 0.000000000000000000e+00 0.000000000000000000e+00 0.000000000000000000e+00 0.000000000000000000e+00 0.000000000000000000e+00 0.000000000000000000e+00 0.000000000000000000e+00 1.269479379227590322e-07 2.412356930310024584e-11 -1.195323023601442302e-06 1.821793162568845349e-06 9.485037584310583888e-10 -6.455011568167551229e-06 3.345079594527537781e-07 1.067400649309178448e-07 1.386388435122122758e-08 -1.025656494390304022e-08 -1.403680961581398146e-07 -4.055039854886279503e-08 5.364705335281753485e-07 -1.248188374965222750e-08 -5.459372941649611765e-09 9.995370932937310203e-08 -5.135734478112503408e-08 2.868208339183310532e-08 -1.147309712577222919e-07 8.963493759361527790e-06 -3.190747241527689513e-08 -1.505701189946731239e-05 -4.215529412311930776e-07 0.000000000000000000e+00 0.000000000000000000e+00 0.000000000000000000e+00
6.254573290705802835e-09 5.193770967608800682e-09 -1.389376651420868906e-07 -1.108607098402561071e-09 -6.342815206610883645e-09 1.687318817031335343e-08 1.570339597561580765e-07 -1.423830609494766236e-07 -1.554193891193472386e-07 7.368734168406511632e-10 0.000000000000000000e+00 0.000000000000000000e+00 0.000000000000000000e+00 0.000000000000000000e+00 0.000000000000000000e+00 0.000000000000000000e+00 0.000000000000000000e+00 0.000000000000000000e+00 0.000000000000000000e+00 0.000000000000000000e+00 0.000000000000000000e+00 0.000000000000000000e+00 0.000000000000000000e+00 0.000000000000000000e+00 0.000000000000000000e+00 0.000000000000000000e+00 1.270550700428148265e-07 1.983523390959984896e-11 -9.529519169563231553e-07 1.886276866303499939e-07 5.826210165645925587e-10 -5.200754657476151510e-06 1.627247129399043499e-08 3.771430274713953249e-09 -1.865438582303812161e-09 -1.482478110341015674e-07 -7.806768997464730376e-07 -6.203483044422055756e-08 -2.047784706270805335e-07 -4.475203582949319503e-08 -4.621476621018330355e-09 -1.673188606651981683e-06 -6.035425262981979171e-08 2.572968637993302722e-08 -9.492501408212883981e-08 7.085552556742463583e-07 -1.028023460019210913e-07 -1.248878530420345712e-05 -3.496499977912697507e-07 0.000000000000000000e+00 0.000000000000000000e+00 0.000000000000000000e+00
-1.675091713382637254e-07 -1.389376651420868906e-07 3.720999991415694231e-06 2.960766329368480329e-08 1.707020059646352999e-07 -4.517081999387130848e-07 -4.210075003909472612e-06 3.814082261790868271e-06 4.166414197702107491e-06 -1.980104691510812615e-08 0.000000000000000000e+00 0.000000000000000000e+00 0.000000000000000000e+00 0.000000000000000000e+00 0.000000000000000000e+00 0.000000000000000000e+00 0.000000000000000000e+00 0.000000000000000000e+00 0.000000000000000000e+00 0.000000000000000000e+00 0.000000000000000000e+00 0.000000000000000000e+00 0.000000000000000000e+00 0.000000000000000000e+00 0.000000000000000000e+00 0.000000000000000000e+00 -2.824654585463847246e-06 -5.334694301831611178e-10 2.553088383242591825e-05 -5.051468234231951087e-06 -1.562151193309116596e-08 1.393508536376368405e-04 -4.362382873929448581e-07 -1.010521874150414463e-07 4.993256537255446982e-08 3.968497858572154509e-06 2.090612948704573593e-05 1.661418448656184664e-06 5.497856253096818339e-06 1.199915235386875562e-06 1.237894866527213263e-07 4.482501883488115629e-05 1.616721998616036775e-06 -6.372623979158489643e-07 2.548584924596769006e-06 -1.897799493059576344e-05 2.753212986548837169e-06 3.344720811466740619e-04 9.364254375869022400e-06 0.000000000000000000e+00 0.000000000000000000e+00 0.000000000000000000e+00
1.041847958055844988e-08 -1.108607098402561071e-09 2.960766329368480329e-08 1.101454719180479558e-06 -5.781806374124022457e-06 -6.398648456776783889e-06 4.549316304104004279e-07 -5.144895329902905744e-06 -1.710196345186528862e-07 6.633806325504995682e-08 0.000000000000000000e+00 0.000000000000000000e+00 0.000000000000000000e+00 0.000000000000000000e+00 0.000000000000000000e+00 0.000000000000000000e+00 0.000000000000000000e+00 0.000000000000000000e+00 0.000000000000000000e+00 0.000000000000000000e+00 0.000000000000000000e+00 0.000000000000000000e+00 0.000000000000000000e+00 0.000000000000000000e+00 0.000000000000000000e+00 0.000000000000000000e+00 -1.442563474388144243e-08 3.216791246971993956e-11 -4.443682573809385410e-07 1.065837419519328951e-05 1.311875586186040908e-08 -6.661470811133589397e-05 3.577023977574903137e-06 8.565336200779248706e-07 9.486423202427630323e-07 5.642988778657175345e-05 1.525922391783195978e-05 6.422684709106499410e-07 1.436509419191558640e-05 1.068238018350371207e-06 8.492537183373701509e-08 7.016101057512994540e-05 1.356116221065226936e-06 -6.067092938379293291e-09 2.015729280223275284e-08 3.977198285854322593e-05 4.750116522399292559e-07 2.661364359735203885e-06 7.451053243664735805e-08 0.000000000000000000e+00 0.000000000000000000e+00 0.000000000000000000e+00
-8.816163383754686420e-08 -6.342815206610883645e-09 1.707020059646352999e-07 -5.781806374124022457e-06 4.138392343276824678e-05 2.483847263669933806e-05 -3.310644925998034704e-06 3.125784357947706735e-05 5.712802317378344633e-06 -3.031144624607646998e-07 0.000000000000000000e+00 0.000000000000000000e+00 0.000000000000000000e+00 0.000000000000000000e+00 0.000000000000000000e+00 0.000000000000000000e+00 0.000000000000000000e+00 0.000000000000000000e+00 0.000000000000000000e+00 0.000000000000000000e+00 0.000000000000000000e+00 0.000000000000000000e+00 0.000000000000000000e+00 0.000000000000000000e+00 0.000000000000000000e+00 0.000000000000000000e+00 -2.481592317845445041e-08 -3.978486350606543062e-10 1.976798964964496087e-05 -7.451198176385449021e-05 -5.154921597772785422e-08 8.823748220697684918e-04 -2.895611839028790782e-05 -5.959061900479645650e-06 -3.917455738873424303e-06 -2.225759463106487680e-04 -8.746373235610211240e-05 -7.816108451314756239e-07 -8.604421324513679067e-05 -3.528474795792890092e-06 6.648957670790469960e-07 -3.363113010116047471e-04 -2.488704645225496482e-06 -1.924852497561288248e-08 1.181354266577244738e-07 -2.742766947038933708e-04 -2.976708289842225312e-06 1.534400841779661872e-05 4.295880166653243956e-07 0.000000000000000000e+00 0.000000000000000000e+00 0.000000000000000000e+00
-9.390455851542063781e-09 1.687318817031335343e-08 -4.517081999387130848e-07 -6.398648456776783889e-06 2.483847263669933806e-05 4.457069065854720087e-05 -2.022754591621914945e-06 2.708296425003760345e-05 -2.792317753192777771e-06 -4.226546985856751988e-07 0.000000000000000000e+00 0.000000000000000000e+00 0.000000000000000000e+00 0.000000000000000000e+00 0.000000000000000000e+00 0.000000000000000000e+00 0.000000000000000000e+00 0.000000000000000000e+00 0.000000000000000000e+00 0.000000000000000000e+00 0.000000000000000000e+00 0.000000000000000000e+00 0.000000000000000000e+00 0.000000000000000000e+00 0.000000000000000000e+00 0.000000000000000000e+00 1.795360705373721174e-07 -1.191309939913069765e-11 -1.147219344797695815e-05 -3.133064423507013940e-06 -8.742951675898190100e-08 -1.623658657506644445e-05 -7.650649210648278003e-06 -2.050036455349642135e-06 -6.201148618599632180e-06 -3.922203807223792233e-04 -7.177587777809686805e-05 -5.232791184212648787e-06 -6.407936073401852394e-05 -7.297465706047007700e-06 -1.351300924248160378e-06 -4.083359464382035377e-04 -1.131808243900500981e-05 7.959847419574557659e-08 -3.091105956853701788e-07 -9.868176410748008781e-05 -1.480356770010380321e-06 -4.060300512041604460e-05 -1.136767131859814413e-06 0.000000000000000000e+00 0.000000000000000000e+00 0.000000000000000000e+00
1.865711364247684418e-07 1.570339597561580765e-07 -4.210075003909472612e-06 4.549316304104004279e-07 -3.310644925998034704e-06 -2.022754591621914945e-06 4.379300977859554159e-05 -9.700745573081492374e-06 -1.284701439485161910e-05 -3.508131101332509961e-07 0.000000000000000000e+00 0.000000000000000000e+00 0.000000000000000000e+00 0.000000000000000000e+00 0.000000000000000000e+00 0.000000000000000000e+00 0.000000000000000000e+00 0.000000000000000000e+00 0.000000000000000000e+00 0.000000000000000000e+00 0.000000000000000000e+00 0.000000000000000000e+00 0.000000000000000000e+00 0.000000000000000000e+00 0.000000000000000000e+00 0.000000000000000000e+00 3.353686744960215558e-06 3.090200213343063519e-09 3.915799081056803603e-05 -2.272624095200363853e-06 2.686638250402759699e-07 -1.328765122082843381e-04 1.104844050001132813e-06 4.882017733539401452e-08 2.661997030934678319e-07 1.860410563105780162e-05 -7.659377462253753784e-06 -1.011344047738411313e-06 8.800669843181653260e-06 1.721944107024930927e-07 -2.691224295435320298e-07 3.859643839271893089e-05 -1.361570438669860690e-07 6.677997596777795221e-07 -2.890055057083370484e-06 1.143385538566826597e-05 -3.229017574684476240e-06 -3.784339026040810087e-04 -1.059505868558110478e-05 0.000000000000000000e+00 0.000000000000000000e+00 0.000000000000000000e+00
-1.904620024439254503e-07 -1.423830609494766236e-07 3.814082261790868271e-06 -5.144895329902905744e-06 3.125784357947706735e-05 2.708296425003760345e-05 -9.700745573081492374e-06 1.391814679009958835e-04 6.474201164377039966e-06 -3.816932466719866480e-07 0.000000000000000000e+00 0.000000000000000000e+00 0.000000000000000000e+00 0.000000000000000000e+00 0.000000000000000000e+00 0.000000000000000000e+00 0.000000000000000000e+00 0.000000000000000000e+00 0.000000000000000000e+00 0.000000000000000000e+00 0.000000000000000000e+00 0.000000000000000000e+00 0.000000000000000000e+00 0.000000000000000000e+00 0.000000000000000000e+00 0.000000000000000000e+00 -2.936174229879102410e-06 -9.372772304289762376e-10 2.736731173887416651e-05 -9.037924066866479295e-06 -8.517745164180920285e-08 3.759642013796015651e-03 -1.442178093344412299e-05 -2.396787545331106554e-06 -3.835174793863514170e-06 -2.425912607030610089e-04 -1.939165202909599650e-05 2.076212167345255189e-06 -3.286542019581707014e-05 -5.303187244419029949e-07 2.270871656191723926e-07 -1.400411980843918082e-04 -7.393576219353911599e-07 -6.434780917615627692e-07 2.613525321721811724e-06 -8.319494358292512282e-05 2.098645716581210225e-06 3.428390310961677433e-04 9.598504862213394430e-06 0.000000000000000000e+00 0.000000000000000000e+00 0.000000000000000000e+00
-1.952069700846237589e-07 -1.554193891193472386e-07 4.166414197702107491e-06 -1.710196345186528862e-07 5.712802317378344633e-06 -2.792317753192777771e-06 -1.284701439485161910e-05 6.474201164377039966e-06 4.724274079804764644e-05 6.463198590293718183e-07 0.000000000000000000e+00 0.000000000000000000e+00 0.000000000000000000e+00 0.000000000000000000e+00 0.000000000000000000e+00 0.000000000000000000e+00 0.000000000000000000e+00 0.000000000000000000e+00 0.000000000000000000e+00 0.000000000000000000e+00 0.000000000000000000e+00 0.000000000000000000e+00 0.000000000000000000e+00 0.000000000000000000e+00 0.000000000000000000e+00 0.000000000000000000e+00 -1.761399631465381310e-06 -2.496616860044657909e-09 1.637755880214718024e-04 -1.138813986889239289e-05 2.794624885200299633e-08 9.869273696218737631e-04 -4.641578027729999860e-06 -6.470741034204424762e-07 3.269518014882439467e-07 2.295046414038683894e-05 2.435907334035551891e-05 3.341198917525594608e-06 6.458931337688969578e-06 2.563048269890406896e-06 6.116010511717054350e-07 8.001814088013845232e-05 3.821519570785365784e-06 -6.653718401458983936e-07 2.859534881306681521e-06 -4.722721014860630775e-05 2.787949667419415865e-06 3.745093337380750193e-04 1.048518206732674070e-05 0.000000000000000000e+00 0.000000000000000000e+00 0.000000000000000000e+00
1.488326201234313944e-09 7.368734168406511632e-10 -1.980104691510812615e-08 6.633806325504995682e-08 -3.031144624607646998e-07 -4.226546985856751988e-07 -3.508131101332509961e-07 -3.816932466719866480e-07 6.463198590293718183e-07 5.754960672199866973e-07 0.000000000000000000e+00 0.000000000000000000e+00 0.000000000000000000e+00 0.000000000000000000e+00 0.000000000000000000e+00 0.000000000000000000e+00 0.000000000000000000e+00 0.000000000000000000e+00 0.000000000000000000e+00 0.000000000000000000e+00 0.000000000000000000e+00 0.000000000000000000e+00 0.000000000000000000e+00 0.000000000000000000e+00 0.000000000000000000e+00 0.000000000000000000e+00 1.092078243442194769e-07 -2.666542229697738895e-11 -7.351077556477366719e-06 9.962545584501015632e-08 -1.269267667859262307e-08 -7.622108070947770673e-06 1.572814098405915449e-07 3.983207076559963455e-08 6.097990336250437242e-08 3.719355607082391662e-06 9.339948483119055076e-07 5.281753862230514892e-08 9.634168478156548015e-07 7.892262347091796628e-08 1.018746685439979643e-08 5.018104315984860406e-06 9.788837031886415169e-08 2.594043579254004778e-09 -1.365936842011437731e-08 2.128975295328108511e-06 8.365513231446962344e-09 -1.779870299881238720e-06 -4.983123908878139912e-08 0.000000000000000000e+00 0.000000000000000000e+00 0.000000000000000000e+00
0.000000000000000000e+00 0.000000000000000000e+00 0.000000000000000000e+00 0.000000000000000000e+00 0.000000000000000000e+00 0.000000000000000000e+00 0.000000000000000000e+00 0.000000000000000000e+00 0.000000000000000000e+00 0.000000000000000000e+00 1.858697824723065899e-07 -7.011906406428504537e-07 2.217478347849801329e-06 0.000000000000000000e+00 0.000000000000000000e+00 0.000000000000000000e+00 0.000000000000000000e+00 0.000000000000000000e+00 0.000000000000000000e+00 0.000000000000000000e+00 0.000000000000000000e+00 0.000000000000000000e+00 0.000000000000000000e+00 0.000000000000000000e+00 0.000000000000000000e+00 0.000000000000000000e+00 0.000000000000000000e+00 0.000000000000000000e+00 0.000000000000000000e+00 0.000000000000000000e+00 0.000000000000000000e+00 0.000000000000000000e+00 0.000000000000000000e+00 0.000000000000000000e+00 0.000000000000000000e+00 0.000000000000000000e+00 1.230313773382015190e-05 4.833735348795652872e-07 -5.887632411179763378e-06 -6.761230712359142581e-07 1.876359140623068230e-09 -1.103496866788358937e-05 -5.211462925332846120e-07 0.000000000000000000e+00 0.000000000000000000e+00 0.000000000000000000e+00 0.000000000000000000e+00 4.045449185630948445e-04 7.729273517320381972e-06 0.000000000000000000e+00 0.000000000000000000e+00 0.000000000000000000e+00
0.000000000000000000e+00 0.000000000000000000e+00 0.000000000000000000e+00 0.000000000000000000e+00 0.000000000000000000e+00 0.000000000000000000e+00 0.000000000000000000e+00 0.000000000000000000e+00 0.000000000000000000e+00 0.000000000000000000e+00 -7.011906406428504537e-07 7.708279605386979217e-04 9.992269484149045311e-05 0.000000000000000000e+00 0.000000000000000000e+00 0.000000000000000000e+00 0.000000000000000000e+00 0.000000000000000000e+00 0.000000000000000000e+00 0.000000000000000000e+00 0.000000000000000000e+00 0.000000000000000000e+00 0.000000000000000000e+00 0.000000000000000000e+00 0.000000000000000000e+00 0.000000000000000000e+00 0.000000000000000000e+00 0.000000000000000000e+00 0.000000000000000000e+00 0.000000000000000000e+00 0.000000000000000000e+00 0.000000000000000000e+00 0.000000000000000000e+00 0.000000000000000000e+00 0.000000000000000000e+00 0.000000000000000000e+00 -1.154812305772304905e-05 3.866574936894530418e-06 5.079995657922768665e-05 8.626892130383891826e-06 -3.835535646785260573e-05 4.154383095143533450e-04 2.102378809051844768e-05 0.000000000000000000e+00 0.000000000000000000e+00 0.000000000000000000e+00 0.000000000000000000e+00 -1.526138928248491327e-03 -2.915855486149931773e-05 0.000000000000000000e+00 0.000000000000000000e+00 0.000000000000000000e+00
0.000000000000000000e+00 0.000000000000000000e+00 0.000000000000000000e+00 0.000000000000000000e+00 0.000000000000000000e+00 0.000000000000000000e+00 0.000000000000000000e+00 0.000000000000000000e+00 0.000000000000000000e+00 0.000000000000000000e+00 2.217478347849801329e-06 9.992269484149045311e-05 9.860645850304455666e-05 0.000000000000000000e+00 0.000000000000000000e+00 0.000000000000000000e+00 0.000000000000000000e+00 0.000000000000000000e+00 0.000000000000000000e+00 0.000000000000000000e+00 0.000000000000000000e+00 0.000000000000000000e+00 0.000000000000000000e+00 0.000000000000000000e+00 0.000000000000000000e+00 0.000000000000000000e+00 0.000000000000000000e+00 0.000000000000000000e+00 0.000000000000000000e+00 0.000000000000000000e+00 0.000000000000000000e+00 0.000000000000000000e+00 0.000000000000000000e+00 0.000000000000000000e+00 0.000000000000000000e+00 0.000000000000000000e+00 -1.625766030875459562e-06 -6.400995718102053205e-06 -2.101638521031805773e-04 -2.367841309100465985e-05 -5.984456107750988901e-06 -9.651628733122405435e-04 -2.625066547339095281e-05 0.000000000000000000e+00 0.000000000000000000e+00 0.000000000000000000e+00 0.000000000000000000e+00 4.826333714464756813e-03 9.221238891706615864e-05 0.000000000000000000e+00 0.000000000000000000e+00 0.000000000000000000e+00
0.000000000000000000e+00 0.000000000000000000e+00 0.000000000000000000e+00 0.000000000000000000e+00 0.000000000000000000e+00 0.000000000000000000e+00 0.000000000000000000e+00 0.000000000000000000e+00 0.000000000000000000e+00 0.000000000000000000e+00 0.000000000000000000e+00 0.000000000000000000e+00 0.000000000000000000e+00 2.454335976204236047e-01 6.659123600548532140e-01 7.375910376465030782e-02 6.136064861814050087e-02 1.104266307768468625e-02 -9.675180936256723430e-03 1.521158501695634574e-03 1.011392161492472713e-02 -7.451183851439818762e-02 3.885336357058997159e-01 -2.252051841438383217e+00 9.529724340714584851e-03 -2.771337182307737068e-01 -5.385018164612845659e+00 1.728190535948872968e-05 1.400830087006071367e-01 -1.828715060087009459e+00 -1.193403332561821775e-04 -1.237998286622085109e+00 -2.396313112259782219e-01 -8.527326519067403299e-02 -9.670454189335701833e-03 1.503931879409916572e-01 -7.342053716639233008e-01 -4.161645027195193247e-02 -7.118495709683125838e-01 -4.869438460206547414e-02 -3.840643774100808115e-03 -1.957002695645031487e+00 -3.306970796803408719e-02 -4.819214936584920728e-01 -6.539095519292489889e-02 -5.135132743851395176e+00 -6.464198661918987843e-02 -3.283406195631406010e+00 -6.940332047839251062e-02 1.963497655502076313e-04 8.313943790416832155e-05 5.157137776634770389e-03
0.000000000000000000e+00 0.000000000000000000e+00 0.000000000000000000e+00 0.000000000000000000e+00 0.000000000000000000e+00 0.000000000000000000e+00 0.000000000000000000e+00 0.000000000000000000e+00 0.000000000000000000e+00 0.000000000000000000e+00 0.000000000000000000e+00 0.000000000000000000e+00 0.000000000000000000e+00 6.659123600548532140e-01 1.917933012698068485e+00 1.107922450517780932e-01 1.710351345214208840e-01 5.434372896131201003e-02 -4.944922932093015477e-02 4.629842743027974550e-03 -5.318427065057501624e-03 -1.298204189087098781e-01 1.434099660965397760e+00 -6.683246148182861113e+00 2.479821306132756753e-02 -7.779748413841711674e-01 -1.762768518235771609e+01 5.793503866267686738e-05 6.600039602782803438e-02 -6.503875867692718415e+00 -6.631656021104541171e-04 -3.464082310299380740e+00 -8.249161078497468935e-01 -2.961662167982623828e-01 -3.409143435091269159e-02 4.969215560925522857e-01 -2.514842680939850084e+00 -1.465059792773276692e-01 -2.431604776877503760e+00 -1.696604327081613905e-01 -1.232782654545241767e-02 -6.581200176876031094e+00 -1.141249232775948252e-01 -1.576458761206090076e+00 -2.217465999920836817e-01 -1.722113234410704052e+01 -2.262730659524647137e-01 -1.091684622649145098e+01 -2.401128098616319428e-01 6.490390546063649121e-04 2.779359694337381879e-04 1.589776933613641988e-02
0.000000000000000000e+00 0.000000000000000000e+00 0.000000000000000000e+00 0.000000000000000000e+00 0.000000000000000000e+00 0.000000000000000000e+00 0.000000000000000000e+00 0.000000000000000000e+00 0.000000000000000000e+00 0.000000000000000000e+00 0.000000000000000000e+00 0.000000000000000000e+00 0.000000000000000000e+00 7.375910376465030782e-02 1.107922450517780932e-01 1.053969395158600164e-01 1.601118452236666156e-02 -2.084423898242516657e-02 2.465948667240947315e-02 -2.965905143345288347e-03 3.070501083922486801e-02 -3.418923349827192315e-02 -3.405737634395190061e-01 -1.675784210975558297e-01 -7.039607349377269285e-02 -1.898589578133748346e-02 1.177402766497702258e+00 -5.050568091723145013e-06 3.343775162366967590e-01 8.501282590460006450e-01 2.784657232684995464e-04 -2.889485218342819906e-01 8.756723783770478664e-02 3.359213567516829146e-02 4.293954559441755942e-03 -3.448941436696432994e-02 2.583786145080201324e-01 1.830434437087145871e-02 2.443019057215454481e-01 1.984114755331920291e-02 5.593325788138130182e-04 5.750176614219824067e-01 1.241700913183141700e-02 1.043587454561594879e-01 2.140169866392483203e-02 1.503242758333598994e+00 2.769123205892648834e-02 8.739197710190457213e-01 2.711685632914962937e-02 -1.224445180104811711e-04 -5.815489301033390564e-06 1.074724618513004694e-03
0.000000000000000000e+00 0.000000000000000000e+00 0.000000000000000000e+00 0.000000000000000000e+00 0.000000000000000000e+00 0.000000000000000000e+00 0.000000000000000000e+00 0.000000000000000000e+00 0.000000000000000000e+00 0.000000000000000000e+00 0.000000000000000000e+00 0.000000000000000000e+00 0.000000000000000000e+00 6.136064861814050087e-02 1.710351345214208840e-01 1.601118452236666156e-02 6.584524621984992887e-01 3.408480529014071281e-01 -1.626077472914352895e-01 -9.295026450048932132e-02 -2.461433850582924465e-01 -2.897096718735105991e-01 6.671704993355893620e-01 -8.393214189046243057e-01 2.308664811252224558e-01 -3.189787471029649879e+00 -6.832185933902650277e+00 2.131867827995604037e-05 -9.586195640253131200e-02 -1.369374840521467007e+01 -7.001543523100131183e-04 -5.586422304211870582e+00 -1.211279728928133181e+00 -4.340343485960661551e-01 -4.415227294346579789e-02 1.146896608602438805e+00 -3.059499706939596386e+00 -1.840641859907546363e-01 -2.966487309343213141e+00 -1.919172856939217464e-01 -2.357679550873941626e-02 -8.144305064274147909e+00 -1.432121278564092992e-01 -6.076905075690810509e-01 -1.050971405134357023e-01 -7.542899372710980543e+00 -1.214896706276757388e-01 -4.587739839126786734e+00 -1.233473834177017253e-01 -2.588948176711643027e-04 3.286474110779440908e-04 4.891855964712608917e-04
0.000000000000000000e+00 0.000000000000000000e+00 0.000000000000000000e+00 0.000000000000000000e+00 0.000000000000000000e+00 0.000000000000000000e+00 0.000000000000000000e+00 0.000000000000000000e+00 0.000000000000000000e+00 0.000000000000000000e+00 0.000000000000000000e+00 0.000000000000000000e+00 0.000000000000000000e+00 1.104266307768468625e-02 5.434372896131201003e-02 -2.084423898242516657e-02 3.408480529014071281e-01 1.895637285556981133e-01 -9.839542518020795436e-02 -4.697359240970790800e-02 -1.366169649442991463e-01 -1.554301505364358571e-01 4.636499086290735150e-01 -3.818425390287689680e-01 1.302036428249981614e-01 -1.649936897195838359e+00 -3.889369775268351592e+00 1.251301283030554728e-05 -1.427442082823148772e-01 -7.411972677467074000e+00 -4.435035608330213934e-04 -2.847172587052163806e+00 -6.587518763834276925e-01 -2.366597076281524714e-01 -2.431187331128566859e-02 6.106912862497155814e-01 -1.673675925555827337e+00 -1.014589025658997473e-01 -1.621083368699818061e+00 -1.059767624704382599e-01 -1.251019713922007018e-02 -4.424256581026442703e+00 -7.843639156444778826e-02 -3.458300019013869075e-01 -6.079526573083843255e-02 -4.352746320971987437e+00 -7.112814145406062827e-02 -2.635754976783586834e+00 -7.192803856322141365e-02 -5.230550582253923071e-05 1.454134241716098085e-04 -3.265757359267509180e-04
0.000000000000000000e+00 0.000000000000000000e+00 0.000000000000000000e+00 0.000000000000000000e+00 0.000000000000000000e+00 0.000000000000000000e+00 0.000000000000000000e+00 0.000000000000000000e+00 0.000000000000000000e+00 0.000000000000000000e+00 0.000000000000000000e+00 0.000000000000000000e+00 0.000000000000000000e+00 -9.675180936256723430e-03 -4.944922932093015477e-02 2.465948667240947315e-02 -1.626077472914352895e-01 -9.839542518020795436e-02 9.217787396350360374e-02 -4.057053476723301161e-03 7.505709452391681746e-02 1.019081760529720604e-01 -3.654879995079072796e-01 3.122092144162483263e-01 -1.283535732632184179e-01 8.279263765180271406e-01 2.477777571756718089e+00 -8.213330631302615689e-06 1.216113435909426943e-01 3.806380870116628845e+00 2.726865734870563031e-04 1.383662688045492306e+00 3.465268173368520888e-01 1.248430005882127936e-01 1.305827107010550277e-02 -3.066960404645750482e-01 8.969695011149005914e-01 5.466608860285162436e-02 8.676822399670007790e-01 5.764000896810302782e-02 6.312311336040885359e-03 2.351362342880729983e+00 4.199365949898137274e-02 2.204887820505642138e-01 3.787553528576259598e-02 2.740804987451781916e+00 4.392023952228209238e-02 1.665908177633899090e+00 4.455083884141999850e-02 -6.971028470374403046e-04 -4.995665762942741635e-05 1.509172984779875298e-03
0.000000000000000000e+00 0.000000000000000000e+00 0.000000000000000000e+00 0.000000000000000000e+00 0.000000000000000000e+00 0.000000000000000000e+00 0.000000000000000000e+00 0.000000000000000000e+00 0.000000000000000000e+00 0.000000000000000000e+00 0.000000000000000000e+00 0.000000000000000000e+00 0.000000000000000000e+00 1.521158501695634574e-03 4.629842743027974550e-03 -2.965905143345288347e-03 -9.295026450048932132e-02 -4.697359240970790800e-02 -4.057053476723301161e-03 3.156682772582449642e-02 3.177197851231311487e-02 2.657308191638631592e-02 -3.833761023596241047e-02 9.408354378940914087e-03 4.403988866130480878e-03 4.251111028859985153e-01 6.368569842183356977e-01 -1.897854812517529140e-06 6.624811977154594633e-03 1.848365962578497612e+00 8.239347890284971776e-05 7.552645950598267932e-01 1.585628426081425180e-01 5.675020711665745843e-02 5.677220678290248804e-03 -1.566277151233020914e-01 3.915762826130702035e-01 2.357606912749678207e-02 3.799561395695864041e-01 2.424988483805715078e-02 3.184529780168197585e-03 1.047337797674326998e+00 1.838753672295512231e-02 5.649634796338688647e-02 1.062693933204344326e-02 7.393700324494081322e-01 1.276540376448663007e-02 4.425397240998478754e-01 1.279399508469410141e-02 5.414833463104453196e-04 -5.889367299889918352e-05 -7.683406460535725704e-04
0.000000000000000000e+00 0.000000000000000000e+00 0.000000000000000000e+00 0.000000000000000000e+00 0.000000000000000000e+00 0.000000000000000000e+00 0.000000000000000000e+00 0.000000000000000000e+00 0.000000000000000000e+00 0.000000000000000000e+00 0.000000000000000000e+00 0.000000000000000000e+00 0.000000000000000000e+00 1.011392161492472713e-02 -5.318427065057501624e-03 3.070501083922486801e-02 -2.461433850582924465e-01 -1.366169649442991463e-01 7.505709452391681746e-02 3.177197851231311487e-02 1.759708700158938710e-01 8.989034989163380285e-02 -3.334265333360419969e-01 1.792389097128006537e-01 -2.518206103041590316e-01 1.364326971428147184e+00 2.790503857972153945e+00 -9.129746687569464985e-06 1.500870119861079099e-01 5.476270952627510624e+00 3.544069672302140885e-04 2.009693421597364527e+00 4.851778433197661000e-01 1.745878769529913555e-01 1.800068025157269130e-02 -4.469796104135574377e-01 1.232133370944079154e+00 7.511825375461783638e-02 1.192678431362658165e+00 7.834817894297343988e-02 9.109754281957246902e-03 3.243581484929974668e+00 5.783181216634075000e-02 2.479635232946596213e-01 4.469830821301951085e-02 3.179356639218256397e+00 5.306753596179285964e-02 1.914203761497059286e+00 5.340362875488650213e-02 8.697950500565648259e-05 -3.100696469821326382e-04 4.223606817791106943e-04
0.000000000000000000e+00 0.000000000000000000e+00 0.000000000000000000e+00 0.000000000000000000e+00 0.000000000000000000e+00 0.000000000000000000e+00 0.000000000000000000e+00 0.000000000000000000e+00 0.000000000000000000e+00 0.000000000000000000e+00 0.000000000000000000e+00 0.000000000000000000e+00 0.000000000000000000e+00 -7.451183851439818762e-02 -1.298204189087098781e-01 -3.418923349827192315e-02 -2.897096718735105991e-01 -1.554301505364358571e-01 1.019081760529720604e-01 2.657308191638631592e-02 8.989034989163380285e-02 9.030949660538404311e-01 -1.808957173514346817e+00 1.141679721476630327e+00 -7.210368165255627293e-01 1.790093754701497009e+00 3.519732083124997857e+00 -1.084332227431176247e-05 -3.230893498548539911e-02 5.926659577862404049e+00 2.707462981992949953e-04 2.590411366039985452e+00 5.341553458221737216e-01 1.909711784872278606e-01 1.944269013692755468e-02 -5.016127773926752909e-01 1.363029076077430179e+00 8.118906027597523611e-02 1.322544530188434431e+00 8.534127996688561923e-02 1.044840383043446966e-02 3.646110056669479960e+00 6.355538781263317394e-02 3.135674572174768082e-01 5.098838723053721045e-02 3.731600620706382543e+00 5.682502746794369786e-02 2.300154570621603778e+00 5.842026297748998537e-02 -4.943128826617885282e-05 -4.008283089552376870e-04 4.176372663975837229e-03
0.000000000000000000e+00 0.000000000000000000e+00 0.000000000000000000e+00 0.000000000000000000e+00 0.000000000000000000e+00 0.000000000000000000e+00 0.000000000000000000e+00 0.000000000000000000e+00 0.000000000000000000e+00 0.000000000000000000e+00 0.000000000000000000e+00 0.000000000000000000e+00 0.000000000000000000e+00 3.885336357058997159e-01 1.434099660965397760e+00 -3.405737634395190061e-01 6.671704993355893620e-01 4.636499086290735150e-01 -3.654879995079072796e-01 -3.833761023596241047e-02 -3.334265333360419969e-01 -1.808957173514346817e+00 6.661155159687615956e+00 -7.487263785763345503e+00 1.934744697966002569e+00 -4.348097999809112046e+00 -2.856542417388365962e+01 9.810500055038850749e-05 -1.490190492762642815e+00 -2.200971284854594145e+01 -2.488475466174686068e-03 -6.982604728765715585e+00 -2.248946367586570627e+00 -8.161848397330184746e-01 -9.082062336752794174e-02 1.634257175733861756e+00 -6.272076744614748733e+00 -3.847432922897334739e-01 -6.047262556767746489e+00 -4.212545883946434699e-01 -3.503164496955656071e-02 -1.608697409605342088e+01 -2.914473546511934798e-01 -2.547638616993861405e+00 -4.048920507183455531e-01 -3.021065429023009230e+01 -4.512295877986250980e-01 -1.863585328868035162e+01 -4.640295752169520949e-01 1.153329138023761937e-03 1.139564108612380403e-03 4.431083631132983272e-04
0.000000000000000000e+00 0.000000000000000000e+00 0.000000000000000000e+00 0.000000000000000000e+00 0.000000000000000000e+00 0.000000000000000000e+00 0.000000000000000000e+00 0.000000000000000000e+00 0.000000000000000000e+00 0.000000000000000000e+00 0.000000000000000000e+00 0.000000000000000000e+00 0.000000000000000000e+00 -2.252051841438383217e+00 -6.683246148182861113e+00 -1.675784210975558297e-01 -8.393214189046243057e-01 -3.818425390287689680e-01 3.122092144162483263e-01 9.408354378940914087e-03 1.792389097128006537e-01 1.141679721476630327e+00 -7.487263785763345503e+00 2.446696123843323178e+01 -8.732407239147126354e-01 4.374718520905982899e+00 6.871389401189014734e+01 -2.280406675144327176e-04 5.525904367462155520e-01 3.070826628427360916e+01 3.286968315991051388e-03 1.401238591809612188e+01 3.641360655860165885e+00 1.311849617982900007e+00 1.496679473661345905e-01 -2.317550896892985435e+00 1.083122557401458863e+01 6.406085301416024613e-01 1.046356893232884744e+01 7.304005923618815954e-01 5.489916928673482799e-02 2.817177438991871696e+01 4.948114319392573068e-01 6.141720961620679375e+00 8.867811414558447458e-01 6.826645079449627929e+01 9.236807714137577063e-01 4.302117804864354156e+01 9.728714130210657229e-01 -2.386842103203710031e-03 -1.469140474441760474e-03 -5.286815035747580160e-02
0.000000000000000000e+00 0.000000000000000000e+00 0.000000000000000000e+00 0.000000000000000000e+00 0.000000000000000000e+00 0.000000000000000000e+00 0.000000000000000000e+00 0.000000000000000000e+00 0.000000000000000000e+00 0.000000000000000000e+00 0.000000000000000000e+00 0.000000000000000000e+00 0.000000000000000000e+00 9.529724340714584851e-03 2.479821306132756753e-02 -7.039607349377269285e-02 2.308664811252224558e-01 1.302036428249981614e-01 -1.283535732632184179e-01 4.403988866130480878e-03 -2.518206103041590316e-01 -7.210368165255627293e-01 1.934744697966002569e+00 -8.732407239147126354e-01 3.359802294145390889e+00 -3.915013659873519458e+00 -4.572187008235019334e+00 1.556600289529284781e-05 -2.948942334797185483e-01 -5.947825151050420089e+00 -5.140274778210308058e-04 -1.977796633840815277e+00 -5.534044138986315975e-01 -2.001002962991305645e-01 -2.132942224569122497e-02 4.656258230334344717e-01 -1.457539174311185848e+00 -8.954648736468730219e-02 -1.407808358144932104e+00 -9.515002809080891355e-02 -9.600673172129342570e-03 -3.782364392130513231e+00 -6.823110560090214771e-02 -4.069823600254019458e-01 -6.949162317372697961e-02 -5.052770325919189176e+00 -8.057416953873461352e-02 -3.072051814560599947e+00 -8.173906214851399399e-02 4.212688906954630019e-04 -7.104024656582553967e-04 -5.863230268050268271e-03
0.000000000000000000e+00 0.000000000000000000e+00 0.000000000000000000e+00 0.000000000000000000e+00 0.000000000000000000e+00 0.000000000000000000e+00 0.000000000000000000e+00 0.000000000000000000e+00 0.000000000000000000e+00 0.000000000000000000e+00 0.000000000000000000e+00 0.000000000000000000e+00 0.000000000000000000e+00 -2.771337182307737068e-01 -7.779748413841711674e-01 -1.898589578133748346e-02 -3.189787471029649879e+00 -1.649936897195838359e+00 8.279263765180271406e-01 4.251111028859985153e-01 1.364326971428147184e+00 1.790093754701497009e+00 -4.348097999809112046e+00 4.374718520905982899e+00 -3.915013659873519458e+00 1.796600138826961413e+01 3.445013368290362621e+01 -1.084153917907153470e-04 6.610143050912039575e-01 6.714286882080170926e+01 3.584011606721457591e-03 2.704234353647407829e+01 5.955201015623909910e+00 2.135244144654712350e+00 2.178674661509343025e-01 -5.599977540984101054e+00 1.507906633133636376e+01 9.086496793489138302e-01 1.461671531876770658e+01 9.484577792987327616e-01 1.151041182436791099e-01 4.006917399238446365e+01 7.059016435409084522e-01 3.064258679145138942e+00 5.301561893396672387e-01 3.807600117844149423e+01 6.135459035389988491e-01 2.315011181561370179e+01 6.226991289170032973e-01 9.559927946966564807e-04 -6.281237941678698838e-04 6.817605470788717925e-04
1.269479379227590322e-07 1.270550700428148265e-07 -2.824654585463847246e-06 -1.442563474388144243e-08 -2.481592317845445041e-08 1.795360705373721174e-07 3.353686744960215558e-06 -2.936174229879102410e-06 -1.761399631465381310e-06 1.092078243442194769e-07 0.000000000000000000e+00 0.000000000000000000e+00 0.000000000000000000e+00 -5.385018164612845659e+00 -1.762768518235771609e+01 1.177402766497702258e+00 -6.832185933902650277e+00 -3.889369775268351592e+00 2.477777571756718089e+00 6.368569842183356977e-01 2.790503857972153945e+00 3.519732083124997857e+00 -2.856542417388365962e+01 6.871389401189014734e+01 -4.572187008235019334e+00 3.445013368290362621e+01 3.317130505108162879e+02 -1.007654044241343199e-03 1.827482731150465112e+00 2.269541865852528986e+02 2.164382277855022435e-02 1.941801712522359580e+01 2.652936680152517823e+01 6.644654234061255771e+00 8.233264675792202336e-01 -1.735718180045941494e+01 7.335677957375185088e+01 3.810868963284374633e+00 7.082992841665691230e+01 4.274858700116218380e+00 4.672672227433120606e-01 1.941289351434151911e+02 3.284338297116278671e+00 3.090021212978571796e+01 4.283829890612573799e+00 4.475755844937840493e+02 4.636628789137403395e+00 2.603861083912929075e+02 4.816214220606715557e+00 -7.833177465044218607e-03 -5.445469715661763015e-03 -1.223781807087068185e-01
2.412356930310024584e-11 1.983523390959984896e-11 -5.334694301831611178e-10 3.216791246971993956e-11 -3.978486350606543062e-10 -1.191309939913069765e-11 3.090200213343063519e-09 -9.372772304289762376e-10 -2.496616860044657909e-09 -2.666542229697738895e-11 0.000000000000000000e+00 0.000000000000000000e+00 0.000000000000000000e+00 1.728190535948872968e-05 5.793503866267686738e-05 -5.050568091723145013e-06 2.131867827995604037e-05 1.251301283030554728e-05 -8.213330631302615689e-06 -1.897854812517529140e-06 -9.129746687569464985e-06 -1.084332227431176247e-05 9.810500055038850749e-05 -2.280406675144327176e-04 1.556600289529284781e-05 -1.084153917907153470e-04 -1.007654044241343199e-03 3.273777069745101210e-09 -1.567318109274717597e-05 -7.116169435454766526e-04 -7.073890354918717977e-08 -1.095863824149729290e-04 -7.944702655714302726e-05 -2.294480735659533467e-05 -2.720880486875829327e-06 5.414421976332115650e-05 -2.202894980180794440e-04 -1.218320088743331244e-05 -2.126113191966736782e-04 -1.357592164237665211e-05 -1.346682334627269014e-06 -5.761580407404414111e-04 -9.988007964255843344e-06 -9.138822851545074313e-05 -1.356822979791999250e-05 -1.181762099399351860e-03 -1.477583966675695835e-05 -7.083491077637354798e-04 -1.531967678497565713e-05 2.817013495589568941e-08 1.760269369456741076e-08 4.008194030359322131e-07
-1.195323023601442302e-06 -9.529519169563231553e-07 2.553088383242591825e-05 -4.443682573809385410e-07 1.976798964964496087e-05 -1.147219344797695815e-05 3.915799081056803603e-05 2.736731173887416651e-05 1.637755880214718024e-04 -7.351077556477366719e-06 0.000000000000000000e+00 0.000000000000000000e+00 0.000000000000000000e+00 1.400830087006071367e-01 6.600039602782803438e-02 3.343775162366967590e-01 -9.586195640253131200e-02 -1.427442082823148772e-01 1.216113435909426943e-01 6.624811977154594633e-03 1.500870119861079099e-01 -3.230893498548539911e-02 -1.490190492762642815e+00 5.525904367462155520e-01 -2.948942334797185483e-01 6.610143050912039575e-01 1.827482731150465112e+00 -1.567318109274717597e-05 1.667273104769086078e+00 3.848870020353549748e+00 9.111655078043318090e-04 5.281363815333351752e+00 1.331410945274190127e-01 2.781550417761521343e-01 2.482992647432703467e-02 -2.240375570770020697e-01 4.233391814519906760e-01 7.982121129319917630e-02 3.971427492505926748e-01 7.850537762352088889e-02 -2.668106979164090904e-03 6.104277260518851111e-01 2.997986469262791179e-02 8.294539219389647500e-02 5.934989955299975473e-02 -3.859855158762867333e+00 8.102349342649108055e-02 -1.403258929784775955e+00 7.807849684607261198e-02 -4.604716184563690737e-04 -1.198195985923333198e-04 1.436943095964965129e-03
1.821793162568845349e-06 1.886276866303499939e-07 -5.051468234231951087e-06 1.065837419519328951e-05 -7.451198176385449021e-05 -3.133064423507013940e-06 -2.272624095200363853e-06 -9.037924066866479295e-06 -1.138813986889239289e-05 9.962545584501015632e-08 0.000000000000000000e+00 0.000000000000000000e+00 0.000000000000000000e+00 -1.828715060087009459e+00 -6.503875867692718415e+00 8.501282590460006450e-01 -1.369374840521467007e+01 -7.411972677467074000e+00 3.806380870116628845e+00 1.848365962578497612e+00 5.476270952627510624e+00 5.926659577862404049e+00 -2.200971284854594145e+01 3.070826628427360916e+01 -5.947825151050420089e+00 6.714286882080170926e+01 2.269541865852528986e+02 -7.116169435454766526e-04 3.848870020353549748e+00 3.282419877790171086e+02 2.134553925967812293e-02 8.614841515396801697e+01 3.169997054102558209e+01 9.600017451079146724e+00 1.049467604846914703e+00 -2.687390903292057232e+01 8.160856837948378484e+01 4.586551585494425431e+00 7.900316350214629324e+01 4.894006311871468284e+00 6.048204140199844314e-01 2.181021307079956557e+02 3.772254909023097014e+00 2.056221326773755109e+01 3.291011185560636765e+00 2.766592798848212738e+02 3.740035968730068383e+00 1.640314808922126133e+02 3.819757253403397002e+00 1.856694693076785946e-03 -7.448586380253310706e-03 -2.968146231226469201e-02
