4.146025192092284767e-06 4.142125065682728341e-06 9.648757726357960209e-05 4.105773238693292495e-06 9.693333106823253634e-05 3.064990270964613348e-06 -6.125746262163384481e-05 -6.028958359874876568e-05 -6.452746883410292924e-05 -6.258750688709982806e-05 4.136415236585983012e-06 7.302442154551883958e-05 1.706041922327546117e-05 6.132266038909491013e-04 2.155566925989548747e-03 -2.765427342385475213e-04 2.557775880512775342e-05 8.898873126615168615e-05 -1.442158192018300157e-04 4.391360746489302849e-05 -7.623387218091124719e-05 -7.978991840616459961e-05 3.419984175881107466e-03 -8.396143217359213970e-03 3.957119987579672598e-04 -3.732314422004022903e-04 1.440108946170553086e-06 5.759824489651794923e-11 -1.520401477987474614e-05 -1.701009376200804006e-06 -2.611583088450980748e-09 -8.410244443877023938e-05 1.535764773734227703e-09 -4.805290343064100579e-08 -8.073903260744324878e-08 -1.773494521883048334e-06 -5.507109477352639655e-09 2.405230067823113561e-07 -8.346041679801198199e-08 3.429867163725390942e-07 1.703580928670933994e-10 -4.233525980267832672e-05 2.803071112064460190e-08 2.153267948646453830e-07 -9.651317213632359544e-07 5.067417853790514075e-06 -8.452361867490447337e-07 -1.717739162871820239e-05 -1.253487356676327248e-06 1.581745965052227429e-06 3.411364372302700246e-07 1.464709550583422583e-05
4.142125065682728341e-06 4.139495425203471452e-06 9.653494454733755573e-05 4.107325260114739279e-06 9.691843033748593825e-05 3.106121070501253968e-06 -6.124370078567969913e-05 -6.022575513970049906e-05 -6.448484161480685906e-05 -6.255930510398959412e-05 4.133743262653144072e-06 7.283974220738635567e-05 1.699663203666101921e-05 6.130818950622654280e-04 2.155044500924492915e-03 -2.764633277050122274e-04 2.606336503050438332e-05 8.922243952791683661e-05 -1.443023982750126757e-04 4.383318834606596921e-05 -7.640957008840223237e-05 -7.999856217219059647e-05 3.419559737731532514e-03 -8.394290087584599727e-03 3.957616480297816448e-04 -3.755012059935575880e-04 1.432043133922236437e-06 5.302003050066594794e-11 -1.490969388481614928e-05 -1.061359242993060871e-06 -2.788930024289582354e-09 -8.575265961385035809e-05 1.420635081695162912e-09 -5.162740787213411719e-08 -8.053947750850340587e-08 -1.686548631388347647e-06 -5.437804317254601393e-09 2.375902905184012550e-07 -8.353319796428179972e-08 3.433706155160530143e-07 1.703995849643471331e-10 -4.238023135203021599e-05 2.188788140711175721e-08 2.102980922994695947e-07 -9.365919971702385237e-07 1.349622829260574098e-06 -8.546606135128421378e-07 -1.697445312637277186e-05 -1.217663727930741858e-06 1.581132293112322422e-06 3.413425634674134178e-07 1.464287621266735325e-05
9.648757726357960209e-05 9.653494454733755573e-05 2.419347711826287228e-03 9.684047158420360044e-05 2.421695344103748718e-03 1.949462525746227699e-04 -1.383463143255117761e-03 -1.321246157641472888e-03 -1.552134962705988865e-03 -1.473001729004610625e-03 9.642604806051768450e-05 1.393299435995817978e-03 2.695589324474941461e-04 1.443862270106304954e-02 5.094568921498959790e-02 -6.687065440554761792e-03 1.831679444925638119e-03 2.790842526225182328e-03 -3.765686189813707146e-03 8.680379278550143891e-04 -2.347657321611774928e-03 -2.417762199314591257e-03 8.264252836484765885e-02 -1.993029347005152718e-01 9.835547963660224574e-03 -1.479851976023905877e-02 7.300949805550490087e-06 6.962074253519111951e-10 -2.659807674764808299e-04 -3.723781601766029974e-05 -5.463796308182531574e-08 -5.334713275105599367e-03 2.895976396178184708e-08 -1.121326048768433803e-06 -2.143716151381865477e-06 3.617660161821241547e-05 -3.367899956485973958e-08 1.552965091238600601e-06 -1.559667195010216255e-06 6.487365986129532507e-06 3.075172774837107764e-09 -1.229011245001810628e-03 -1.543232698249006899e-05 -1.145600196700193391e-06 3.351281035102084753e-06 -7.151792730804853125e-05 5.098823627732118152e-06 -2.103221025099558019e-04 1.928065445919861819e-06 3.709601880351620385e-05 8.850173645813116469e-06 3.440193602243176471e-04
4.105773238693292495e-06 4.107325260114739279e-06 9.684047158420360044e-05 4.897409433661633237e-06 9.217690703814662430e-05 -4.768015013724481743e-06 -6.269877236292920324e-05 -6.873712281068938227e-05 -6.397639108250623521e-05 -6.369098717133798212e-05 4.098030250798603650e-06 7.790036827062257079e-05 2.068736384942420931e-05 6.076149361888934708e-04 2.145593407445851256e-03 -2.831419703413785827e-04 1.033194340566059838e-05 8.281221352581316641e-05 -1.420336393738075742e-04 4.603255919727382929e-05 -7.243783736847792692e-05 -7.088844519593910393e-05 3.424832710815159387e-03 -8.368632736659598753e-03 3.943433920529695316e-04 -3.025362116982691085e-04 9.472998443906156846e-07 -1.781730806864406760e-12 -1.198219258775745977e-05 -1.272129328258877901e-05 1.158256004034591363e-08 -2.298169059378764030e-04 8.067273133519311967e-09 -2.242397367003174143e-07 7.301257870453038261e-07 4.447236761025795930e-05 -3.791827195783320747e-09 1.713652751711771708e-07 -1.165419648227686701e-07 4.833746768368336530e-07 2.338140770229434953e-10 -3.139138846719229049e-05 5.890030355277967029e-07 1.210631978074559186e-07 -5.735623360222071515e-07 -7.006375847433094410e-06 -5.553290589988279825e-07 -2.233118660469255432e-05 -9.137993135728470980e-07 1.593333114437123536e-06 3.334330311632149096e-07 1.457986782529990177e-05
9.693333106823253634e-05 9.691843033748593825e-05 2.421695344103748718e-03 9.217690703814662430e-05 2.464112267409296602e-03 2.425668967571419814e-04 -1.368380565284674092e-03 -1.270869190607441931e-03 -1.561155745568365994e-03 -1.467706639507093593e-03 9.683572370577129900e-05 1.356007522305580732e-03 2.413287358935089892e-04 1.447925649715320687e-02 5.104327004463033585e-02 -6.662818497970724591e-03 1.979661444619792987e-03 2.861875522935661623e-03 -3.798691204243334792e-03 8.484190767128385515e-04 -2.397921978192858652e-03 -2.496139134386876277e-03 8.277204829626640115e-02 -1.996626250787947587e-01 9.875130561818781794e-03 -1.550402946525131394e-02 1.209099077690253684e-05 1.585599273378530331e-09 -3.077333173742965240e-04 7.164439953361797532e-05 -1.045850603296075048e-07 -4.602635874532065574e-03 -4.480820088190901023e-08 1.010617902258371352e-06 -6.157072474360161570e-06 -2.014140786135588251e-04 -6.276024038672415288e-08 2.769244836011409646e-06 -1.455947152380840257e-06 6.018912258262006223e-06 2.909678476560602532e-09 -1.290742218735916420e-03 -1.829517208307390556e-05 -1.706330729927061101e-07 -5.986715531797940940e-07 4.165816560555033680e-05 1.816054770134454097e-06 -1.962040776806354774e-04 -2.380496671826360058e-06 3.704672655826924099e-05 8.939671124505526209e-06 3.445709962199499472e-04
3.064990270964613348e-06 3.106121070501253968e-06 1.949462525746227699e-04 -4.768015013724481743e-06 2.425668967571419814e-04 2.750655364054081656e-04 1.022810198720977743e-04 2.430690006608596861e-04 -8.919191355845809666e-05 1.730016140463005883e-05 3.231595443349800247e-06 -5.792083371123620070e-04 -2.507074420427020541e-04 6.636939562395358268e-04 2.041941755396697259e-03 -2.280021392581115967e-05 1.974916347442801697e-03 1.043912530938594660e-03 -5.623000651768059622e-04 -2.396181861528377008e-04 -7.782733393502478877e-04 -1.018368558522597927e-03 4.004544534225253083e-03 -8.245436829610059554e-03 8.269780657607335786e-04 -9.623084824838916418e-03 -4.914314410236613651e-06 2.343780220978116356e-09 1.846998346516091406e-05 2.064659182763353652e-05 -2.763389743858545652e-07 -5.013822923777283211e-03 1.889108573369411640e-08 -8.450413339729110098e-07 -1.105879334520439562e-05 -4.627842562251590838e-04 2.407373008011606306e-07 -1.040750713348793780e-05 2.441356240083811062e-06 -9.932956561558108202e-06 -5.169553628258583432e-09 -4.697028056749773728e-04 -3.941881485860813467e-05 -2.412576203508728582e-06 1.002982078851189812e-05 -8.251678346081562634e-05 9.237195501466433868e-06 3.169606018468497290e-04 1.625346769790887602e-05 2.852031899175089078e-07 1.398746866951695741e-06 1.172802941633383196e-05
-6.125746262163384481e-05 -6.124370078567969913e-05 -1.383463143255117761e-03 -6.269877236292920324e-05 -1.368380565284674092e-03 1.022810198720977743e-04 1.073702228406469466e-03 1.055405773446017013e-03 9.205112541329421713e-04 9.829320207735349653e-04 -6.105967083083680194e-05 -1.519730049500842180e-03 -4.231007690822519152e-04 -8.984470258074458981e-03 -3.185233236914261634e-02 4.307446552935570092e-03 8.739801739336784453e-04 -7.178950853510372970e-04 1.877870190148562494e-03 -8.309690659660685236e-04 6.961321891220662288e-04 5.602749590235532075e-04 -5.034375747241488785e-02 1.240331073891817459e-01 -5.601672399791790199e-03 -4.012610437928998408e-04 -1.441402277619476677e-05 5.291398375319729344e-09 2.346739551679953377e-04 -1.903823586087882819e-05 2.174739326150238175e-07 -3.501586621271148350e-03 1.920699839933034504e-08 -6.408929623505036776e-07 -2.446693160652936593e-06 -6.956949272844852104e-05 2.836958361776393414e-07 -1.228932647387015866e-05 3.256273779938367158e-06 -1.329466716883365604e-05 -6.798511617267405235e-09 4.298056090062792262e-04 -2.638632754699815874e-05 -2.622644801928216274e-06 1.181019480299114841e-05 -6.853292148961796922e-05 9.154445781569343275e-06 4.173760231163424548e-04 1.818691212333581672e-05 -2.425819626434446130e-05 -4.375436799461150828e-06 -2.176341900307266115e-04
-6.028958359874876568e-05 -6.022575513970049906e-05 -1.321246157641472888e-03 -6.873712281068938227e-05 -1.270869190607441931e-03 2.430690006608596861e-04 1.055405773446017013e-03 1.430908045102447651e-03 9.263576983143465005e-04 1.011639381787424099e-03 -5.999952749245046206e-05 -1.779212100645563566e-03 -5.271083232650757141e-04 -8.643588546498812142e-03 -3.097074721601654826e-02 4.450963008001809773e-03 1.668825961990649115e-03 -3.402979947662845752e-04 1.695293307387630601e-03 -9.298523526213124668e-04 4.351677290922019523e-04 1.160200813844535286e-04 -4.934607576185616462e-02 1.208441322998453776e-01 -5.363730199270859075e-03 -4.203572739491298962e-03 -1.896407786225490249e-05 6.921404994036389722e-10 3.268994291529912625e-04 6.041937046113655854e-05 -4.018619639291645973e-07 2.115117877447171037e-03 -2.361154653056201676e-08 6.350052359215778747e-07 -1.065434910499105145e-05 -4.844157129081656365e-04 3.305600711591222954e-07 -1.436125717672558422e-05 4.132443013107342462e-06 -1.690479968082876755e-05 -8.602062597125484475e-09 9.720983441511188601e-05 -4.598760671470362895e-05 -4.471929384530404605e-06 1.933898909920099096e-05 3.883463690149106134e-06 1.908092903023112246e-05 6.254317967471293956e-04 3.099170289102542845e-05 -2.435207952067324253e-05 -3.862440922963096437e-06 -2.120781183215669926e-04
-6.452746883410292924e-05 -6.448484161480685906e-05 -1.552134962705988865e-03 -6.397639108250623521e-05 -1.561155745568365994e-03 -8.919191355845809666e-05 9.205112541329421713e-04 9.263576983143465005e-04 1.056641693054665831e-03 9.816659221964191100e-04 -6.441593469128827488e-05 -1.042735245830112706e-03 -2.183380156525366626e-04 -9.547176910287996990e-03 -3.366803201293479264e-02 4.405525646679187175e-03 -7.893713176515966242e-04 -1.619011871642704907e-03 2.377327746158844606e-03 -6.328293566440978350e-04 1.377014380188591952e-03 1.407518553283127177e-03 -5.416162885843244651e-02 1.315010830062784408e-01 -6.359291165214149208e-03 7.747034609668034671e-03 -1.605076545478406109e-05 -3.469781592916429394e-09 4.112853697026546155e-04 2.447702953039100035e-05 2.698191315580355637e-09 3.477463180464736986e-03 -3.113285136219321432e-08 1.116931901769494543e-06 1.705499571770106313e-06 1.939573733565326747e-05 4.145955108614511800e-08 -1.845486674091905717e-06 1.021346020072724911e-06 -4.227148346388201532e-06 -2.041602059760475519e-09 6.949775974618259411e-04 4.092228107800787455e-06 -2.155338826970846670e-06 9.996537459861921628e-06 6.033705276183435584e-06 9.465141732174595931e-06 2.303719716728667272e-04 1.390997428654542984e-05 -2.467422241313676438e-05 -5.592504719668225241e-06 -2.279872325275673754e-04
-6.258750688709982806e-05 -6.255930510398959412e-05 -1.473001729004610625e-03 -6.369098717133798212e-05 -1.467706639507093593e-03 1.730016140463005883e-05 9.829320207735349653e-04 1.011639381787424099e-03 9.816659221964191100e-04 9.900035303444824561e-04 -6.242689352267401064e-05 -1.307601690873487358e-03 -3.330426926284204116e-04 -9.202964149272888431e-03 -3.262795252841658999e-02 4.410941626282588977e-03 8.360160206387628069e-05 -1.161976762667074354e-03 2.129815795299609335e-03 -7.364938317365303001e-04 1.039966389822700836e-03 9.463120401424860578e-04 -5.232121765475219316e-02 1.273963539225045627e-01 -5.990840242873220547e-03 3.493423540516215828e-03 -1.293191602248781443e-05 2.883376954857989638e-10 2.321899700380793716e-04 -2.228599065915695589e-06 -1.000497209180187445e-07 -4.039665808548114755e-04 2.704353555799068765e-09 -4.579479781347575075e-08 -1.341055731029974582e-06 -7.323158954349723564e-05 1.787098213061298065e-07 -7.767915019554282421e-06 2.360179859007595100e-06 -9.667398605185873644e-06 -4.881021758773939813e-09 5.352628680066388953e-04 -1.356825383302191602e-05 -1.917655243552545250e-06 8.875628692124988700e-06 -3.207449123060451119e-05 7.368768143857856997e-06 3.365827806648768019e-04 1.423987853653473009e-05 -2.449880957002944430e-05 -4.965620647860248761e-06 -2.217779948204410189e-04
4.136415236585983012e-06 4.133743262653144072e-06 9.642604806051768450e-05 4.098030250798603650e-06 9.683572370577129900e-05 3.231595443349800247e-06 -6.105967083083680194e-05 -5.999952749245046206e-05 -6.441593469128827488e-05 -6.242689352267401064e-05 4.246740369407587745e-06 7.202347381355251850e-05 1.848654587715559681e-05 6.122656109009224799e-04 2.151977924296077840e-03 -2.759088486729937531e-04 2.696747663880746116e-05 8.954577162067209935e-05 -1.442889057339639969e-04 4.363405700777577456e-05 -7.662610123826712647e-05 -8.034887575078766722e-05 3.414861074452143173e-03 -8.382382903949370939e-03 3.953865430215283087e-04 -3.794172737730906264e-04 1.438157216120541121e-06 5.599851736741792849e-11 -1.496219152170593137e-05 -1.084380280262532975e-06 -2.877293802079126399e-09 -8.887771987932461789e-05 1.491872987486643783e-09 -5.302153412581194797e-08 -8.575274914126193757e-08 -1.896156433437713154e-06 7.870458388432721714e-06 5.241294295100243874e-07 -3.833273307816183211e-06 -8.566244914712560339e-08 1.093722192661730580e-09 -4.764822123959993846e-05 -2.573995708005468698e-07 2.111660470324831426e-07 -9.398697698357786525e-07 1.323157085547677486e-06 -8.595038776250597797e-07 2.556108576470151206e-04 3.677238069526135416e-06 1.578225008850448252e-06 3.413590049913994107e-07 1.462112598669728398e-05
7.302442154551883958e-05 7.283974220738635567e-05 1.393299435995817978e-03 7.790036827062257079e-05 1.356007522305580732e-03 -5.792083371123620070e-04 -1.519730049500842180e-03 -1.779212100645563566e-03 -1.042735245830112706e-03 -1.307601690873487358e-03 7.202347381355251850e-05 3.634430458304601860e-03 1.089530573220912372e-03 1.019016455719079679e-02 3.683593821600283924e-02 -5.557271679718085548e-03 -5.018045978566264970e-03 -1.117592236367196583e-03 -1.322262788832453614e-03 1.540673895963624689e-03 6.168897155379212544e-04 1.305980596207814010e-03 5.702276182068524712e-02 -1.430306078539706760e-01 5.605009919035088689e-03 1.946562265786632231e-02 3.327895912952784347e-05 -6.081052711494069423e-09 -4.134276760949089644e-04 1.547595491983810270e-04 5.296050023414041639e-07 1.691817552634204344e-02 -1.355163806437419522e-07 4.707117168606298372e-06 1.284405362039299140e-05 2.993097851478411552e-04 -2.428762738278537805e-05 3.902832041385786033e-05 3.153836023013165965e-06 3.873001218543570848e-05 -2.486017311027314831e-05 3.787613107007507460e-04 1.164155328530516834e-04 9.476516748364407133e-06 -4.060989173440050391e-05 3.385705364081990605e-04 -3.599212860599516716e-05 -2.018672837967261553e-03 -7.773597818037581071e-05 3.067917180755928402e-05 2.881520591273150454e-06 2.558696323765848393e-04
1.706041922327546117e-05 1.699663203666101921e-05 2.695589324474941461e-04 2.068736384942420931e-05 2.413287358935089892e-04 -2.507074420427020541e-04 -4.231007690822519152e-04 -5.271083232650757141e-04 -2.183380156525366626e-04 -3.330426926284204116e-04 1.848654587715559681e-05 1.089530573220912372e-03 4.440166050854575273e-04 2.309681410750520896e-03 8.458853242760116381e-03 -1.364375769188445496e-03 -2.076485093370499142e-03 -7.182503851691183095e-04 -9.452798372060119145e-05 4.864356519527766637e-04 4.846241963714708560e-04 7.414719280228873263e-04 1.262135972071215528e-02 -3.265005486138786855e-02 1.056389062543850333e-03 8.873698998688490588e-03 1.009464746283913976e-05 -2.852153686498204514e-09 -5.611642808539161423e-05 1.590305884188662446e-05 2.402459075360448796e-07 6.954104124620795468e-03 7.947315224097368875e-09 1.526215341869894106e-06 6.664150540735517904e-06 2.031427878787334606e-04 -3.676492457065638205e-06 8.929616182145084526e-06 -1.625564438015590673e-04 -4.558848213826208389e-06 -3.687653095304309365e-06 -4.039451210771144354e-04 2.619628415556295888e-05 3.077965157009498767e-06 -1.286007696743343089e-05 1.826918152970838491e-04 -1.026691026237440897e-05 3.401147792223647992e-03 4.820609669966360877e-05 7.580247704353493221e-06 1.428986837956469816e-07 5.984106994154335943e-05
6.132266038909491013e-04 6.130818950622654280e-04 1.443862270106304954e-02 6.076149361888934708e-04 1.447925649715320687e-02 6.636939562395358268e-04 -8.984470258074458981e-03 -8.643588546498812142e-03 -9.547176910287996990e-03 -9.202964149272888431e-03 6.122656109009224799e-04 1.019016455719079679e-02 2.309681410750520896e-03 9.121549622924210454e-02 3.201756545536931231e-01 -4.070302843827516143e-02 5.626007553234889901e-03 1.407506619398160921e-02 -2.177545153443678425e-02 6.255818712840304809e-03 -1.193428537154799657e-02 -1.276468278543566731e-02 5.080429197817387665e-01 -1.247052136836028113e+00 5.910201997022500320e-02 -6.404648642254588686e-02 1.859880090450639282e-04 4.511759033540660338e-09 -1.842528123035686201e-03 -2.215854121299381412e-04 -8.133046586966697423e-07 -1.654656479246221362e-02 2.472959834998427027e-07 -8.993075221867217881e-06 -1.638884276731201510e-05 -3.533545628120237161e-04 -5.954219648200522990e-07 2.615622846071981609e-05 -1.082514763702634847e-05 4.462940158225733877e-05 2.187757382119464921e-08 -6.788659208341733461e-03 -3.337941192705020944e-05 2.406329236618684966e-05 -1.112641878297526438e-04 9.666512190183303935e-07 -9.749051322565911813e-05 -2.139036963376670080e-03 -1.420551703773304973e-04 2.335723756129118192e-04 5.162292435448511362e-05 2.173984227036773395e-03
2.155566925989548747e-03 2.155044500924492915e-03 5.094568921498959790e-02 2.145593407445851256e-03 5.104327004463033585e-02 2.041941755396697259e-03 -3.185233236914261634e-02 -3.097074721601654826e-02 -3.366803201293479264e-02 -3.262795252841658999e-02 2.151977924296077840e-03 3.683593821600283924e-02 8.458853242760116381e-03 3.201756545536931231e-01 1.141387821680970749e+00 -1.447282361381862226e-01 1.787771425974141876e-02 4.619436540781458184e-02 -6.946603062245326754e-02 1.934528582537109812e-02 -4.344279352712548947e-02 1.866884700379554951e-02 1.675876660209832503e+00 -4.413462130779506332e+00 1.349654674152651612e-01 -1.708019382957693399e-01 5.984775169484118484e-04 1.317367957540970361e-08 -6.760298652625782063e-03 -6.586952677807894532e-04 -1.887922797160526894e-06 -5.213896022766444094e-02 7.203176239071564980e-07 -2.652113129312671272e-05 -4.209374060926101668e-05 -5.698225736253079458e-04 -2.578206836323615674e-06 1.129564704545900870e-04 -4.382054477971215640e-05 1.804317738912134764e-04 8.899571792607418813e-08 -2.327841590279109210e-02 -4.814869396172410465e-05 7.616256665621765618e-05 -3.542417997583085002e-04 8.524974846473286913e-05 -3.064634579637370111e-04 -7.945564536370823203e-03 -4.698199267171946367e-04 7.437053756567858385e-04 1.934150327472462707e-04 9.021571887944165175e-03
-2.765427342385475213e-04 -2.764633277050122274e-04 -6.687065440554761792e-03 -2.831419703413785827e-04 -6.662818497970724591e-03 -2.280021392581115967e-05 4.307446552935570092e-03 4.450963008001809773e-03 4.405525646679187175e-03 4.410941626282588977e-03 -2.759088486729937531e-04 -5.557271679718085548e-03 -1.364375769188445496e-03 -4.070302843827516143e-02 -1.447282361381862226e-01 1.989801017936379535e-02 -7.214625097765928717e-04 -5.821333722305430461e-03 9.823872879186661827e-03 -3.120344208382083012e-03 5.165639132268442374e-03 4.630975666409608768e-03 -2.345692975467474906e-01 5.663098120359348897e-01 -2.713397994692078041e-02 2.091205981672095843e-02 -3.256085804271096587e-05 5.192875456185444612e-10 1.096372776406379264e-03 -1.292737039863165584e-05 -5.417281791835815596e-07 1.698873304472570470e-03 2.809279159338870129e-08 -7.171067159317667241e-07 -7.172241249123333653e-06 -4.692030139906952805e-04 7.265963719302552306e-07 -3.163301988118908889e-05 1.031050483867475977e-05 -4.229016175416553265e-05 -2.124842076425982319e-08 2.507722838844345537e-03 -5.028100049925663024e-05 -3.078595250075853045e-06 1.614029747999798283e-05 -7.913693387901498159e-05 1.049985304880626608e-05 1.369082431831290542e-03 3.701025215008111506e-05 -1.087254901559804197e-04 -2.279988012768907192e-05 -9.812946368259454523e-04
2.557775880512775342e-05 2.606336503050438332e-05 1.831679444925638119e-03 1.033194340566059838e-05 1.979661444619792987e-03 1.974916347442801697e-03 8.739801739336784453e-04 1.668825961990649115e-03 -7.893713176515966242e-04 8.360160206387628069e-05 2.696747663880746116e-05 -5.018045978566264970e-03 -2.076485093370499142e-03 5.626007553234889901e-03 1.787771425974141876e-02 -7.214625097765928717e-04 1.738161201735854283e-02 9.332713622393627381e-03 -5.100911746873597330e-03 -2.098494109490864519e-03 -7.026604314054669953e-03 -8.851890263351713112e-03 3.745006012215575109e-02 -7.340775168858496014e-02 7.612533200788717570e-03 -8.494165276544650423e-02 -7.455226180951807593e-05 1.898766298980451204e-08 3.485891144140233463e-04 -3.127462343993344458e-04 -1.347715924080686226e-06 -5.558929463442060376e-02 2.992824097624052709e-07 -1.075017132706160965e-05 -3.863147755932474375e-05 -7.488450295409119703e-04 2.136948170083693486e-06 -9.212218810900527056e-05 1.881836836964163257e-05 -7.624386476386225205e-05 -4.020919952145557815e-08 -3.575167277239436024e-03 -3.169803485991360662e-04 -2.763826680949201976e-05 1.154133234658115642e-04 -8.934708226659684917e-04 1.072872102107236427e-04 2.452463071078890382e-03 1.657843763617584737e-04 3.280886879524944169e-06 1.249247306718165305e-05 1.011569433850242926e-04
8.898873126615168615e-05 8.922243952791683661e-05 2.790842526225182328e-03 8.281221352581316641e-05 2.861875522935661623e-03 1.043912530938594660e-03 -7.178950853510372970e-04 -3.402979947662845752e-04 -1.619011871642704907e-03 -1.161976762667074354e-03 8.954577162067209935e-05 -1.117592236367196583e-03 -7.182503851691183095e-04 1.407506619398160921e-02 4.619436540781458184e-02 -5.821333722305430461e-03 9.332713622393627381e-03 1.167367734071324790e-02 -1.200320158460179039e-02 8.590546571908032336e-04 -4.188316770000245944e-03 -2.046412122742035170e-02 1.078992847110883530e-01 -1.892373841600503981e-01 1.575932997293316012e-03 -3.273395757412968232e-02 -3.055812494455067854e-05 9.835371024807723148e-09 -1.172767139584393321e-04 -1.604835692865417640e-04 -5.569122634093961485e-07 -2.968157539864847705e-02 1.491374358622971000e-07 -5.437836573461395208e-06 -1.829782586357817862e-05 -2.629425146143144366e-04 9.236448250746168367e-07 -3.973253515839563740e-05 7.058990811835862600e-06 -2.845813876931358667e-05 -1.529752432434051212e-08 -2.563211775943601608e-03 -1.527234882737761286e-04 -1.373385487238224110e-05 5.646056709915218182e-05 -4.480534612655223204e-04 5.372370777532046245e-05 9.143845233977110961e-04 7.722716912146045890e-05 8.584428468788866029e-05 -1.559510503219984517e-05 4.467561843323709036e-05
-1.442158192018300157e-04 -1.443023982750126757e-04 -3.765686189813707146e-03 -1.420336393738075742e-04 -3.798691204243334792e-03 -5.623000651768059622e-04 1.877870190148562494e-03 1.695293307387630601e-03 2.377327746158844606e-03 2.129815795299609335e-03 -1.442889057339639969e-04 -1.322262788832453614e-03 -9.452798372060119145e-05 -2.177545153443678425e-02 -6.946603062245326754e-02 9.823872879186661827e-03 -5.100911746873597330e-03 -1.200320158460179039e-02 5.096954057961154694e-02 -2.791423328927769565e-02 9.725390569624091375e-03 4.291828471798390943e-02 -1.908055486936124368e-01 2.908754746748131725e-01 -6.159738802931274265e-02 5.323295558291127327e-02 -6.141185736249925217e-06 -5.020309436333756848e-09 4.110519217157502245e-04 9.280711233079645998e-05 2.312529600340765326e-07 1.600297473758565542e-02 -8.647505481021805890e-08 3.209478675592605189e-06 8.795808078689399694e-06 6.623648383654508220e-05 -2.619454807100168992e-07 1.115351894498960567e-05 -6.010790052720288895e-07 2.207486447134121002e-06 1.636006407995518815e-09 2.255308675517230400e-03 6.703137086249302096e-05 4.155088467665798413e-06 -1.544168045800114005e-05 2.017900864683461594e-04 -1.628012653192943145e-05 -1.305669389629459526e-05 -1.908997232324804582e-05 -7.796701765416954276e-04 2.275144363000696987e-05 1.153584220265634758e-03
4.391360746489302849e-05 4.383318834606596921e-05 8.680379278550143891e-04 4.603255919727382929e-05 8.484190767128385515e-04 -2.396181861528377008e-04 -8.309690659660685236e-04 -9.298523526213124668e-04 -6.328293566440978350e-04 -7.364938317365303001e-04 4.363405700777577456e-05 1.540673895963624689e-03 4.864356519527766637e-04 6.255818712840304809e-03 1.934528582537109812e-02 -3.120344208382083012e-03 -2.098494109490864519e-03 8.590546571908032336e-04 -2.791423328927769565e-02 1.919350257146557395e-02 -3.274041767365799480e-03 -1.357343694829394459e-02 5.743605530757251582e-02 -8.051711777691399063e-02 3.691782649028885893e-02 -1.468325256867651293e-02 2.269161353725838911e-05 -2.444074742158040847e-09 -2.036804970348649274e-04 3.194919423397008944e-05 1.671780032620355193e-07 6.821507659221543764e-03 -2.922943691561355537e-08 1.030740004328667834e-06 4.824939569117183650e-06 1.059596159599458158e-04 -3.680544562074196095e-07 1.590831436039202740e-05 -3.734962407757628121e-06 1.519958476134826544e-05 7.873889072817307459e-09 3.095991558526526438e-06 4.504797579793707918e-05 5.427220031975475993e-06 -2.342950276613748781e-05 1.297152874169821691e-04 -2.123941360289019551e-05 -5.298942475791766074e-04 -3.323635958458873353e-05 5.151262297694182007e-04 -1.269103031462714211e-05 -7.818675248700607174e-04
-7.623387218091124719e-05 -7.640957008840223237e-05 -2.347657321611774928e-03 -7.243783736847792692e-05 -2.397921978192858652e-03 -7.782733393502478877e-04 6.961321891220662288e-04 4.351677290922019523e-04 1.377014380188591952e-03 1.039966389822700836e-03 -7.662610123826712647e-05 6.168897155379212544e-04 4.846241963714708560e-04 -1.193428537154799657e-02 -4.344279352712548947e-02 5.165639132268442374e-03 -7.026604314054669953e-03 -4.188316770000245944e-03 9.725390569624091375e-03 -3.274041767365799480e-03 7.446637297926339549e-02 -1.713754696497211960e-03 -5.707907582368983851e-02 1.650397220092210127e-01 -1.653388427355013679e-01 1.998083588219055906e-01 2.668297204683535721e-05 -7.315523791010487675e-09 1.434183657579161703e-04 1.134100489489115338e-04 3.368350464228101207e-07 2.233094449551739288e-02 -1.020816340459144231e-07 3.757029323268939683e-06 1.262663737229462600e-05 1.365044158608012185e-04 -6.494875705107873377e-07 2.791733751520580377e-05 -4.667984513482390419e-06 1.877511876246424786e-05 1.017902795911390196e-08 1.992283922068830218e-03 1.102692816616823647e-04 1.107540487641796183e-05 -4.560088116961262897e-05 3.347349393474745305e-04 -4.361958624473944324e-05 -6.281558387704344344e-04 -6.034351021317092161e-05 -7.533946213091437857e-06 -1.964276806501217903e-04 -1.497930936244239218e-04
-7.978991840616459961e-05 -7.999856217219059647e-05 -2.417762199314591257e-03 -7.088844519593910393e-05 -2.496139134386876277e-03 -1.018368558522597927e-03 5.602749590235532075e-04 1.160200813844535286e-04 1.407518553283127177e-03 9.463120401424860578e-04 -8.034887575078766722e-05 1.305980596207814010e-03 7.414719280228873263e-04 -1.276468278543566731e-02 1.866884700379554951e-02 4.630975666409608768e-03 -8.851890263351713112e-03 -2.046412122742035170e-02 4.291828471798390943e-02 -1.357343694829394459e-02 -1.713754696497211960e-03 8.051028654182094124e-01 -1.662124604277899875e+00 6.132944239268236508e-01 -6.166674398483021902e-01 4.141862008924151461e-01 6.318591910967481491e-06 -9.568833174296339487e-09 7.214895868781464119e-06 1.839287564518770810e-04 8.363832217272933656e-07 2.814313019925065995e-02 -1.843784128978144491e-07 6.600935925681346911e-06 2.158843038537046707e-05 4.712295540043396746e-04 -9.785242834535100447e-07 4.214193618504748885e-05 -8.194126854075403968e-06 3.313733111730165262e-05 1.761679375746163015e-08 2.471129344207505241e-03 1.582861337414049360e-04 8.909536015684212763e-06 -3.578637660123007219e-05 4.207501439295803936e-04 -3.366868697722075936e-05 -9.443509805524656631e-04 -5.645461316332634513e-05 -2.146149727346050116e-04 -3.163183573908131272e-04 5.065794233824571016e-03
3.419984175881107466e-03 3.419559737731532514e-03 8.264252836484765885e-02 3.424832710815159387e-03 8.277204829626640115e-02 4.004544534225253083e-03 -5.034375747241488785e-02 -4.934607576185616462e-02 -5.416162885843244651e-02 -5.232121765475219316e-02 3.414861074452143173e-03 5.702276182068524712e-02 1.262135972071215528e-02 5.080429197817387665e-01 1.675876660209832503e+00 -2.345692975467474906e-01 3.745006012215575109e-02 1.078992847110883530e-01 -1.908055486936124368e-01 5.743605530757251582e-02 -5.707907582368983851e-02 -1.662124604277899875e+00 6.063797650104993053e+00 -7.939563879260592039e+00 1.609377537629684163e+00 -1.187560530941452974e+00 6.780242529833987140e-04 2.872386349994407017e-08 -1.133712460946152342e-02 -8.994521684621249128e-04 -7.705425588866754437e-07 -1.120023676897793086e-01 8.820822059350658485e-07 -3.362692854810616847e-05 -4.685965166308790522e-05 7.981184450896371347e-04 -3.815136920935938584e-06 1.676648353517946129e-04 -7.217800798163664521e-05 2.976305842429458060e-04 1.460920411677561444e-07 -3.789868522778883086e-02 -1.224403869273541705e-04 6.463749660502824280e-05 -3.209435610439706336e-04 -3.985924274980837210e-04 -2.554148100629362490e-04 -1.177327932184193612e-02 -4.826976532134925500e-04 1.506943627735954534e-03 9.784477741715783168e-04 2.481006314610718997e-03
-8.396143217359213970e-03 -8.394290087584599727e-03 -1.993029347005152718e-01 -8.368632736659598753e-03 -1.996626250787947587e-01 -8.245436829610059554e-03 1.240331073891817459e-01 1.208441322998453776e-01 1.315010830062784408e-01 1.273963539225045627e-01 -8.382382903949370939e-03 -1.430306078539706760e-01 -3.265005486138786855e-02 -1.247052136836028113e+00 -4.413462130779506332e+00 5.663098120359348897e-01 -7.340775168858496014e-02 -1.892373841600503981e-01 2.908754746748131725e-01 -8.051711777691399063e-02 1.650397220092210127e-01 6.132944239268236508e-01 -7.939563879260592039e+00 1.771054536486025910e+01 -1.073459474181536422e+00 1.040452123022087338e+00 -2.196471701388633558e-03 -5.435499344945691100e-08 2.666636401824422353e-02 2.475737093888569652e-03 6.148879827960324763e-06 2.152614616015324223e-01 -2.657620019311649746e-06 9.845153015121128458e-05 1.518345177976666383e-04 1.311573087592412829e-03 1.001173221513114090e-05 -4.388217393526080458e-04 1.730244989801269406e-04 -7.125911521104783420e-04 -3.512457191946594545e-07 9.099767051053109235e-02 1.950048330775843797e-04 -2.693791956994192184e-04 1.262630755991827995e-03 -1.045919627579143139e-04 1.081340904176950621e-03 3.065231244135358316e-02 1.704395473823266038e-03 -2.834321529304282151e-03 -1.124546699153815494e-03 -3.264837521811702475e-02
3.957119987579672598e-04 3.957616480297816448e-04 9.835547963660224574e-03 3.943433920529695316e-04 9.875130561818781794e-03 8.269780657607335786e-04 -5.601672399791790199e-03 -5.363730199270859075e-03 -6.359291165214149208e-03 -5.990840242873220547e-03 3.953865430215283087e-04 5.605009919035088689e-03 1.056389062543850333e-03 5.910201997022500320e-02 1.349654674152651612e-01 -2.713397994692078041e-02 7.612533200788717570e-03 1.575932997293316012e-03 -6.159738802931274265e-02 3.691782649028885893e-02 -1.653388427355013679e-01 -6.166674398483021902e-01 1.609377537629684163e+00 -1.073459474181536422e+00 3.196894031272512482e+00 -2.775162428098573830e+00 5.521524262990117515e-05 6.848583036330742028e-09 -1.257923384217361469e-03 -1.520393095937370661e-04 -2.443631427109652187e-07 -2.346500933454299595e-02 1.437165036076243649e-07 -5.416357118268688185e-06 -1.136296908520391288e-05 2.071728361662488046e-05 -5.660567691987234124e-08 2.817227697200860197e-06 -5.089079905314688369e-06 2.123454322325108378e-05 9.916631681025587273e-09 -4.989083244097285846e-03 -7.053837571399068879e-05 6.520917565255714783e-07 -8.338384451052902394e-06 -2.189892121769027836e-04 -2.606619685700684182e-06 -8.930357998642455067e-04 -1.736431700235353077e-05 5.034072480115756726e-04 -7.190034369879448129e-04 -3.788523225801585133e-03
-3.732314422004022903e-04 -3.755012059935575880e-04 -1.479851976023905877e-02 -3.025362116982691085e-04 -1.550402946525131394e-02 -9.623084824838916418e-03 -4.012610437928998408e-04 -4.203572739491298962e-03 7.747034609668034671e-03 3.493423540516215828e-03 -3.794172737730906264e-04 1.946562265786632231e-02 8.873698998688490588e-03 -6.404648642254588686e-02 -1.708019382957693399e-01 2.091205981672095843e-02 -8.494165276544650423e-02 -3.273395757412968232e-02 5.323295558291127327e-02 -1.468325256867651293e-02 1.998083588219055906e-01 4.141862008924151461e-01 -1.187560530941452974e+00 1.040452123022087338e+00 -2.775162428098573830e+00 2.893767042224053121e+00 3.106417692596738739e-04 -9.181437693889605751e-08 -7.816780421163720821e-04 1.533988719749851751e-03 6.323837144275280178e-06 2.710912568951379109e-01 -1.465193112691631590e-06 5.280575978480255776e-05 1.846657725650068492e-04 3.406499337847695898e-03 -9.790618283578931194e-06 4.218181718856209902e-04 -8.318497789502660080e-05 3.366235024358939752e-04 1.783699896001217462e-07 1.967102687076443396e-02 1.503338603093769049e-03 1.273763089506849220e-04 -5.283617172610205210e-04 4.255832347520542916e-03 -4.945728918955495830e-04 -1.070804912702961326e-02 -7.543724150810568810e-04 -2.833000362435480948e-04 8.474213844380419506e-04 6.501031448780825867e-04
1.440108946170553086e-06 1.432043133922236437e-06 7.300949805550490087e-06 9.472998443906156846e-07 1.209099077690253684e-05 -4.914314410236613651e-06 -1.441402277619476677e-05 -1.896407786225490249e-05 -1.605076545478406109e-05 -1.293191602248781443e-05 1.438157216120541121e-06 3.327895912952784347e-05 1.009464746283913976e-05 1.859880090450639282e-04 5.984775169484118484e-04 -3.256085804271096587e-05 -7.455226180951807593e-05 -3.055812494455067854e-05 -6.141185736249925217e-06 2.269161353725838911e-05 2.668297204683535721e-05 6.318591910967481491e-06 6.780242529833987140e-04 -2.196471701388633558e-03 5.521524262990117515e-05 3.106417692596738739e-04 9.015904332556048061e-05 3.047358696026491423e-10 -2.797827201833452909e-05 -1.970714513032327921e-07 -4.078899138812520960e-09 4.660738255463314989e-05 1.910047269280262119e-08 -1.299139043414893302e-07 -3.586490993040310012e-07 -2.412159768093389412e-05 1.987967627070788980e-07 -1.560162942145375570e-07 3.221762261943440981e-07 -5.456388522175968603e-07 -4.065723791074303742e-11 5.779586192530009265e-06 2.515611128053574649e-08 8.818533304730526994e-06 -4.562876118492532665e-06 2.337743271794673041e-05 -5.549673480044687692e-06 2.791640360850113480e-05 -5.445730894376523781e-06 4.044144450867286402e-07 2.973680276065484665e-08 4.301971323291371614e-06
5.759824489651794923e-11 5.302003050066594794e-11 6.962074253519111951e-10 -1.781730806864406760e-12 1.585599273378530331e-09 2.343780220978116356e-09 5.291398375319729344e-09 6.921404994036389722e-10 -3.469781592916429394e-09 2.883376954857989638e-10 5.599851736741792849e-11 -6.081052711494069423e-09 -2.852153686498204514e-09 4.511759033540660338e-09 1.317367957540970361e-08 5.192875456185444612e-10 1.898766298980451204e-08 9.835371024807723148e-09 -5.020309436333756848e-09 -2.444074742158040847e-09 -7.315523791010487675e-09 -9.568833174296339487e-09 2.872386349994407017e-08 -5.435499344945691100e-08 6.848583036330742028e-09 -9.181437693889605751e-08 3.047358696026491423e-10 4.029254508581597275e-13 -1.017372582459794028e-08 -9.661679937096036687e-10 1.735200428393167130e-11 -1.490193480372440231e-07 1.462762679522447278e-12 -5.158362872366607237e-11 -7.438273731487790902e-11 -2.175590142309405691e-09 4.859228853694669079e-12 -2.042666743997120916e-10 5.156147208493242129e-11 -2.096353481192697143e-10 -1.017699816815157189e-13 8.044830739781501285e-10 -3.888436197717915907e-10 9.865041931185442514e-11 -5.175410048412456185e-10 2.829622876970331069e-10 -6.034047449355874950e-10 -2.608968091567686251e-10 -6.105706724178119952e-10 -1.888226939043023615e-12 1.250459537191025060e-11 6.851962823040695080e-11
-1.520401477987474614e-05 -1.490969388481614928e-05 -2.659807674764808299e-04 -1.198219258775745977e-05 -3.077333173742965240e-04 1.846998346516091406e-05 2.346739551679953377e-04 3.268994291529912625e-04 4.112853697026546155e-04 2.321899700380793716e-04 -1.496219152170593137e-05 -4.134276760949089644e-04 -5.611642808539161423e-05 -1.842528123035686201e-03 -6.760298652625782063e-03 1.096372776406379264e-03 3.485891144140233463e-04 -1.172767139584393321e-04 4.110519217157502245e-04 -2.036804970348649274e-04 1.434183657579161703e-04 7.214895868781464119e-06 -1.133712460946152342e-02 2.666636401824422353e-02 -1.257923384217361469e-03 -7.816780421163720821e-04 -2.797827201833452909e-05 -1.017372582459794028e-08 1.568825384965905328e-03 1.300574831107126540e-06 6.360086640603179703e-07 5.437119031717889406e-03 -3.798916312109044635e-08 1.634453721739585256e-06 2.273795678944610227e-06 1.337463838100801702e-04 1.704457354285900765e-07 2.403298128936153008e-07 -2.727055921422700982e-07 1.850303230884961345e-06 2.301547879859035028e-09 -1.638246881874830967e-04 -1.029283600841561886e-05 -7.934968335694347910e-06 3.272716465045337367e-05 -1.292396850745833662e-04 3.633530752124327604e-05 2.824081906327107860e-04 4.297230655219605027e-05 -5.505699003741538756e-06 -8.984244433938391830e-07 -4.593633066329238314e-05
-1.701009376200804006e-06 -1.061359242993060871e-06 -3.723781601766029974e-05 -1.272129328258877901e-05 7.164439953361797532e-05 2.064659182763353652e-05 -1.903823586087882819e-05 6.041937046113655854e-05 2.447702953039100035e-05 -2.228599065915695589e-06 -1.084380280262532975e-06 1.547595491983810270e-04 1.590305884188662446e-05 -2.215854121299381412e-04 -6.586952677807894532e-04 -1.292737039863165584e-05 -3.127462343993344458e-04 -1.604835692865417640e-04 9.280711233079645998e-05 3.194919423397008944e-05 1.134100489489115338e-04 1.839287564518770810e-04 -8.994521684621249128e-04 2.475737093888569652e-03 -1.520393095937370661e-04 1.533988719749851751e-03 -1.970714513032327921e-07 -9.661679937096036687e-10 1.300574831107126540e-06 1.178166606992685087e-03 -3.343097834699581130e-08 5.762724318310478988e-03 5.575017621763879148e-06 1.302905665233430632e-05 -4.480604926074939766e-06 -4.169827668060744610e-04 1.026733752447717357e-05 1.515548211490160655e-05 8.297772834882534551e-06 9.165513695660374815e-06 6.128532101869503187e-08 6.298945664420893976e-05 1.667375065308940513e-05 4.287164889501728759e-07 -1.814651434168285515e-06 -2.263724151930701471e-03 -2.740431198859225582e-05 -8.340202644668056470e-05 -3.748158174874137221e-06 -1.990790145799487715e-07 -2.503228904085618776e-07 -4.300180806672017274e-06
