9.929227295462726172e-09 6.248100966407784909e-09 -1.671894658568534159e-07 -3.959403723059348241e-08 1.019904111326536287e-07 1.095950416535813683e-08 1.866600556863115619e-07 -1.834308230218124911e-07 -1.967976725726833310e-07 1.598514145251373211e-09 0.000000000000000000e+00 0.000000000000000000e+00 0.000000000000000000e+00 0.000000000000000000e+00 0.000000000000000000e+00 0.000000000000000000e+00 0.000000000000000000e+00 0.000000000000000000e+00 0.000000000000000000e+00 0.000000000000000000e+00 0.000000000000000000e+00 0.000000000000000000e+00 0.000000000000000000e+00 0.000000000000000000e+00 0.000000000000000000e+00 0.000000000000000000e+00 1.266404599420091884e-07 2.421289358054501521e-11 -1.199240425916320127e-06 1.835593683815319088e-06 9.494895330416586809e-10 -6.814184796582263394e-06 3.379462593379297374e-07 1.069829740947970133e-07 1.383131696960257333e-08 8.279605200865514056e-09 -4.312395983061188743e-06 -6.323997949302617351e-07 -3.185994971710756082e-06 -7.557126050195761046e-07 -7.188457695605107247e-07 -1.194835557897786827e-04 -3.656715404180339397e-08 2.862980612287850384e-08 -1.145667676829317731e-07 8.933741997347159307e-06 -3.079200671552282095e-08 -1.170127602744252946e-05 -4.122175496834830323e-07 0.000000000000000000e+00 0.000000000000000000e+00 0.000000000000000000e+00
6.248100966407784909e-09 5.189559681583468783e-09 -1.387042410682767019e-07 -7.223488052103967431e-09 1.265336441928617050e-08 -1.380176510760858562e-08 1.569619782486778346e-07 -1.385802881341749422e-07 -1.553583641972682865e-07 8.759966737401458686e-10 0.000000000000000000e+00 0.000000000000000000e+00 0.000000000000000000e+00 0.000000000000000000e+00 0.000000000000000000e+00 0.000000000000000000e+00 0.000000000000000000e+00 0.000000000000000000e+00 0.000000000000000000e+00 0.000000000000000000e+00 0.000000000000000000e+00 0.000000000000000000e+00 0.000000000000000000e+00 0.000000000000000000e+00 0.000000000000000000e+00 0.000000000000000000e+00 1.267602432727072200e-07 1.985698362814324689e-11 -9.520450776638971060e-07 1.927394426577263294e-07 5.910578641266367831e-10 -5.383646145485363856e-06 1.858543999560143595e-08 4.425560703136855809e-09 -1.253224851531473036e-09 -1.227304678097404568e-07 -3.672831636336457367e-06 -4.963130972342054435e-07 -2.759565917573244521e-06 -5.840875839713238140e-07 -5.227827173915212691e-07 -7.823452726590034395e-05 -2.522784691754782455e-08 2.568283899194833713e-08 -9.481166000806547391e-08 7.306352600543810448e-07 -1.023085716734378977e-07 -9.707648760038821087e-06 -3.419851967995768124e-07 0.000000000000000000e+00 0.000000000000000000e+00 0.000000000000000000e+00
-1.671894658568534159e-07 -1.387042410682767019e-07 3.711496166033483024e-06 1.936687274756892837e-07 -3.395407512519934726e-07 3.690670975386957621e-07 -4.204462068986831693e-06 3.708955630212583846e-06 4.161131254516513850e-06 -2.350916227111107385e-08 0.000000000000000000e+00 0.000000000000000000e+00 0.000000000000000000e+00 0.000000000000000000e+00 0.000000000000000000e+00 0.000000000000000000e+00 0.000000000000000000e+00 0.000000000000000000e+00 0.000000000000000000e+00 0.000000000000000000e+00 0.000000000000000000e+00 0.000000000000000000e+00 0.000000000000000000e+00 0.000000000000000000e+00 0.000000000000000000e+00 0.000000000000000000e+00 -2.817370756344187310e-06 -5.335756908418660289e-10 2.548427602055643282e-05 -5.157150127944741980e-06 -1.583373568013818068e-08 1.441245106061332258e-04 -4.978001637480113874e-07 -1.184841005665897182e-07 3.349610151003227335e-08 3.281070532532135805e-06 9.829038120835257284e-05 1.328227257556837098e-05 7.387121092988554864e-05 1.563492351893382840e-05 1.399193656355328573e-05 2.093978355377761752e-03 6.751837789994259616e-07 -6.357271004977884031e-07 2.543286843878900115e-06 -1.955265428104849737e-05 2.737584527427984722e-06 2.597606307967769475e-04 9.150958449331325062e-06 0.000000000000000000e+00 0.000000000000000000e+00 0.000000000000000000e+00
-3.959403723059348241e-08 -7.223488052103967431e-09 1.936687274756892837e-07 6.806802596151833500e-06 -1.642030551238659412e-05 -1.783618176154340448e-06 -1.235527654090684207e-06 8.272387889439531531e-06 3.641926839574529183e-06 -3.223059767874121179e-08 0.000000000000000000e+00 0.000000000000000000e+00 0.000000000000000000e+00 0.000000000000000000e+00 0.000000000000000000e+00 0.000000000000000000e+00 0.000000000000000000e+00 0.000000000000000000e+00 0.000000000000000000e+00 0.000000000000000000e+00 0.000000000000000000e+00 0.000000000000000000e+00 0.000000000000000000e+00 0.000000000000000000e+00 0.000000000000000000e+00 0.000000000000000000e+00 -5.009557703355210154e-08 -2.035567476611044417e-10 1.266157262190858909e-05 -3.037226101222217776e-05 -4.473209334087661700e-09 5.334015792718011786e-04 -1.236102150975463594e-05 -2.414907347166242949e-06 -4.994321753160212904e-07 -2.686494414110537682e-05 1.880440322860012963e-04 2.979850575646904824e-05 1.710346955165009219e-04 3.937085300355574015e-05 3.922402893392813196e-05 7.918020986439991762e-03 1.727390835828334347e-06 -2.859403624130404903e-08 1.332692827737851025e-07 -1.046900927325720575e-04 -1.048287222866811808e-06 1.355450970826634152e-05 4.775040573351670003e-07 0.000000000000000000e+00 0.000000000000000000e+00 0.000000000000000000e+00
1.019904111326536287e-07 1.265336441928617050e-08 -3.395407512519934726e-07 -1.642030551238659412e-05 4.473552914406692615e-05 2.054807279022568728e-05 3.637384691013241402e-06 -2.870501621870846830e-05 -7.623333884995464478e-06 2.294851159546153564e-07 0.000000000000000000e+00 0.000000000000000000e+00 0.000000000000000000e+00 0.000000000000000000e+00 0.000000000000000000e+00 0.000000000000000000e+00 0.000000000000000000e+00 0.000000000000000000e+00 0.000000000000000000e+00 0.000000000000000000e+00 0.000000000000000000e+00 0.000000000000000000e+00 0.000000000000000000e+00 0.000000000000000000e+00 0.000000000000000000e+00 0.000000000000000000e+00 8.781423843156687111e-08 4.874272300256573922e-10 -2.614314792805182386e-05 8.202530813035672130e-05 4.143027018032863705e-08 -1.020643584617518355e-03 3.196269723217157150e-05 6.623228207534125322e-06 3.368898928323344213e-06 2.168527442121832697e-04 -3.137074263096296164e-04 -5.265859671388500580e-05 -2.834332535608650484e-04 -6.929590520092859742e-05 -7.115609375470561280e-05 -1.555011418748353073e-02 -3.487640129697624441e-06 4.662371883361552573e-08 -2.340761367030030428e-07 2.929354976113472285e-04 3.094748767970744407e-06 -2.376381808867365016e-05 -8.371619335073575790e-07 0.000000000000000000e+00 0.000000000000000000e+00 0.000000000000000000e+00
1.095950416535813683e-08 -1.380176510760858562e-08 3.690670975386957621e-07 -1.783618176154340448e-06 2.054807279022568728e-05 5.227561147876147506e-05 2.501822688574446364e-06 -3.035016596219242000e-05 2.676303925121228044e-06 4.896439159404694657e-07 0.000000000000000000e+00 0.000000000000000000e+00 0.000000000000000000e+00 0.000000000000000000e+00 0.000000000000000000e+00 0.000000000000000000e+00 0.000000000000000000e+00 0.000000000000000000e+00 0.000000000000000000e+00 0.000000000000000000e+00 0.000000000000000000e+00 0.000000000000000000e+00 0.000000000000000000e+00 0.000000000000000000e+00 0.000000000000000000e+00 0.000000000000000000e+00 -1.040064712273673464e-07 4.854277515724121876e-11 1.073009024795273404e-05 4.408969821538251486e-08 9.612344724935691769e-08 6.878287411553259427e-04 6.006529738022570134e-06 1.755188777511431499e-06 6.866439791506026004e-06 4.942762801252938197e-04 3.867207866407942896e-04 5.256586868864907886e-05 3.571933567230073684e-04 7.046566049798923920e-05 6.384774754194646258e-05 9.173156665353019226e-03 1.706563814748852215e-06 -6.617087347165533458e-08 2.525411423354256529e-07 9.069251331819119452e-05 1.336592738988677779e-06 2.583031149010821758e-05 9.099612456831104660e-07 0.000000000000000000e+00 0.000000000000000000e+00 0.000000000000000000e+00
1.866600556863115619e-07 1.569619782486778346e-07 -4.204462068986831693e-06 -1.235527654090684207e-06 3.637384691013241402e-06 2.501822688574446364e-06 4.369408347173313887e-05 -9.393487702435282188e-06 -1.292109442124581641e-05 -3.384272118619460621e-07 0.000000000000000000e+00 0.000000000000000000e+00 0.000000000000000000e+00 0.000000000000000000e+00 0.000000000000000000e+00 0.000000000000000000e+00 0.000000000000000000e+00 0.000000000000000000e+00 0.000000000000000000e+00 0.000000000000000000e+00 0.000000000000000000e+00 0.000000000000000000e+00 0.000000000000000000e+00 0.000000000000000000e+00 0.000000000000000000e+00 0.000000000000000000e+00 3.348688583918727509e-06 3.094981003233051043e-09 3.866834349119878497e-05 -2.124050476227390280e-06 2.697244223199204358e-07 -1.106983348599078717e-04 1.256853644917635438e-06 1.001612266667420558e-07 3.288268785462307601e-07 2.599681332503529736e-05 -1.205985659964726309e-04 -1.673320897605233107e-05 -9.216093443448912157e-05 -1.977271706797283999e-05 -1.817722510119088025e-05 -3.004896043324459427e-03 -9.577422445526657965e-07 6.669375539454876955e-07 -2.887583585213638816e-06 1.296229883461035264e-05 -3.206754369911284113e-06 -2.942623864726602394e-04 -1.036640103449348787e-05 0.000000000000000000e+00 0.000000000000000000e+00 0.000000000000000000e+00
-1.834308230218124911e-07 -1.385802881341749422e-07 3.708955630212583846e-06 8.272387889439531531e-06 -2.870501621870846830e-05 -3.035016596219242000e-05 -9.393487702435282188e-06 1.361325792304843134e-04 6.121741221696705463e-06 -4.092040209737639612e-07 0.000000000000000000e+00 0.000000000000000000e+00 0.000000000000000000e+00 0.000000000000000000e+00 0.000000000000000000e+00 0.000000000000000000e+00 0.000000000000000000e+00 0.000000000000000000e+00 0.000000000000000000e+00 0.000000000000000000e+00 0.000000000000000000e+00 0.000000000000000000e+00 0.000000000000000000e+00 0.000000000000000000e+00 0.000000000000000000e+00 0.000000000000000000e+00 -2.865296044062213257e-06 -9.060198150193560709e-10 2.656296449660982433e-05 -5.692564127773912328e-06 -8.544629128518272510e-08 3.361401797307866837e-03 -1.281238770170773382e-05 -2.247508025922536057e-06 -4.119412683714727517e-06 -2.998389064036944217e-04 5.565246385191423718e-04 7.705487703493053104e-05 4.994619444793457329e-04 1.027807007785103502e-04 6.479030807124529364e-05 6.380735195185376768e-03 6.036911226379149336e-07 -6.259420800826351380e-07 2.542686669625189142e-06 -7.446654055166685164e-05 2.104612062985782939e-06 2.595828234765274823e-04 9.144694577109429884e-06 0.000000000000000000e+00 0.000000000000000000e+00 0.000000000000000000e+00
-1.967976725726833310e-07 -1.553583641972682865e-07 4.161131254516513850e-06 3.641926839574529183e-06 -7.623333884995464478e-06 2.676303925121228044e-06 -1.292109442124581641e-05 6.121741221696705463e-06 4.719348762806235955e-05 6.307453395947683110e-07 0.000000000000000000e+00 0.000000000000000000e+00 0.000000000000000000e+00 0.000000000000000000e+00 0.000000000000000000e+00 0.000000000000000000e+00 0.000000000000000000e+00 0.000000000000000000e+00 0.000000000000000000e+00 0.000000000000000000e+00 0.000000000000000000e+00 0.000000000000000000e+00 0.000000000000000000e+00 0.000000000000000000e+00 0.000000000000000000e+00 0.000000000000000000e+00 -1.762667584655784149e-06 -2.502392620249632942e-09 1.637661953956707031e-04 -1.267159147382352675e-05 2.708324856889522457e-08 1.076032653355914930e-03 -5.414511171637824672e-06 -8.622818308111669621e-07 2.457986841061157927e-07 1.919067100597764001e-05 2.617888983223792061e-04 3.731132114554201263e-05 2.226428156186836490e-04 4.742002172789264115e-05 4.248017689823321711e-05 7.100093783015036519e-03 1.673315092977679350e-06 -6.645836034409087927e-07 2.857273014879455558e-06 -5.333393552571264211e-05 2.708312428444375669e-06 2.912297443261435801e-04 1.025956582166950796e-05 0.000000000000000000e+00 0.000000000000000000e+00 0.000000000000000000e+00
1.598514145251373211e-09 8.759966737401458686e-10 -2.350916227111107385e-08 -3.223059767874121179e-08 2.294851159546153564e-07 4.896439159404694657e-07 -3.384272118619460621e-07 -4.092040209737639612e-07 6.307453395947683110e-07 5.775704729783546271e-07 0.000000000000000000e+00 0.000000000000000000e+00 0.000000000000000000e+00 0.000000000000000000e+00 0.000000000000000000e+00 0.000000000000000000e+00 0.000000000000000000e+00 0.000000000000000000e+00 0.000000000000000000e+00 0.000000000000000000e+00 0.000000000000000000e+00 0.000000000000000000e+00 0.000000000000000000e+00 0.000000000000000000e+00 0.000000000000000000e+00 0.000000000000000000e+00 1.118398129639433799e-07 -2.528063713615173636e-11 -7.433473030291660400e-06 6.422838895485448665e-08 -1.268279323906992118e-08 -8.761448178333061556e-07 1.199897682059115488e-07 3.434943822015548262e-08 6.638364770376350230e-08 4.632064046003622231e-06 4.602399593816216914e-06 5.956470180499654668e-07 4.408418414013640720e-06 8.243062115055907574e-07 5.962035667271564210e-07 6.025883630052041679e-05 3.310206508525203816e-09 3.196406580614335660e-09 -1.621086235567661662e-08 1.935677310080226317e-06 3.477120238971278400e-09 -1.645362017866223030e-06 -5.796351592394027945e-08 0.000000000000000000e+00 0.000000000000000000e+00 0.000000000000000000e+00
0.000000000000000000e+00 0.000000000000000000e+00 0.000000000000000000e+00 0.000000000000000000e+00 0.000000000000000000e+00 0.000000000000000000e+00 0.000000000000000000e+00 0.000000000000000000e+00 0.000000000000000000e+00 0.000000000000000000e+00 7.417895856098753390e-04 -3.334789666484015702e-02 -2.967250304601694831e-03 0.000000000000000000e+00 0.000000000000000000e+00 0.000000000000000000e+00 0.000000000000000000e+00 0.000000000000000000e+00 0.000000000000000000e+00 0.000000000000000000e+00 0.000000000000000000e+00 0.000000000000000000e+00 0.000000000000000000e+00 0.000000000000000000e+00 0.000000000000000000e+00 0.000000000000000000e+00 0.000000000000000000e+00 0.000000000000000000e+00 0.000000000000000000e+00 0.000000000000000000e+00 0.000000000000000000e+00 0.000000000000000000e+00 0.000000000000000000e+00 0.000000000000000000e+00 0.000000000000000000e+00 0.000000000000000000e+00 6.115395464759477984e-02 5.640340157419799182e-03 -3.180481187969699114e-02 -6.123312639362809770e-03 -3.520566721448059643e-04 -6.273993192260838292e-01 -6.299731253302413912e-05 0.000000000000000000e+00 0.000000000000000000e+00 0.000000000000000000e+00 0.000000000000000000e+00 1.308037145396850898e+00 3.115917081101392608e-02 0.000000000000000000e+00 0.000000000000000000e+00 0.000000000000000000e+00
0.000000000000000000e+00 0.000000000000000000e+00 0.000000000000000000e+00 0.000000000000000000e+00 0.000000000000000000e+00 0.000000000000000000e+00 0.000000000000000000e+00 0.000000000000000000e+00 0.000000000000000000e+00 0.000000000000000000e+00 -3.334789666484015702e-02 2.193673813219078284e+02 6.467947664951111619e+01 0.000000000000000000e+00 0.000000000000000000e+00 0.000000000000000000e+00 0.000000000000000000e+00 0.000000000000000000e+00 0.000000000000000000e+00 0.000000000000000000e+00 0.000000000000000000e+00 0.000000000000000000e+00 0.000000000000000000e+00 0.000000000000000000e+00 0.000000000000000000e+00 0.000000000000000000e+00 0.000000000000000000e+00 0.000000000000000000e+00 0.000000000000000000e+00 0.000000000000000000e+00 0.000000000000000000e+00 0.000000000000000000e+00 0.000000000000000000e+00 0.000000000000000000e+00 0.000000000000000000e+00 0.000000000000000000e+00 2.111187410771456996e+00 9.312774592120806605e-02 6.133148001311478303e+00 8.710350835041041906e-01 7.556785875380066519e-01 -7.868609850862187614e+02 -1.145228826577393277e-01 0.000000000000000000e+00 0.000000000000000000e+00 0.000000000000000000e+00 0.000000000000000000e+00 -5.880412505738200935e+01 -1.400791853276678101e+00 0.000000000000000000e+00 0.000000000000000000e+00 0.000000000000000000e+00
0.000000000000000000e+00 0.000000000000000000e+00 0.000000000000000000e+00 0.000000000000000000e+00 0.000000000000000000e+00 0.000000000000000000e+00 0.000000000000000000e+00 0.000000000000000000e+00 0.000000000000000000e+00 0.000000000000000000e+00 -2.967250304601694831e-03 6.467947664951111619e+01 1.914858027451651168e+01 0.000000000000000000e+00 0.000000000000000000e+00 0.000000000000000000e+00 0.000000000000000000e+00 0.000000000000000000e+00 0.000000000000000000e+00 0.000000000000000000e+00 0.000000000000000000e+00 0.000000000000000000e+00 0.000000000000000000e+00 0.000000000000000000e+00 0.000000000000000000e+00 0.000000000000000000e+00 0.000000000000000000e+00 0.000000000000000000e+00 0.000000000000000000e+00 0.000000000000000000e+00 0.000000000000000000e+00 0.000000000000000000e+00 0.000000000000000000e+00 0.000000000000000000e+00 0.000000000000000000e+00 0.000000000000000000e+00 1.127050141038505204e+00 7.104853265202826229e-02 1.456984698706222270e+00 1.886409009912327073e-01 2.103690935168786025e-01 -2.417709303555908491e+02 -3.505034966926782319e-02 0.000000000000000000e+00 0.000000000000000000e+00 0.000000000000000000e+00 0.000000000000000000e+00 -5.232310743373513873e+00 -1.246405461517798297e-01 0.000000000000000000e+00 0.000000000000000000e+00 0.000000000000000000e+00
0.000000000000000000e+00 0.000000000000000000e+00 0.000000000000000000e+00 0.000000000000000000e+00 0.000000000000000000e+00 0.000000000000000000e+00 0.000000000000000000e+00 0.000000000000000000e+00 0.000000000000000000e+00 0.000000000000000000e+00 0.000000000000000000e+00 0.000000000000000000e+00 0.000000000000000000e+00 2.454335976204236047e-01 6.659123600548532140e-01 7.375910376465030782e-02 6.136064861814050087e-02 1.104266307768468625e-02 -9.675180936256723430e-03 1.521158501695634574e-03 1.011392161492472713e-02 -7.451183851439818762e-02 3.885336357058997159e-01 -2.252051841438383217e+00 9.529724340714584851e-03 -2.771337182307737068e-01 -5.386474691057135722e+00 1.729030183472489668e-05 1.400024946672357995e-01 5.605576429931019788e+00 2.365656847652412506e-04 -3.812087657831919607e-01 3.562000044459225356e-01 1.222115109931616872e-01 1.294786887681592495e-02 -2.800993095511504771e-01 -7.340435352079244247e-02 -3.896587161488609952e-02 -4.193957567852168999e-02 -7.532816505209607993e-02 -5.400873434334571566e-02 -9.939415629002546382e+00 -1.892627961964806448e-03 -4.820492337866157384e-01 -6.540672837675373663e-02 -5.075828502215767202e+00 -6.468817813920385573e-02 -2.658439520348904850e+00 -7.019432211798715127e-02 1.963497655502076313e-04 8.313943790416832155e-05 5.157137776634770389e-03
0.000000000000000000e+00 0.000000000000000000e+00 0.000000000000000000e+00 0.000000000000000000e+00 0.000000000000000000e+00 0.000000000000000000e+00 0.000000000000000000e+00 0.000000000000000000e+00 0.000000000000000000e+00 0.000000000000000000e+00 0.000000000000000000e+00 0.000000000000000000e+00 0.000000000000000000e+00 6.659123600548532140e-01 1.917933012698068485e+00 1.107922450517780932e-01 1.710351345214208840e-01 5.434372896131201003e-02 -4.944922932093015477e-02 4.629842743027974550e-03 -5.318427065057501624e-03 -1.298204189087098781e-01 1.434099660965397760e+00 -6.683246148182861113e+00 2.479821306132756753e-02 -7.779748413841711674e-01 -1.763514415878237429e+01 5.797404447182854745e-05 6.625097116313358181e-02 2.040475901681999105e+00 -2.928616505342764584e-04 -3.326613040353040063e+00 -1.430461912371011612e-01 -5.513185475975601602e-02 -1.000956511904285695e-02 -1.275453680852494664e-01 -2.607665934764243243e+00 -3.192856438436475486e-01 -2.435299658354841412e+00 -4.449093647775151927e-01 -3.269378227615905019e-01 -5.199411500974699862e+01 -1.126234906489531097e-02 -1.577116839438204243e+00 -2.218353225795322847e-01 -1.701987870453326579e+01 -2.263991938278768212e-01 -8.780968863222915033e+00 -2.411241508381522791e-01 6.490390546063649121e-04 2.779359694337381879e-04 1.589776933613641988e-02
0.000000000000000000e+00 0.000000000000000000e+00 0.000000000000000000e+00 0.000000000000000000e+00 0.000000000000000000e+00 0.000000000000000000e+00 0.000000000000000000e+00 0.000000000000000000e+00 0.000000000000000000e+00 0.000000000000000000e+00 0.000000000000000000e+00 0.000000000000000000e+00 0.000000000000000000e+00 7.375910376465030782e-02 1.107922450517780932e-01 1.053969395158600164e-01 1.601118452236666156e-02 -2.084423898242516657e-02 2.465948667240947315e-02 -2.965905143345288347e-03 3.070501083922486801e-02 -3.418923349827192315e-02 -3.405737634395190061e-01 -1.675784210975558297e-01 -7.039607349377269285e-02 -1.898589578133748346e-02 1.180210353757210395e+00 -5.063101002586889538e-06 3.339179553367017106e-01 1.390896732654715606e+01 9.390213421345606527e-04 1.994068319245648313e+00 1.136852469588534253e+00 3.956674589952017818e-01 4.575546525258917391e-02 -6.735822957830538416e-01 2.204564545867886860e+00 1.853248571942729961e-01 2.133904175670090275e+00 1.989836261575984588e-01 1.500072933015434151e-01 2.005177316287811351e+01 5.083222998288357448e-03 1.046085936469759031e-01 2.143945368984357183e-02 1.483689339411888852e+00 2.767813127277446439e-02 6.539800321065847299e-01 2.583017593858763852e-02 -1.224445180104811711e-04 -5.815489301033390564e-06 1.074724618513004694e-03
0.000000000000000000e+00 0.000000000000000000e+00 0.000000000000000000e+00 0.000000000000000000e+00 0.000000000000000000e+00 0.000000000000000000e+00 0.000000000000000000e+00 0.000000000000000000e+00 0.000000000000000000e+00 0.000000000000000000e+00 0.000000000000000000e+00 0.000000000000000000e+00 0.000000000000000000e+00 6.136064861814050087e-02 1.710351345214208840e-01 1.601118452236666156e-02 6.584524621984992887e-01 3.408480529014071281e-01 -1.626077472914352895e-01 -9.295026450048932132e-02 -2.461433850582924465e-01 -2.897096718735105991e-01 6.671704993355893620e-01 -8.393214189046243057e-01 2.308664811252224558e-01 -3.189787471029649879e+00 -6.840556501186072502e+00 2.134254980985730995e-05 -9.529096863152848595e-02 -1.489583610864472440e+01 -1.012983507537435325e-03 -9.788754268436585804e+00 -1.329606735714461863e+00 -4.648521337941866616e-01 -6.637752177157274502e-02 -1.152148565772359579e-01 -6.257135233866736534e+00 -7.051925079291938570e-01 -5.913888352229673906e+00 -9.057037377722367832e-01 -6.723499708889293380e-01 -1.020023450459301841e+02 -2.079905149557319255e-02 -6.084343974695315405e-01 -1.052069811997085602e-01 -7.449811390109633003e+00 -1.214888288538988892e-01 -3.571158663433627645e+00 -1.205521444698389594e-01 -2.588948176711643027e-04 3.286474110779440908e-04 4.891855964712608917e-04
0.000000000000000000e+00 0.000000000000000000e+00 0.000000000000000000e+00 0.000000000000000000e+00 0.000000000000000000e+00 0.000000000000000000e+00 0.000000000000000000e+00 0.000000000000000000e+00 0.000000000000000000e+00 0.000000000000000000e+00 0.000000000000000000e+00 0.000000000000000000e+00 0.000000000000000000e+00 1.104266307768468625e-02 5.434372896131201003e-02 -2.084423898242516657e-02 3.408480529014071281e-01 1.895637285556981133e-01 -9.839542518020795436e-02 -4.697359240970790800e-02 -1.366169649442991463e-01 -1.554301505364358571e-01 4.636499086290735150e-01 -3.818425390287689680e-01 1.302036428249981614e-01 -1.649936897195838359e+00 -3.894528467568935337e+00 1.252895428347146711e-05 -1.423179666863841897e-01 -1.166011397926109439e+01 -7.905447400257582411e-04 -5.682851653120087221e+00 -1.011492607612092920e+00 -3.531325284833685130e-01 -4.745454287906877844e-02 1.257751572387661720e-01 -3.888903408339637657e+00 -4.208173665479520986e-01 -3.689492925225035691e+00 -5.296465267160378465e-01 -3.938205170630836860e-01 -5.899630711727831311e+01 -1.230375878541588308e-02 -3.462885525586735236e-01 -6.086322231015246081e-02 -4.298738619448117859e+00 -7.112393382629994543e-02 -2.044114667870590818e+00 -7.010483827557935366e-02 -5.230550582253923071e-05 1.454134241716098085e-04 -3.265757359267509180e-04
0.000000000000000000e+00 0.000000000000000000e+00 0.000000000000000000e+00 0.000000000000000000e+00 0.000000000000000000e+00 0.000000000000000000e+00 0.000000000000000000e+00 0.000000000000000000e+00 0.000000000000000000e+00 0.000000000000000000e+00 0.000000000000000000e+00 0.000000000000000000e+00 0.000000000000000000e+00 -9.675180936256723430e-03 -4.944922932093015477e-02 2.465948667240947315e-02 -1.626077472914352895e-01 -9.839542518020795436e-02 9.217787396350360374e-02 -4.057053476723301161e-03 7.505709452391681746e-02 1.019081760529720604e-01 -3.654879995079072796e-01 3.122092144162483263e-01 -1.283535732632184179e-01 8.279263765180271406e-01 2.480870879213594726e+00 -8.223936054571237187e-06 1.213269536980917523e-01 7.778917956184709936e+00 5.376032875881521815e-04 3.100802730026820164e+00 6.712241788560803224e-01 2.342631682246212044e-01 3.030747994617457447e-02 -1.687136988960275807e-01 2.270622143122434267e+00 2.377460996791728731e-01 2.160298206119191988e+00 2.945905778246902251e-01 2.192890247599895703e-01 3.252234733453072124e+01 6.943723491775242659e-03 2.207636658691123910e-01 3.791617241844239677e-02 2.706960245378719154e+00 4.391924243320036170e-02 1.295923383406769158e+00 4.350033234095167234e-02 -6.971028470374403046e-04 -4.995665762942741635e-05 1.509172984779875298e-03
0.000000000000000000e+00 0.000000000000000000e+00 0.000000000000000000e+00 0.000000000000000000e+00 0.000000000000000000e+00 0.000000000000000000e+00 0.000000000000000000e+00 0.000000000000000000e+00 0.000000000000000000e+00 0.000000000000000000e+00 0.000000000000000000e+00 0.000000000000000000e+00 0.000000000000000000e+00 1.521158501695634574e-03 4.629842743027974550e-03 -2.965905143345288347e-03 -9.295026450048932132e-02 -4.697359240970790800e-02 -4.057053476723301161e-03 3.156682772582449642e-02 3.177197851231311487e-02 2.657308191638631592e-02 -3.833761023596241047e-02 9.408354378940914087e-03 4.403988866130480878e-03 4.251111028859985153e-01 6.378640144733794815e-01 -1.900283103765758706e-06 6.558178429431089224e-03 1.848056194769314153e+00 1.178643989591016984e-04 1.310380083029656362e+00 1.616111906703317225e-01 5.645293411186454169e-02 8.295581570788962758e-03 3.156972772154162388e-02 8.049898629109675241e-01 9.186472923236077559e-02 7.600905865566761621e-01 1.183362878188551626e-01 8.785040856343528937e-02 1.335252680248467527e+01 2.685092504337465488e-03 5.658592260551521119e-02 1.064029995688129705e-02 7.300622954289959221e-01 1.276328183283388998e-02 3.399104060693501350e-01 1.240181537135081821e-02 5.414833463104453196e-04 -5.889367299889918352e-05 -7.683406460535725704e-04
0.000000000000000000e+00 0.000000000000000000e+00 0.000000000000000000e+00 0.000000000000000000e+00 0.000000000000000000e+00 0.000000000000000000e+00 0.000000000000000000e+00 0.000000000000000000e+00 0.000000000000000000e+00 0.000000000000000000e+00 0.000000000000000000e+00 0.000000000000000000e+00 0.000000000000000000e+00 1.011392161492472713e-02 -5.318427065057501624e-03 3.070501083922486801e-02 -2.461433850582924465e-01 -1.366169649442991463e-01 7.505709452391681746e-02 3.177197851231311487e-02 1.759708700158938710e-01 8.989034989163380285e-02 -3.334265333360419969e-01 1.792389097128006537e-01 -2.518206103041590316e-01 1.364326971428147184e+00 2.794572186350780640e+00 -9.142628240703261266e-06 1.497160284210284908e-01 1.043869826246589660e+01 7.017387664875966279e-04 4.397875917809204616e+00 8.922286661298872712e-01 3.112659630469902239e-01 4.081154773091021093e-02 -1.834098988265729646e-01 3.116828833174990265e+00 3.297375715146342312e-01 2.963121720355051725e+00 4.099192952165559012e-01 3.051183775391301811e-01 4.534890487659100700e+01 9.571876448162460263e-03 2.483252530903962696e-01 4.475212423837254816e-02 3.139630969635738733e+00 5.306110744421896341e-02 1.477386064767613805e+00 5.188049103413068519e-02 8.697950500565648259e-05 -3.100696469821326382e-04 4.223606817791106943e-04
0.000000000000000000e+00 0.000000000000000000e+00 0.000000000000000000e+00 0.000000000000000000e+00 0.000000000000000000e+00 0.000000000000000000e+00 0.000000000000000000e+00 0.000000000000000000e+00 0.000000000000000000e+00 0.000000000000000000e+00 0.000000000000000000e+00 0.000000000000000000e+00 0.000000000000000000e+00 -7.451183851439818762e-02 -1.298204189087098781e-01 -3.418923349827192315e-02 -2.897096718735105991e-01 -1.554301505364358571e-01 1.019081760529720604e-01 2.657308191638631592e-02 8.989034989163380285e-02 9.030949660538404311e-01 -1.808957173514346817e+00 1.141679721476630327e+00 -7.210368165255627293e-01 1.790093754701497009e+00 3.523053807522265046e+00 -1.085274194742982358e-05 -3.246693080866454306e-02 3.294017769734630008e+00 2.470147904147505140e-04 3.882462732450022713e+00 3.320272636556237389e-01 1.167109758419015986e-01 1.900388992223875709e-02 1.949092051195963626e-01 2.312636055438604732e+00 2.750232622878779898e-01 2.173862822267367267e+00 3.630728166392541145e-01 2.688843374382602902e-01 4.147428846158180704e+01 8.283362761450424258e-03 3.138623475753198333e-01 5.103132819509412915e-02 3.686320291869906729e+00 5.683370075705919400e-02 1.810091709922689862e+00 5.755866767962819486e-02 -4.943128826617885282e-05 -4.008283089552376870e-04 4.176372663975837229e-03
0.000000000000000000e+00 0.000000000000000000e+00 0.000000000000000000e+00 0.000000000000000000e+00 0.000000000000000000e+00 0.000000000000000000e+00 0.000000000000000000e+00 0.000000000000000000e+00 0.000000000000000000e+00 0.000000000000000000e+00 0.000000000000000000e+00 0.000000000000000000e+00 0.000000000000000000e+00 3.885336357058997159e-01 1.434099660965397760e+00 -3.405737634395190061e-01 6.671704993355893620e-01 4.636499086290735150e-01 -3.654879995079072796e-01 -3.833761023596241047e-02 -3.334265333360419969e-01 -1.808957173514346817e+00 6.661155159687615956e+00 -7.487263785763345503e+00 1.934744697966002569e+00 -4.348097999809112046e+00 -2.859241161585035229e+01 9.821949243615919441e-05 -1.487424958319767176e+00 -7.209674904167792420e+01 -5.300845937116471437e-03 -2.052847756026894643e+01 -6.296858357102125048e+00 -2.198657566006628539e+00 -2.687486500209479989e-01 2.741265770876869734e+00 -1.769585132591329923e+01 -1.741439807885124536e+00 -1.691749744980842962e+01 -2.099195183906871875e+00 -1.565120209146670716e+00 -2.279000856558933492e+02 -5.150645392245450233e-02 -2.550033715339189655e+00 -4.052411275356009868e-01 -2.984459117521554816e+01 -4.512962565806726278e-01 -1.467143827856257232e+01 -4.569533242057143840e-01 1.153329138023761937e-03 1.139564108612380403e-03 4.431083631132983272e-04
0.000000000000000000e+00 0.000000000000000000e+00 0.000000000000000000e+00 0.000000000000000000e+00 0.000000000000000000e+00 0.000000000000000000e+00 0.000000000000000000e+00 0.000000000000000000e+00 0.000000000000000000e+00 0.000000000000000000e+00 0.000000000000000000e+00 0.000000000000000000e+00 0.000000000000000000e+00 -2.252051841438383217e+00 -6.683246148182861113e+00 -1.675784210975558297e-01 -8.393214189046243057e-01 -3.818425390287689680e-01 3.122092144162483263e-01 9.408354378940914087e-03 1.792389097128006537e-01 1.141679721476630327e+00 -7.487263785763345503e+00 2.446696123843323178e+01 -8.732407239147126354e-01 4.374718520905982899e+00 6.875033076755730121e+01 -2.282185021100700231e-04 5.504304190791016183e-01 2.983591748427877377e+01 3.565046511015081913e-03 2.031474489650546289e+01 3.596668005834779969e+00 1.271824069555903325e+00 1.651319896579132029e-01 -1.010601092266208978e+00 1.680641948853723733e+01 1.843439002938197291e+00 1.589213971609274978e+01 2.405047451774311895e+00 1.778532760539668134e+00 2.723434010699931491e+02 6.014285691017148827e-02 6.144942597715074228e+00 8.872284158185808067e-01 6.746223981571573347e+01 9.241043476236083798e-01 3.444692745652419319e+01 9.725073725810271519e-01 -2.386842103203710031e-03 -1.469140474441760474e-03 -5.286815035747580160e-02
0.000000000000000000e+00 0.000000000000000000e+00 0.000000000000000000e+00 0.000000000000000000e+00 0.000000000000000000e+00 0.000000000000000000e+00 0.000000000000000000e+00 0.000000000000000000e+00 0.000000000000000000e+00 0.000000000000000000e+00 0.000000000000000000e+00 0.000000000000000000e+00 0.000000000000000000e+00 9.529724340714584851e-03 2.479821306132756753e-02 -7.039607349377269285e-02 2.308664811252224558e-01 1.302036428249981614e-01 -1.283535732632184179e-01 4.403988866130480878e-03 -2.518206103041590316e-01 -7.210368165255627293e-01 1.934744697966002569e+00 -8.732407239147126354e-01 3.359802294145390889e+00 -3.915013659873519458e+00 -4.577884968589071235e+00 1.558709056490662626e-05 -2.943105528808492855e-01 -1.615323644835005723e+01 -1.123234294361679210e-03 -5.261193533978384629e+00 -1.381389177635957699e+00 -4.818877275273290017e-01 -6.042023722346254178e-02 4.859618048810834257e-01 -4.135871136829627481e+00 -4.177139378435603123e-01 -3.946902086336947058e+00 -5.078930567329770218e-01 -3.786227403182726436e-01 -5.545756780856826396e+01 -1.214491625984837411e-02 -4.074886697313356843e-01 -6.956647872673749067e-02 -4.990405709110354415e+00 -8.057228122798776315e-02 -2.390231825504872454e+00 -7.980373352073924509e-02 4.212688906954630019e-04 -7.104024656582553967e-04 -5.863230268050268271e-03
0.000000000000000000e+00 0.000000000000000000e+00 0.000000000000000000e+00 0.000000000000000000e+00 0.000000000000000000e+00 0.000000000000000000e+00 0.000000000000000000e+00 0.000000000000000000e+00 0.000000000000000000e+00 0.000000000000000000e+00 0.000000000000000000e+00 0.000000000000000000e+00 0.000000000000000000e+00 -2.771337182307737068e-01 -7.779748413841711674e-01 -1.898589578133748346e-02 -3.189787471029649879e+00 -1.649936897195838359e+00 8.279263765180271406e-01 4.251111028859985153e-01 1.364326971428147184e+00 1.790093754701497009e+00 -4.348097999809112046e+00 4.374718520905982899e+00 -3.915013659873519458e+00 1.796600138826961413e+01 3.449265573925728745e+01 -1.085399649075772860e-04 6.579636990408915809e-01 8.042266737328498039e+01 5.480152812736508589e-03 4.877235980972616858e+01 7.127829743313725430e+00 2.491119546199318968e+00 3.494136739618042276e-01 1.635124810599173917e-01 3.174478968478326379e+01 3.541130382043666813e+00 3.003217685315033236e+01 4.526055221117210259e+00 3.361163960956534247e+00 5.084010025155375843e+02 1.042801042600255690e-01 3.068037634959915660e+00 5.307143956522273331e-01 3.760590035461999037e+01 6.135384644230362783e-01 1.801467516511163680e+01 6.084149396860522030e-01 9.559927946966564807e-04 -6.281237941678698838e-04 6.817605470788717925e-04
1.266404599420091884e-07 1.267602432727072200e-07 -2.817370756344187310e-06 -5.009557703355210154e-08 8.781423843156687111e-08 -1.040064712273673464e-07 3.348688583918727509e-06 -2.865296044062213257e-06 -1.762667584655784149e-06 1.118398129639433799e-07 0.000000000000000000e+00 0.000000000000000000e+00 0.000000000000000000e+00 -5.386474691057135722e+00 -1.763514415878237429e+01 1.180210353757210395e+00 -6.840556501186072502e+00 -3.894528467568935337e+00 2.480870879213594726e+00 6.378640144733794815e-01 2.794572186350780640e+00 3.523053807522265046e+00 -2.859241161585035229e+01 6.875033076755730121e+01 -4.577884968589071235e+00 3.449265573925728745e+01 3.322788840340002707e+02 -1.009449662196701273e-03 1.802644300810204214e+00 4.661240506161207122e+02 3.465421281413902377e-02 9.055540713124393903e+01 5.957609607415433572e+01 2.662772147559949509e+00 1.043802179392398388e+00 3.878422667137203295e+00 2.551315025354841737e+02 1.737093865414642124e+01 2.431637290853336708e+02 2.514464972756574568e+01 3.570519523065596701e+01 1.861064078843143079e+03 2.719305898816231637e-01 3.095447993475494641e+01 4.290821992930373696e+00 4.418390250687486969e+02 4.642317754558169085e+00 2.003641496419098473e+02 4.777177657483472117e+00 -7.837628458957961175e-03 -5.450945541108451024e-03 -1.224174236886323569e-01
2.421289358054501521e-11 1.985698362814324689e-11 -5.335756908418660289e-10 -2.035567476611044417e-10 4.874272300256573922e-10 4.854277515724121876e-11 3.094981003233051043e-09 -9.060198150193560709e-10 -2.502392620249632942e-09 -2.528063713615173636e-11 0.000000000000000000e+00 0.000000000000000000e+00 0.000000000000000000e+00 1.729030183472489668e-05 5.797404447182854745e-05 -5.063101002586889538e-06 2.134254980985730995e-05 1.252895428347146711e-05 -8.223936054571237187e-06 -1.900283103765758706e-06 -9.142628240703261266e-06 -1.085274194742982358e-05 9.821949243615919441e-05 -2.282185021100700231e-04 1.558709056490662626e-05 -1.085399649075772860e-04 -1.009449662196701273e-03 3.280248267365404589e-09 -1.562213954323224868e-05 -1.644949717501760630e-03 -1.214006886728780990e-07 -3.689579303757810802e-04 -1.899568438174820291e-04 -2.075955284673746721e-05 -4.337453307552503184e-06 8.548465205400287726e-06 -7.243196826801102115e-04 -5.336857313477398932e-05 -6.907229464954483741e-04 -7.436083266094313808e-05 -9.335597147275291250e-05 -6.195547990500562680e-03 -1.081548086202472941e-06 -9.155223337476629634e-05 -1.359201976353758075e-05 -1.167492837027417438e-03 -1.479498786797410308e-05 -5.521257470869495856e-04 -1.517843561431765941e-05 2.819937748688659274e-08 1.762126519309739080e-08 4.010552273707784717e-07
-1.199240425916320127e-06 -9.520450776638971060e-07 2.548427602055643282e-05 1.266157262190858909e-05 -2.614314792805182386e-05 1.073009024795273404e-05 3.866834349119878497e-05 2.656296449660982433e-05 1.637661953956707031e-04 -7.433473030291660400e-06 0.000000000000000000e+00 0.000000000000000000e+00 0.000000000000000000e+00 1.400024946672357995e-01 6.625097116313358181e-02 3.339179553367017106e-01 -9.529096863152848595e-02 -1.423179666863841897e-01 1.213269536980917523e-01 6.558178429431089224e-03 1.497160284210284908e-01 -3.246693080866454306e-02 -1.487424958319767176e+00 5.504304190791016183e-01 -2.943105528808492855e-01 6.579636990408915809e-01 1.802644300810204214e+00 -1.562213954323224868e-05 1.666359458557087780e+00 4.463764664751111155e+01 3.228818920439445201e-03 1.546659750013101231e+01 2.067868358921408412e+00 2.483205717857511541e+00 2.325217963927503906e-01 -3.878337179109323074e+00 -2.097196120773912043e+00 4.753037292065078190e-01 -1.924622314936006440e+00 1.705524995589580706e-01 -1.347876330151338786e+00 9.057780490625128778e+01 3.317997082345940096e-02 8.039576734670630942e-02 5.904395316016078366e-02 -3.813294120198245540e+00 8.048591735213439513e-02 -8.441071534919911690e-01 7.309787033672385248e-02 -4.598572367548751840e-04 -1.194080902744012280e-04 1.437010438314913294e-03
1.835593683815319088e-06 1.927394426577263294e-07 -5.157150127944741980e-06 -3.037226101222217776e-05 8.202530813035672130e-05 4.408969821538251486e-08 -2.124050476227390280e-06 -5.692564127773912328e-06 -1.267159147382352675e-05 6.422838895485448665e-08 0.000000000000000000e+00 0.000000000000000000e+00 0.000000000000000000e+00 5.605576429931019788e+00 2.040475901681999105e+00 1.390896732654715606e+01 -1.489583610864472440e+01 -1.166011397926109439e+01 7.778917956184709936e+00 1.848056194769314153e+00 1.043869826246589660e+01 3.294017769734630008e+00 -7.209674904167792420e+01 2.983591748427877377e+01 -1.615323644835005723e+01 8.042266737328498039e+01 4.661240506161207122e+02 -1.644949717501760630e-03 4.463764664751111155e+01 2.372234447916619501e+03 1.599707504806672509e-01 4.756870488143092075e+02 2.140929015699913975e+02 5.635022090736030975e+01 7.441676561735334872e+00 -7.565821420120646223e+01 5.722920512001837778e+02 4.766079505899520541e+01 5.488499998802622031e+02 5.860909464698003291e+01 5.627973574673190882e+01 5.638500346418766640e+03 1.199043821139533339e+00 4.180328007201200791e+01 7.238683761891834045e+00 5.540427897118457850e+02 8.578120234230805607e+00 2.549210219150229761e+02 8.388394622749741458e+00 -1.445187137862500790e-02 -1.025464916503768600e-02 6.818262940589102372e-02
