par.Ct_1S0np = -0.148351955706998
par.Ct_1S0pp = -0.147544565824798
par.C_1S0 = 2.54051614015323
par.Ct_3S1 = -0.174342719406039
par.C_3S1 = 0.723314779799860
par.C_3S1-3D1 = 0.626924806348134
par.C_3P0 = 1.16708772874164
par.C_1P1 = 0.583519610065374
par.C_3P1 = -0.966521388160239
par.C_3P2 = -0.648982187917688
par.Ct_1S0nn = -0.148083732812970
par.c_D = -0.151241061462819
par.c_E = -0.460915332907050
par.c1 = 0.108316298682840
par.c2 = 4.73679464816971
par.c3 = -3.50673977582177
par.c4 = 4.09243375934022
par.d1+d2 = 5.39121022687822
par.d3 = -4.84936594958505
par.d5 = -0.267620615225075
par.d14-d15 = -10.2802779985142
par.e14 = -0.322473011690058
par.e15 = -9.73882265326324
par.e16 = 1.45968354548609
par.e17 = 1.48336896156853
par.e18 = -1.87417937532003
par.Ct_1S0np = -0.149324637002196
par.Ct_1S0pp = -0.148548768698545
par.C_1S0 = 2.50817416703104
par.Ct_3S1 = -0.174272865386794
par.C_3S1 = 0.690218021241329
par.C_3S1-3D1 = 0.569908584165660
par.C_3P0 = 1.16091703272313
par.C_1P1 = 0.489667012220356
par.C_3P1 = -0.946306841700196
par.C_3P2 = -0.662934390984574
par.Ct_1S0nn = -0.149105802893436
par.c_D = -0.958831450620667E-01
par.c_E = -0.403911618163595
par.c1 = -0.125048621486010
par.c2 = 4.11004790557187
par.c3 = -3.58156658871628
par.c4 = 3.68036082517403
par.d1+d2 = 5.19575992059550
par.d3 = -4.75211335954703
par.d5 = -0.218426552605917
par.d14-d15 = -10.1505313653722
par.e14 = -0.840378242238356E-01
par.e15 = -10.4232355412272
par.e16 = 3.71931801695639
par.e17 = 1.32191533555219
par.e18 = 0.125418379645730
par.Ct_1S0np = -0.150456592311971
par.Ct_1S0pp = -0.149729157124141
par.C_1S0 = 2.46615378899359
par.Ct_3S1 = -0.173183557716299
par.C_3S1 = 0.643252629634275
par.C_3S1-3D1 = 0.454938041393606
par.C_3P0 = 1.13351572804824
par.C_1P1 = 0.321069310022724
par.C_3P1 = -0.921136208519116
par.C_3P2 = -0.702000590182956
par.Ct_1S0nn = -0.150331109721502
par.c_D = -0.502965165511385E-03
par.c_E = -0.303470517852809
par.c1 = -0.451221181215247
par.c2 = 3.34199085973557
par.c3 = -3.78859162937416
par.c4 = 2.84115172622892
par.d1+d2 = 4.81247186668742
par.d3 = -4.58148796106333
par.d5 = -0.108609166430605
par.d14-d15 = -9.89495230917409
par.e14 = 0.385542089527514
par.e15 = -11.0657022461038
par.e16 = 6.37290480057991
par.e17 = 1.10973125264625
par.e18 = 4.11529686233170
par.Ct_1S0np = -0.150306949339549
par.Ct_1S0pp = -0.149574783084921
par.C_1S0 = 2.46998581568038
par.Ct_3S1 = -0.172681241180686
par.C_3S1 = 0.643708400858253
par.C_3S1-3D1 = 0.454210179839037
par.C_3P0 = 1.12980557668438
par.C_1P1 = 0.317254953464016
par.C_3P1 = -0.924696114311766
par.C_3P2 = -0.703500419472638
par.Ct_1S0nn = -0.150177029381480
par.c_D = 0.830957384923728E-02
par.c_E = -0.302439683510138
par.c1 = -0.426077612903564
par.c2 = 3.42766323245186
par.c3 = -3.79617442192365
par.c4 = 2.84873013159025
par.d1+d2 = 4.81773376370037
par.d3 = -4.58572691222722
par.d5 = -0.108728239892738
par.d14-d15 = -9.89836053442537
par.e14 = 0.380977258650088
par.e15 = -10.9435599169412
par.e16 = 6.04351960452100
par.e17 = 1.11331989338553
par.e18 = 4.07988348665446
par.Ct_1S0np = -0.150295932205041
par.Ct_1S0pp = -0.149563584769376
par.C_1S0 = 2.47002652704921
par.Ct_3S1 = -0.172686161343922
par.C_3S1 = 0.643722176534875
par.C_3S1-3D1 = 0.454569749794982
par.C_3P0 = 1.12973067235232
par.C_1P1 = 0.317527019866827
par.C_3P1 = -0.925031733273488
par.C_3P2 = -0.703418465373209
par.Ct_1S0nn = -0.150165201740207
par.c_D = -0.290038305035022E-02
par.c_E = -0.304298844303009
par.c1 = -0.424100711183227
par.c2 = 3.43286868454609
par.c3 = -3.79547050725073
par.c4 = 2.84993900255659
par.d1+d2 = 4.81818000467341
par.d3 = -4.58589962328234
par.d5 = -0.108866420749011
par.d14-d15 = -9.89876527717032
par.e14 = 0.379991070173016
par.e15 = -10.9403866488423
par.e16 = 6.02599898048725
par.e17 = 1.11169399888788
par.e18 = 4.07568270653895
