4.196389770505162103e-06 4.191666278903452856e-06 9.883360486793629004e-05 4.115552491005599483e-06 9.978093467803128536e-05 5.039505935004080817e-06 -6.056195755722032238e-05 -5.941941979665573824e-05 -6.641287446370416653e-05 -6.310111085615990889e-05 4.189540625298818570e-06 6.809320067728576978e-05 1.901740956958402891e-05 6.200818640446385463e-04 2.181378436915878787e-03 -2.806783776843781012e-04 4.229289999000527845e-05 9.847683519310165975e-05 -1.496125047956882990e-04 4.191260747080657547e-05 -8.674612621981217563e-05 -9.489218213230279572e-05 3.491661458735413875e-03 -8.511628112578681002e-03 3.908292473340593560e-04 -4.454460070294147603e-04 1.448667797245016314e-06 1.208546846089937260e-10 -1.593463174555098661e-05 -1.240047193584053330e-06 -3.285182430914540699e-09 -1.392693862701233879e-04 1.430717866359785355e-09 -4.635577703783033772e-08 -1.251039348820481298e-07 -3.164949075424265894e-06 5.433981219187673423e-10 -1.896604740185347132e-08 -2.234047593896932373e-08 9.970749695752511961e-08 1.786820560321053044e-11 -3.354447753745520627e-05 -5.074645467553958862e-07 2.162007246266642727e-07 -9.626613973570419144e-07 5.317659327618864591e-06 -8.655137507450786852e-07 -1.015285048076537279e-05 -1.145583436661626476e-06 1.575140637601625998e-06 3.722215253080825657e-07 1.438074460854649067e-05
4.191666278903452856e-06 4.188244003556015763e-06 9.887689487218457977e-05 4.117292213353565077e-06 9.975130118330671617e-05 5.085578765086921682e-06 -6.054045344786620998e-05 -5.933473878482515039e-05 -6.633485214110917310e-05 -6.305938337518403661e-05 4.186077314521056669e-06 6.785516119787483869e-05 1.894839764674838311e-05 6.198751264936661108e-04 2.180598501674579220e-03 -2.805328240425636810e-04 4.288323334450714437e-05 9.874752889115552979e-05 -1.497020369311482277e-04 4.181267795316054862e-05 -8.694898193424296332e-05 -9.514489041144140609e-05 3.490776755632813387e-03 -8.508742058519695728e-03 3.908332189980146453e-04 -4.481639897620359053e-04 1.437121547519034573e-06 1.142169077564909066e-10 -1.556282626637080189e-05 -6.349329500096188424e-07 -3.449956708128649832e-09 -1.410002000943002989e-04 1.333606598964924767e-09 -5.046898191652933115e-08 -1.242668745064181059e-07 -3.033000640017856943e-06 6.284705912487982351e-10 -2.277348752518031394e-08 -2.231687072520333042e-08 9.969731377603625348e-08 1.770393633045126007e-11 -3.356991155974329378e-05 -5.143272020694689723e-07 2.101599103606789522e-07 -9.299260299532949885e-07 1.575788975200615669e-06 -8.710173234413680674e-07 -9.916674190899206826e-06 -1.104297371543730196e-06 1.574276743090654260e-06 3.724476607982327439e-07 1.437489190825606069e-05
9.883360486793629004e-05 9.887689487218457977e-05 2.615250728668842232e-03 9.879483569195498453e-05 2.637778624736987747e-03 3.587009304564899503e-04 -1.311323034378687920e-03 -1.241915041573965527e-03 -1.630742473509369864e-03 -1.492689836791204205e-03 9.890620869042354875e-05 9.613064493686074167e-04 2.066718052135762770e-04 1.483211553241289143e-02 5.243820019400767529e-02 -6.950131519270102629e-03 3.451604121055326831e-03 3.704848719885862895e-03 -4.284827671495432776e-03 6.741016377960415418e-04 -3.154874622970909454e-03 -3.378704354166420752e-03 8.714766479231986218e-02 -2.061242631435970807e-01 1.031354544836522377e-02 -2.253512710543720612e-02 -1.009297618513336966e-06 2.012227731766556083e-09 -1.435273779350305305e-04 -4.070887909005079842e-05 -1.120729793197574162e-08 -1.109918861984247190e-02 2.865831425200005259e-08 -1.161809885671016330e-06 -2.801014964692116994e-06 1.024155168305387485e-04 2.185411236495697620e-07 -9.960368341978181384e-06 8.617275452238352485e-07 -3.409834946116945898e-06 -2.474205144898222522e-09 -1.008642389087982452e-03 -3.937258846384597918e-05 -3.514517193025438076e-06 1.374897333066145017e-05 -1.101370014798318746e-04 1.393238075601658816e-05 8.617172144395227962e-05 1.721372772370252565e-05 3.724233519783626430e-05 1.052261674097261829e-05 3.414155059017293862e-04
4.115552491005599483e-06 4.117292213353565077e-06 9.879483569195498453e-05 5.129512485474885686e-06 9.337372794734625689e-05 -6.668902991835212766e-06 -6.240016856047892813e-05 -7.480138417512597411e-05 -6.435727122274265014e-05 -6.438575816736902919e-05 4.109762260508229001e-06 7.343595519436479794e-05 2.320760735820606295e-05 6.080708672374087820e-04 2.153996334849440746e-03 -2.893570114201991653e-04 1.859366417662274712e-05 8.845685675958346638e-05 -1.453403333316383476e-04 4.485960125905538021e-05 -8.022077827435018630e-05 -8.123089432127473023e-05 3.481523388915749254e-03 -8.422747482035173455e-03 3.896922818001292066e-04 -3.367166747537351243e-04 7.636392676628706357e-07 7.686687695221273114e-12 -4.717555818902463606e-06 -1.507054086441551367e-05 2.104864039766184489e-08 -3.808006522874119500e-04 7.771066386296269416e-09 -2.064648944774114087e-07 1.086167321139334181e-06 6.370880064657457275e-05 9.446515431494391813e-10 -1.564288381216653231e-08 -8.722134345713289266e-08 3.767446352370223733e-07 1.581909495106673929e-10 -1.996549095204082773e-05 3.305709675001485919e-07 7.927753036009639640e-08 -3.892762807539242876e-07 -7.808868836793868848e-06 -3.956060947389212079e-07 -1.834502751370476262e-05 -6.631024063095290210e-07 1.582852380698467147e-06 3.573455245119519241e-07 1.418866152906302167e-05
9.978093467803128536e-05 9.975130118330671617e-05 2.637778624736987747e-03 9.337372794734625689e-05 2.710017920832376824e-03 4.477472713219602545e-04 -1.276131102440311452e-03 -1.145263151583885732e-03 -1.658462550807452687e-03 -1.483113575398818098e-03 9.982812787491343761e-05 8.513241205317897183e-04 1.495657530891165076e-04 1.495896127880202466e-02 5.278332619043342444e-02 -6.910590177185000488e-03 3.876429054226695863e-03 3.916976100511856615e-03 -4.391769391875396944e-03 6.209484911469582459e-04 -3.312423851091983017e-03 -3.599233736679258687e-03 8.771154217452686863e-02 -2.074587541414715797e-01 1.042795755239055502e-02 -2.455759901023676223e-02 5.280842923860634886e-06 3.811144588369293771e-09 -2.263503514575979959e-04 8.428692816377789045e-05 -1.044850879976491929e-07 -1.120439551616941518e-02 -4.640867517280308684e-08 9.517531300458197784e-07 -8.717796064871506171e-06 -2.180577474965811964e-04 2.223730300706445381e-07 -1.030579242753532676e-05 1.381734164176598418e-06 -5.635179013260226156e-06 -3.554466614901665127e-09 -1.091521950923226040e-03 -4.671052834342153553e-05 -2.316401710266065356e-06 8.865240340003667291e-06 1.167439944852950072e-05 9.590780427904427877e-06 1.359660091139682663e-04 1.239341219431319359e-05 3.720341677639490638e-05 1.081175171656487203e-05 3.433949845432671295e-04
5.039505935004080817e-06 5.085578765086921682e-06 3.587009304564899503e-04 -6.668902991835212766e-06 4.477472713219602545e-04 6.380267663340687730e-04 3.749441862732399901e-04 6.101614272515957713e-04 -1.719568877462961435e-04 1.226522680610221683e-04 5.399163371218147532e-06 -1.585147036528218893e-03 -5.952825538692120338e-04 1.260805343260989553e-03 3.381163442307177393e-03 4.429432733804746208e-04 5.123141865280979139e-03 2.568338138760584925e-03 -1.279514011479353534e-03 -6.552424636792883233e-04 -1.920202479511110916e-03 -2.613223032684297564e-03 6.175273772986389527e-03 -1.336052979221200379e-02 1.363358270822090726e-03 -2.439242518261828391e-02 3.296744808169674718e-06 8.135654143270074049e-09 -4.761423916931822929e-05 -1.508842266210837159e-05 -4.295010098851929812e-07 -1.929527277214235573e-02 7.504317777700600633e-08 -2.968643508049472341e-06 -1.882496207726007018e-05 -6.544423291199520827e-04 6.400205852923746381e-07 -2.953020540907833383e-05 6.722212592953591100e-06 -2.788881473126267411e-05 -1.406476422189857587e-08 -5.259181349013956116e-04 -8.456330132199610546e-05 -2.587714850033807301e-06 1.053665909552907860e-05 -1.776892514994841336e-04 7.991910287357483720e-06 7.136702002525429711e-04 2.347132172923896960e-05 -8.339664015394011325e-07 3.408374429948541527e-06 1.820409602641002631e-05
-6.056195755722032238e-05 -6.054045344786620998e-05 -1.311323034378687920e-03 -6.240016856047892813e-05 -1.276131102440311452e-03 3.749441862732399901e-04 1.354511350541867318e-03 1.336179810713547782e-03 8.736954634404967696e-04 1.112466324771660625e-03 -6.024487572598004141e-05 -2.427302226780816453e-03 -7.875911964943954364e-04 -8.578856346823008835e-03 -3.131109603401632108e-02 4.966206402060690216e-03 3.487380940337377836e-03 4.789212310388471158e-04 1.366021200933098100e-03 -1.189478038095221745e-03 -1.245256495517657862e-04 -6.669289246208735811e-04 -5.053102879310066020e-02 1.225576564911896732e-01 -5.197139079265392786e-03 -1.264377158358979784e-02 -5.406617116777240692e-07 1.218294635987556796e-08 1.588272604863701066e-04 -9.518999203581821099e-05 1.912155813007557489e-07 -1.850220039853976706e-02 8.251374313068833064e-08 -2.890334688301110187e-06 -5.345535598230966894e-06 -3.007403366435043839e-05 5.827828225949583783e-07 -2.677379131287537640e-05 6.374667540245380914e-06 -2.649952387698852380e-05 -1.280406625509438915e-08 2.597713274415858935e-04 -6.084056777054339669e-05 -1.525436024556070204e-06 6.686819789024995705e-06 -1.599825925867621318e-04 2.741065147942805895e-06 6.420171619016289740e-04 1.676762322218837837e-05 -2.560667882412221693e-05 -3.127225368815960401e-06 -2.088875953459060856e-04
-5.941941979665573824e-05 -5.933473878482515039e-05 -1.241915041573965527e-03 -7.480138417512597411e-05 -1.145263151583885732e-03 6.101614272515957713e-04 1.336179810713547782e-03 1.921085156750678737e-03 8.896575284902431824e-04 1.154960583060222080e-03 -5.896060553552818470e-05 -2.747142201249544967e-03 -9.106847702328963812e-04 -8.134473023070711711e-03 -3.021702983411288582e-02 5.211550090173933114e-03 4.532754270167919236e-03 9.593668657289135954e-04 1.140088703775188122e-03 -1.318727796079124936e-03 -4.597658461590685940e-04 -1.243787819953963772e-03 -4.957233694971181770e-02 1.187317730349414652e-01 -5.032081546954949962e-03 -1.752832040839714597e-02 -5.367662908986516401e-06 5.430948306071945780e-09 2.036806251155032807e-04 3.938799119061892875e-05 -6.770694633463915014e-07 -9.070941595494413229e-03 4.296027087362132032e-08 -1.862736340701710549e-06 -2.279948363510799164e-05 -9.315922943088285769e-04 6.537234792330724715e-07 -3.040001246936911464e-05 7.926191758491567507e-06 -3.301403881037257183e-05 -1.614618788925805038e-08 -1.226022696055651708e-04 -8.670575939735015579e-05 -3.672493293775197472e-06 1.538492716139309489e-05 -8.481475136537763556e-05 1.444961408457699668e-05 9.582903531325173566e-04 3.321681439517735514e-05 -2.579777134468760267e-05 -2.437640986635320012e-06 -2.017311283752054281e-04
-6.641287446370416653e-05 -6.633485214110917310e-05 -1.630742473509369864e-03 -6.435727122274265014e-05 -1.658462550807452687e-03 -1.719568877462961435e-04 8.736954634404967696e-04 8.896575284902431824e-04 1.138641913779124982e-03 9.903712768941856214e-04 -6.635286137556219079e-05 -8.461425803988621404e-04 -1.991695667242411746e-04 -9.811337909970848509e-03 -3.457663449460236099e-02 4.495888225729149749e-03 -1.496178033991805382e-03 -2.008458531298425252e-03 2.598472589233735263e-03 -5.507989659596518057e-04 1.730396118345778854e-03 1.879505886516252833e-03 -5.633529160123819379e-02 1.353792682505494949e-01 -6.487047598489541905e-03 1.105724181322077782e-02 -1.875553157808461968e-05 -7.279878934578547551e-09 5.531245949340251114e-04 2.174455041505831605e-05 2.975397019381889953e-08 7.009755006748258528e-03 -4.016604581805280842e-08 1.482105889263389810e-06 3.555391175907188112e-06 7.190647221359518378e-05 -1.118970330033657648e-07 5.012823045379182926e-06 -5.661709393249043801e-07 2.236830414475733003e-06 1.611191325189029490e-09 5.442089833275653337e-04 1.788912033289665301e-05 -2.689304937663249075e-06 1.213378154995127270e-05 7.207160772520060236e-06 1.270235831563254579e-05 8.841302780033947258e-05 1.442952511470297543e-05 -2.472272705353132708e-05 -6.426688871697494143e-06 -2.265749410235029114e-04
-6.310111085615990889e-05 -6.305938337518403661e-05 -1.492689836791204205e-03 -6.438575816736902919e-05 -1.483113575398818098e-03 1.226522680610221683e-04 1.112466324771660625e-03 1.154960583060222080e-03 9.903712768941856214e-04 1.071079913970539397e-03 -6.290709837131134013e-05 -1.689921189600078954e-03 -5.157745561241563678e-04 -9.105928512956915771e-03 -3.282310166445803756e-02 4.872911406451394846e-03 1.065010463782184447e-03 -7.679511609154062238e-04 2.002925425632744779e-03 -8.804675390183138274e-04 8.233466331844152466e-04 5.474309097735106586e-04 -5.389239589749263148e-02 1.288287821890833906e-01 -5.939410934948327961e-03 -1.035316330040305516e-03 -3.906861029248992752e-06 2.651455373010105819e-09 1.652490292193763111e-04 -4.064209905570578482e-05 -1.607707638162196800e-07 -6.822422821787498155e-03 3.533369375956458166e-08 -1.203730925014156316e-06 -2.940858931232196584e-06 -8.164600020674603516e-05 2.666298060270406106e-07 -1.230401148663156281e-05 3.356155673205213827e-06 -1.399958374568440218e-05 -6.549119493081459360e-09 3.746003997180149788e-04 -2.560939210174286400e-05 -9.128842141565493630e-07 4.232861089207517506e-06 -7.382037411749171418e-05 2.669508897839998341e-06 3.835320705166028244e-04 1.062125515134033181e-05 -2.534331086097106324e-05 -4.768107882280144009e-06 -2.164496595261277355e-04
4.189540625298818570e-06 4.186077314521056669e-06 9.890620869042354875e-05 4.109762260508229001e-06 9.982812787491343761e-05 5.399163371218147532e-06 -6.024487572598004141e-05 -5.896060553552818470e-05 -6.635286137556219079e-05 -6.290709837131134013e-05 4.306173344423465049e-06 6.655157693572527513e-05 2.040948579407208751e-05 6.197479640684729757e-04 2.179529565386765112e-03 -2.798791237717383230e-04 4.544207676666470365e-05 9.991230391995876764e-05 -1.501429524007709057e-04 4.142335245253447651e-05 -8.779434756406230859e-05 -9.636601882728309458e-05 3.489144264299310749e-03 -8.504500008385172671e-03 3.909676032739270012e-04 -4.599892046546090723e-04 1.449573535311732147e-06 1.208836418917467917e-10 -1.567025327200708334e-05 -6.799444539925875579e-07 -3.607416633342057849e-09 -1.521351854612481582e-04 1.434138452144514639e-09 -5.302941652639920455e-08 -1.332200744161456739e-07 -3.323591237284369830e-06 7.964042275277129318e-06 2.505850869721999434e-07 -3.804572466504847974e-06 -3.388522605133654795e-07 8.599117120755952472e-10 -3.813774953924279709e-05 -7.923447422001239309e-07 2.113400127124769220e-07 -9.347351263003759545e-07 1.501010998861195324e-06 -8.782812198541315881e-07 2.711107553750014519e-04 3.968361914007645003e-06 1.571729999340001145e-06 3.736862818017930387e-07 1.436601384756222925e-05
6.809320067728576978e-05 6.785516119787483869e-05 9.613064493686074167e-04 7.343595519436479794e-05 8.513241205317897183e-04 -1.585147036528218893e-03 -2.427302226780816453e-03 -2.747142201249544967e-03 -8.461425803988621404e-04 -1.689921189600078954e-03 6.655157693572527513e-05 6.935926115770095143e-03 2.264892849012629418e-03 8.383120138878485950e-03 3.323099778754379230e-02 -7.381246468391713597e-03 -1.479204771865719019e-02 -5.754033364306721486e-03 7.931023640660476645e-04 2.845699534700812418e-03 3.986028524819457824e-03 6.142392440205340920e-03 5.279767471941772261e-02 -1.301293881418190412e-01 4.018401176776663190e-03 6.527223076752336484e-02 1.535993548294348275e-06 -2.441806978068630853e-08 -3.414558407088997974e-04 3.914795418849668809e-04 6.913516134463802037e-07 6.919938565547473219e-02 -3.165065544612637689e-07 1.132318960780460206e-05 2.137907789744893824e-05 5.078299917542282264e-05 -3.225295858352548610e-05 9.538790029221764773e-05 -1.557906882557042369e-05 8.914173078542339198e-05 -2.540360347801328601e-05 5.937747978033522823e-04 2.472840446086714788e-04 9.361897869098810516e-06 -3.886700857520049204e-05 6.622178350239782321e-04 -2.973987158414497298e-05 -3.075409703825140832e-03 -9.461952644349599754e-05 3.464205542086195552e-05 -2.827453333471049895e-06 2.299711720346125053e-04
1.901740956958402891e-05 1.894839764674838311e-05 2.066718052135762770e-04 2.320760735820606295e-05 1.495657530891165076e-04 -5.952825538692120338e-04 -7.875911964943954364e-04 -9.106847702328963812e-04 -1.991695667242411746e-04 -5.157745561241563678e-04 2.040948579407208751e-05 2.264892849012629418e-03 8.648130882431338037e-04 2.264964689269214574e-03 9.195463016750282659e-03 -2.204350405190063679e-03 -5.392171617434884760e-03 -2.230435512013599283e-03 5.072483493521798541e-04 9.710714283307043471e-04 1.582996835937244698e-03 2.323969759471815680e-03 1.412445158933892282e-02 -3.581981266819496412e-02 8.610380851681877744e-04 2.419174511943038286e-02 -3.859700713853692338e-07 -9.547899744839998541e-09 -4.337409739422711831e-06 8.786714006649955428e-05 3.002477259292274475e-07 2.473957030695332279e-02 -5.013048000388641914e-08 3.749499776205236810e-06 9.963093370749441876e-06 1.416257013149951048e-04 -5.000828456045741828e-06 2.831622658643829013e-05 -1.788903724184678803e-04 1.238106489932774899e-05 -3.687941848631214095e-06 -3.957094596204483654e-04 7.064719442490297887e-05 2.873207632631778605e-06 -1.170680343700393612e-05 2.878306803439284250e-04 -7.152652626816065454e-06 3.381163985470559720e-03 4.996655194302915249e-05 1.033010025704825968e-05 -1.531160206523363990e-06 6.492128876076655669e-05
6.200818640446385463e-04 6.198751264936661108e-04 1.483211553241289143e-02 6.080708672374087820e-04 1.495896127880202466e-02 1.260805343260989553e-03 -8.578856346823008835e-03 -8.134473023070711711e-03 -9.811337909970848509e-03 -9.105928512956915771e-03 6.197479640684729757e-04 8.383120138878485950e-03 2.264964689269214574e-03 9.260128222175734169e-02 3.241672915201990746e-01 -4.039464966030101301e-02 1.098160355096324155e-02 1.673788954148604929e-02 -2.305904625465248284e-02 5.549044475530812148e-03 -1.438138321313058021e-02 -1.646351936917590797e-02 5.173164764684959893e-01 -1.263893349579223724e+00 5.834019441708121478e-02 -8.787355299350783910e-02 1.987624071770416551e-04 1.686662420600214568e-08 -1.913511330244029723e-03 -2.453285814387538670e-04 -1.069285281123096700e-06 -3.991744121287098962e-02 3.022462645701737137e-07 -1.125548348825168259e-05 -2.679804148419965079e-05 -5.550368328284037509e-04 7.038131551414815116e-07 -3.143061524039389112e-05 2.420569291383374151e-06 -8.872464992347575130e-06 -9.439519074934635159e-09 -5.535983003199158349e-03 -1.580289908883795395e-04 2.413403505966524347e-05 -1.114044696012415252e-04 -9.104018199058664534e-05 -1.013350844949300868e-04 -6.969848989602008688e-04 -1.183125536091036566e-04 2.302708124306012576e-04 5.777455534944724150e-05 2.135133113724441319e-03
2.181378436915878787e-03 2.180598501674579220e-03 5.243820019400767529e-02 2.153996334849440746e-03 5.278332619043342444e-02 3.381163442307177393e-03 -3.131109603401632108e-02 -3.021702983411288582e-02 -3.457663449460236099e-02 -3.282310166445803756e-02 2.179529565386765112e-03 3.323099778754379230e-02 9.195463016750282659e-03 3.241672915201990746e-01 1.156545136757693326e+00 -1.467320963785968824e-01 2.991902071415281777e-02 5.274875936836830037e-02 -7.339680254958447225e-02 1.813360992359101115e-02 -5.041330212730342486e-02 1.151843049955914022e-02 1.712154661717459669e+00 -4.479554623406120761e+00 1.263816787828557220e-01 -2.194639981879349944e-01 5.756153068522438339e-04 3.741639053744006998e-08 -6.477727094951743481e-03 -5.247327360222540796e-04 -2.228541722864343623e-06 -9.202060588179386547e-02 6.993427291258874268e-07 -2.673001027721036719e-05 -6.345156832025140045e-05 -9.862551232892526228e-04 9.091034297268996993e-07 -3.886339724204374035e-05 -8.982555804303053525e-06 4.111684925585477863e-05 3.337769927291154350e-09 -1.865002152897579993e-02 -3.629381770941104675e-04 6.792980859454821768e-05 -3.163553389424083088e-04 3.590533153960580315e-07 -2.809324964014305536e-04 -3.796239828484137928e-03 -3.647836507046861316e-04 7.475005461957481443e-04 2.154354468298904030e-04 8.888909913049232100e-03
-2.806783776843781012e-04 -2.805328240425636810e-04 -6.950131519270102629e-03 -2.893570114201991653e-04 -6.910590177185000488e-03 4.429432733804746208e-04 4.966206402060690216e-03 5.211550090173933114e-03 4.495888225729149749e-03 4.872911406451394846e-03 -2.798791237717383230e-04 -7.381246468391713597e-03 -2.204350405190063679e-03 -4.039464966030101301e-02 -1.467320963785968824e-01 2.267395972365828655e-02 3.426384445031032192e-03 -4.383513737994144434e-03 9.560129571512717903e-03 -3.769831192435668058e-03 4.528226444291005674e-03 2.937145406538190645e-03 -2.462215773928709550e-01 5.785279090579222849e-01 -2.774424469485599343e-02 2.372270732846668007e-03 2.652492437015524762e-05 1.330986482549442578e-08 6.289430792003729027e-04 -2.114292029897141875e-04 -9.686582305392027823e-07 -2.836638558687409883e-02 2.093943624115575249e-07 -7.146966760119963634e-06 -1.720575584868268358e-05 -6.614218679098515536e-04 1.181752439012080606e-06 -5.443949984589215317e-05 1.562794590831649216e-05 -6.511470986110045667e-05 -3.065261287193447049e-08 1.714192197075592406e-03 -1.132655922223001514e-04 4.950239022534513307e-06 -2.028491914700451094e-05 -2.682401300762080444e-04 -2.494079613798654859e-05 1.606621247740239915e-03 6.024933478777642535e-06 -1.141416518945392080e-04 -2.244194956212206869e-05 -9.623828241958865774e-04
4.229289999000527845e-05 4.288323334450714437e-05 3.451604121055326831e-03 1.859366417662274712e-05 3.876429054226695863e-03 5.123141865280979139e-03 3.487380940337377836e-03 4.532754270167919236e-03 -1.496178033991805382e-03 1.065010463782184447e-03 4.544207676666470365e-05 -1.479204771865719019e-02 -5.392171617434884760e-03 1.098160355096324155e-02 2.991902071415281777e-02 3.426384445031032192e-03 4.747550911738584317e-02 2.399107260876880490e-02 -1.202011219231018460e-02 -6.084727385468972558e-03 -1.803788454839182209e-02 -2.404423527815112080e-02 5.889903121629803256e-02 -1.202752960920814573e-01 1.315040034024623182e-02 -2.264564136255445836e-01 -1.447663065428153177e-05 7.161511662965260234e-08 4.468826051629989308e-04 -8.955755795666620403e-04 -1.777115954536011722e-06 -2.059305474929827573e-01 7.843317744053731462e-07 -2.846594591650750209e-05 -7.060664789100914735e-05 -3.359793852776900985e-04 5.905139283541667295e-06 -2.712190702320838812e-04 5.729029887298426531e-05 -2.372657897658687366e-04 -1.192884873857592609e-07 -3.913408361136988534e-03 -7.316732697180497198e-04 -3.363332877279650500e-05 1.388119604714354541e-04 -1.842153227980421670e-03 1.137572857632648327e-04 5.991759262196223214e-03 2.496433677631435281e-04 -7.447249378289792635e-06 3.165166345509580600e-05 1.561499419895493639e-04
9.847683519310165975e-05 9.874752889115552979e-05 3.704848719885862895e-03 8.845685675958346638e-05 3.916976100511856615e-03 2.568338138760584925e-03 4.789212310388471158e-04 9.593668657289135954e-04 -2.008458531298425252e-03 -7.679511609154062238e-04 9.991230391995876764e-05 -5.754033364306721486e-03 -2.230435512013599283e-03 1.673788954148604929e-02 5.274875936836830037e-02 -4.383513737994144434e-03 2.399107260876880490e-02 1.898852664274713192e-02 -1.557126389560932640e-02 -1.058674109740773226e-03 -9.789725273701904013e-03 -2.848247402868643585e-02 1.230375153074519251e-01 -2.163140810736861319e-01 5.621519643884728690e-03 -1.024836874457396713e-01 -1.556649489121659919e-05 3.392555555608427268e-08 6.580193390465333375e-05 -4.116473211306976199e-04 -6.625011323607375547e-07 -1.003323901589774636e-01 3.535256928176774386e-07 -1.295559560145901194e-05 -3.228315858990070175e-05 8.735171665626650060e-06 2.775954314205617940e-06 -1.274551615684868392e-04 2.578720208751404634e-05 -1.066911433171253238e-04 -5.420544889693939912e-08 -2.519200049391024342e-03 -3.529656754179601196e-04 -1.913970718751983494e-05 7.898739521417958722e-05 -8.942686122812891839e-04 6.707195730197763363e-05 2.707476412485764188e-03 1.299985455921520347e-04 8.141512834461175885e-05 -7.300974083616431791e-06 6.770927966020238347e-05
-1.496125047956882990e-04 -1.497020369311482277e-04 -4.284827671495432776e-03 -1.453403333316383476e-04 -4.391769391875396944e-03 -1.279514011479353534e-03 1.366021200933098100e-03 1.140088703775188122e-03 2.598472589233735263e-03 2.002925425632744779e-03 -1.501429524007709057e-04 7.931023640660476645e-04 5.072483493521798541e-04 -2.305904625465248284e-02 -7.339680254958447225e-02 9.560129571512717903e-03 -1.202011219231018460e-02 -1.557126389560932640e-02 5.297769583375760288e-02 -2.715333980230888455e-02 1.285282193632084763e-02 4.648965305704769180e-02 -1.999163887385056182e-01 3.077365852894334841e-01 -5.951974466958484533e-02 8.243581523980390846e-02 -3.287172976719386633e-06 -1.553968770126609942e-08 2.363472326375207981e-04 1.825680205746541809e-04 2.314103029291005294e-07 4.719614918986810015e-02 -1.589423429492593862e-07 5.936336547017073576e-06 1.480438040157563050e-05 -8.231896160722581993e-05 -1.200536876067140833e-06 5.501765145853558655e-05 -9.965008602187179840e-06 4.105361604184150977e-05 2.169952008409067313e-08 1.994586658450521986e-03 1.649461449650223971e-04 8.389367390516259132e-06 -3.365494441999383534e-05 3.967266744139205659e-04 -2.946746859524034310e-05 -9.768183196301035917e-04 -5.328667357174492062e-05 -7.765160315096448183e-04 1.959237576851146560e-05 1.101034919329079310e-03
4.191260747080657547e-05 4.181267795316054862e-05 6.741016377960415418e-04 4.485960125905538021e-05 6.209484911469582459e-04 -6.552424636792883233e-04 -1.189478038095221745e-03 -1.318727796079124936e-03 -5.507989659596518057e-04 -8.804675390183138274e-04 4.142335245253447651e-05 2.845699534700812418e-03 9.710714283307043471e-04 5.549044475530812148e-03 1.813360992359101115e-02 -3.769831192435668058e-03 -6.084727385468972558e-03 -1.058674109740773226e-03 -2.715333980230888455e-02 1.980889120106464965e-02 -2.046069033617878632e-03 -1.123823269253878578e-02 5.450984750689424896e-02 -7.591902224792178300e-02 3.286363818496108175e-02 6.992312095927346455e-03 1.247733409540842708e-05 -9.499563696109985228e-09 -1.995214294275143570e-04 1.186629703099473498e-04 2.243826622353398952e-07 2.740401386506715470e-02 -9.984214428536037847e-08 3.588123213627950661e-06 8.943471854020088843e-06 4.176152744506209536e-05 -8.268044366112423375e-07 3.803343968421901255e-05 -8.451199279841373183e-06 3.508374427414883844e-05 1.726223578015539948e-08 1.489109590515370614e-04 9.694224021797930523e-05 5.862114302932089199e-06 -2.488723088593394154e-05 2.612359624919248806e-04 -2.063392410522550856e-05 -9.380425766671294553e-04 -4.174833208365687253e-05 5.151935299038813525e-04 -1.524027179121922003e-05 -7.586443905029874183e-04
-8.674612621981217563e-05 -8.694898193424296332e-05 -3.154874622970909454e-03 -8.022077827435018630e-05 -3.312423851091983017e-03 -1.920202479511110916e-03 -1.245256495517657862e-04 -4.597658461590685940e-04 1.730396118345778854e-03 8.233466331844152466e-04 -8.779434756406230859e-05 3.986028524819457824e-03 1.582996835937244698e-03 -1.438138321313058021e-02 -5.041330212730342486e-02 4.528226444291005674e-03 -1.803788454839182209e-02 -9.789725273701904013e-03 1.285282193632084763e-02 -2.046069033617878632e-03 7.949662053776324067e-02 2.512051087552508166e-03 -6.856966054831507840e-02 1.922452230025149533e-01 -1.672842363168103863e-01 2.511478690155751758e-01 2.139655689496579709e-05 -2.456628753866545964e-08 -4.648376855837307994e-05 2.914755459711715086e-04 3.806876783649109494e-07 7.414085841899255291e-02 -2.444165931448857170e-07 9.007171514873901395e-06 2.254862902957312085e-05 -9.488938921889690493e-05 -2.022127671393398720e-06 9.285335412207016868e-05 -1.842421953999599679e-05 7.621625788668385355e-05 3.882092617251646785e-08 1.972617161788313943e-03 2.588278532465387383e-04 1.626676220639798284e-05 -6.749675613259431420e-05 6.677307175238296911e-04 -5.835042367163975846e-05 -1.968734001281775229e-03 -1.048085641204826030e-04 -7.198577281719424105e-06 -2.051970181941524367e-04 -1.840883790715768659e-04
-9.489218213230279572e-05 -9.514489041144140609e-05 -3.378704354166420752e-03 -8.123089432127473023e-05 -3.599233736679258687e-03 -2.613223032684297564e-03 -6.669289246208735811e-04 -1.243787819953963772e-03 1.879505886516252833e-03 5.474309097735106586e-04 -9.636601882728309458e-05 6.142392440205340920e-03 2.323969759471815680e-03 -1.646351936917590797e-02 1.151843049955914022e-02 2.937145406538190645e-03 -2.404423527815112080e-02 -2.848247402868643585e-02 4.648965305704769180e-02 -1.123823269253878578e-02 2.512051087552508166e-03 8.243407127287279978e-01 -1.700485326024530730e+00 6.483604787850193452e-01 -6.406986259143314655e-01 4.970486771277228266e-01 -2.760130460168177722e-05 -3.702853015970243338e-08 4.622497474539408353e-05 4.725172628200150892e-04 1.079274612081193617e-06 1.042307102592973517e-01 -4.300020858251888199e-07 1.561271626389102514e-05 3.849993105887001491e-05 3.025624858466144395e-04 -2.950038195946937395e-06 1.353633731798852935e-04 -2.827434016825265689e-05 1.169459613920747815e-04 5.941556272836525275e-08 2.553085461189633001e-03 3.740289588682833757e-04 1.125396241944395993e-05 -4.456141871247645695e-05 8.908430027565320854e-04 -3.417725277192191873e-05 -2.801751829882090025e-03 -9.705208890274346213e-05 -2.051363920883247482e-04 -3.242864926503811747e-04 5.053576239043418468e-03
3.491661458735413875e-03 3.490776755632813387e-03 8.714766479231986218e-02 3.481523388915749254e-03 8.771154217452686863e-02 6.175273772986389527e-03 -5.053102879310066020e-02 -4.957233694971181770e-02 -5.633529160123819379e-02 -5.389239589749263148e-02 3.489144264299310749e-03 5.279767471941772261e-02 1.412445158933892282e-02 5.173164764684959893e-01 1.712154661717459669e+00 -2.462215773928709550e-01 5.889903121629803256e-02 1.230375153074519251e-01 -1.999163887385056182e-01 5.450984750689424896e-02 -6.856966054831507840e-02 -1.700485326024530730e+00 6.231211964165696671e+00 -8.123931142675642647e+00 1.659837530613079037e+00 -1.314473649753914453e+00 4.399639178352286392e-04 4.413899729263593180e-08 -8.900573474632954632e-03 -4.041493507766530271e-04 5.101269395495979528e-07 -1.564275304163735003e-01 4.829873481335914167e-07 -2.093215075888640175e-05 -5.144880096466386966e-05 1.707348275268907520e-03 1.085826703458231941e-06 -4.624911856353802644e-05 -2.614840392408143932e-05 1.139813667853349925e-04 3.053776345617739483e-08 -3.007513285341083253e-02 -5.349509397747769521e-04 1.363401072007244520e-05 -9.283681408542502462e-05 -5.120044729461327090e-04 -5.989109292979484045e-05 -5.457757576262413368e-03 -1.565587574983668762e-04 1.511171150502911304e-03 1.013194776338814228e-03 2.267741844339326955e-03
-8.511628112578681002e-03 -8.508742058519695728e-03 -2.061242631435970807e-01 -8.422747482035173455e-03 -2.074587541414715797e-01 -1.336052979221200379e-02 1.225576564911896732e-01 1.187317730349414652e-01 1.353792682505494949e-01 1.288287821890833906e-01 -8.504500008385172671e-03 -1.301293881418190412e-01 -3.581981266819496412e-02 -1.263893349579223724e+00 -4.479554623406120761e+00 5.785279090579222849e-01 -1.202752960920814573e-01 -2.163140810736861319e-01 3.077365852894334841e-01 -7.591902224792178300e-02 1.922452230025149533e-01 6.483604787850193452e-01 -8.123931142675642647e+00 1.800772433013451845e+01 -1.057623616792392029e+00 1.239857275851995677e+00 -2.004658138153257371e-03 -1.350220019035466215e-07 2.456089443017895474e-02 1.790016497263477099e-03 6.567717262103662398e-06 3.549019372331215783e-01 -2.375192082810341608e-06 9.209340607134159187e-05 2.193672277636840953e-04 2.179696445797709142e-03 -3.108680062914150436e-06 1.320026573286906522e-04 4.344289202526961034e-05 -1.949083324516804813e-04 -3.083372301689504926e-08 7.273120724247740532e-02 1.361915372984033850e-03 -2.186606289145309376e-04 1.032336361999187805e-03 1.777359023760920805e-04 9.049780610933038857e-04 1.476129304514229440e-02 1.219147768465542571e-03 -2.863187272934448156e-03 -1.218680080247324391e-03 -3.213249478328535774e-02
3.908292473340593560e-04 3.908332189980146453e-04 1.031354544836522377e-02 3.896922818001292066e-04 1.042795755239055502e-02 1.363358270822090726e-03 -5.197139079265392786e-03 -5.032081546954949962e-03 -6.487047598489541905e-03 -5.939410934948327961e-03 3.909676032739270012e-04 4.018401176776663190e-03 8.610380851681877744e-04 5.834019441708121478e-02 1.263816787828557220e-01 -2.774424469485599343e-02 1.315040034024623182e-02 5.621519643884728690e-03 -5.951974466958484533e-02 3.286363818496108175e-02 -1.672842363168103863e-01 -6.406986259143314655e-01 1.659837530613079037e+00 -1.057623616792392029e+00 3.291544602465859892e+00 -2.873598667830854048e+00 6.328243205559963905e-06 1.217336089791919089e-08 -8.058567634123673697e-04 -1.157966651281485087e-04 1.856623425120254427e-07 -4.284701234314108875e-02 9.421640672119285401e-08 -3.900122799520052344e-06 -9.966118736777414841e-06 4.248342320059565660e-04 7.999186075907505375e-07 -3.642421742420311496e-05 3.018810563931837140e-06 -1.192263591154074279e-05 -8.869015235336377976e-09 -3.812485135546756117e-03 -1.433291929197778457e-04 -1.055080449859505321e-05 4.127807141233957682e-05 -3.215416370839653927e-04 3.990071121903228379e-05 1.706507003735523403e-04 4.874567778513062778e-05 4.123087990794970263e-04 -7.281996624623070279e-04 -4.020544620529382246e-03
-4.454460070294147603e-04 -4.481639897620359053e-04 -2.253512710543720612e-02 -3.367166747537351243e-04 -2.455759901023676223e-02 -2.439242518261828391e-02 -1.264377158358979784e-02 -1.752832040839714597e-02 1.105724181322077782e-02 -1.035316330040305516e-03 -4.599892046546090723e-04 6.527223076752336484e-02 2.419174511943038286e-02 -8.787355299350783910e-02 -2.194639981879349944e-01 2.372270732846668007e-03 -2.264564136255445836e-01 -1.024836874457396713e-01 8.243581523980390846e-02 6.992312095927346455e-03 2.511478690155751758e-01 4.970486771277228266e-01 -1.314473649753914453e+00 1.239857275851995677e+00 -2.873598667830854048e+00 3.618331473227539341e+00 7.244299994081941814e-05 -3.359911433051903087e-07 -1.562158237160508802e-03 4.173245095915652063e-03 7.946319573130655050e-06 9.723374337888032182e-01 -3.644884064199270678e-06 1.326200867340053275e-04 3.292234935687917557e-04 1.198741621019737066e-03 -2.759305590431915636e-05 1.267148601746954841e-03 -2.644786807198087658e-04 1.094968525167318903e-03 5.523388043978262131e-07 2.040790179931770490e-02 3.447346397569383235e-03 1.630577941469586506e-04 -6.719578301905581620e-04 8.667375474124874510e-03 -5.556499353045458002e-04 -2.760626499331694100e-02 -1.185422391846298025e-03 -1.557146378140251129e-04 7.663104503957356541e-04 5.383361367431527614e-04
1.448667797245016314e-06 1.437121547519034573e-06 -1.009297618513336966e-06 7.636392676628706357e-07 5.280842923860634886e-06 3.296744808169674718e-06 -5.406617116777240692e-07 -5.367662908986516401e-06 -1.875553157808461968e-05 -3.906861029248992752e-06 1.449573535311732147e-06 1.535993548294348275e-06 -3.859700713853692338e-07 1.987624071770416551e-04 5.756153068522438339e-04 2.652492437015524762e-05 -1.447663065428153177e-05 -1.556649489121659919e-05 -3.287172976719386633e-06 1.247733409540842708e-05 2.139655689496579709e-05 -2.760130460168177722e-05 4.399639178352286392e-04 -2.004658138153257371e-03 6.328243205559963905e-06 7.244299994081941814e-05 9.216200211253215734e-05 9.347933731277309419e-10 -5.380105818763421743e-05 -2.238275988061012585e-06 -1.522818659602657741e-08 -5.674301033267389362e-04 3.554893459189128599e-08 -2.629608633935068646e-07 -7.127683151033621846e-07 -3.736349742643783683e-05 3.164166746106673204e-07 -8.532731458873049601e-07 6.033424462362398517e-07 -1.296721925112048511e-06 7.136362981195642005e-10 3.398833989154778244e-06 -1.757684898740337904e-06 9.210198754520720134e-06 -6.305033602432709649e-06 2.454929949267363007e-05 -7.300125732962744800e-06 3.669394192568146409e-05 -7.115260420046643858e-06 2.718780555688116965e-07 4.833003252207624163e-08 4.204962452389642073e-06
1.208546846089937260e-10 1.142169077564909066e-10 2.012227731766556083e-09 7.686687695221273114e-12 3.811144588369293771e-09 8.135654143270074049e-09 1.218294635987556796e-08 5.430948306071945780e-09 -7.279878934578547551e-09 2.651455373010105819e-09 1.208836418917467917e-10 -2.441806978068630853e-08 -9.547899744839998541e-09 1.686662420600214568e-08 3.741639053744006998e-08 1.330986482549442578e-08 7.161511662965260234e-08 3.392555555608427268e-08 -1.553968770126609942e-08 -9.499563696109985228e-09 -2.456628753866545964e-08 -3.702853015970243338e-08 4.413899729263593180e-08 -1.350220019035466215e-07 1.217336089791919089e-08 -3.359911433051903087e-07 9.347933731277309419e-10 7.640344485863976801e-13 -2.103256805139975760e-08 -2.437982972974381100e-09 1.849697738795072894e-11 -5.202116343488310067e-07 3.148567280190655506e-12 -1.142179050006247604e-10 -1.753720162356023496e-10 -3.514733776921275332e-09 1.494843711787078801e-11 -5.954730705701449272e-10 1.430152753322250282e-10 -5.847509064652743246e-10 -2.693939458892841268e-13 1.928101295646614602e-09 -1.208063506173712900e-09 2.102682175512095722e-10 -1.000780158902446534e-09 -5.943179248329961959e-10 -1.147457023949052937e-09 4.339628586135601149e-09 -1.069588100084898550e-09 -2.776986051635548527e-11 4.410171006784936040e-11 2.109281204109415860e-10
-1.593463174555098661e-05 -1.556282626637080189e-05 -1.435273779350305305e-04 -4.717555818902463606e-06 -2.263503514575979959e-04 -4.761423916931822929e-05 1.588272604863701066e-04 2.036806251155032807e-04 5.531245949340251114e-04 1.652490292193763111e-04 -1.567025327200708334e-05 -3.414558407088997974e-04 -4.337409739422711831e-06 -1.913511330244029723e-03 -6.477727094951743481e-03 6.289430792003729027e-04 4.468826051629989308e-04 6.580193390465333375e-05 2.363472326375207981e-04 -1.995214294275143570e-04 -4.648376855837307994e-05 4.622497474539408353e-05 -8.900573474632954632e-03 2.456089443017895474e-02 -8.058567634123673697e-04 -1.562158237160508802e-03 -5.380105818763421743e-05 -2.103256805139975760e-08 2.472012545160672675e-03 -1.804696668297032136e-05 1.209720880833360325e-06 8.587935847375868792e-03 -6.580898487905992347e-08 3.505477498853712276e-06 1.267079385815217057e-05 6.882670314473497176e-04 8.845437677671156116e-07 4.709634964338066064e-06 -1.068074534454086042e-06 8.441497656794357191e-06 1.177773754647904239e-08 -1.168068536067289271e-04 1.451865063390603766e-06 -1.410433581256839521e-05 5.933656072376895292e-05 -1.639927262354554105e-04 6.364809518609671401e-05 2.752444923231661851e-04 7.142966080049179575e-05 -4.584914114420926340e-06 -6.825858491678271410e-07 -4.429175427664178985e-05
-1.240047193584053330e-06 -6.349329500096188424e-07 -4.070887909005079842e-05 -1.507054086441551367e-05 8.428692816377789045e-05 -1.508842266210837159e-05 -9.518999203581821099e-05 3.938799119061892875e-05 2.174455041505831605e-05 -4.064209905570578482e-05 -6.799444539925875579e-07 3.914795418849668809e-04 8.786714006649955428e-05 -2.453285814387538670e-04 -5.247327360222540796e-04 -2.114292029897141875e-04 -8.955755795666620403e-04 -4.116473211306976199e-04 1.825680205746541809e-04 1.186629703099473498e-04 2.914755459711715086e-04 4.725172628200150892e-04 -4.041493507766530271e-04 1.790016497263477099e-03 -1.157966651281485087e-04 4.173245095915652063e-03 -2.238275988061012585e-06 -2.437982972974381100e-09 -1.804696668297032136e-05 1.317453127671298994e-03 -1.109491659109530307e-07 1.050750893608915978e-02 8.746396023780030412e-06 1.602477386929091542e-05 -6.825534757608662522e-06 -6.124690612696321972e-04 1.505691933708817268e-05 2.024593551586957818e-05 1.232875060369188540e-05 1.282487457901598354e-05 7.838186154404726890e-08 -1.154926971375990570e-05 2.313152410695041113e-05 4.847755198678299634e-07 -1.859708542588291513e-06 -2.143039907612756013e-03 -2.666054513635239895e-05 -1.410359274039534039e-04 -5.003030398348124342e-06 3.851658482162521972e-07 -5.430373704782667373e-07 -3.207660304276115597e-06
