4.135358383948116752e-06 4.130965452501634469e-06 9.613115256445765432e-05 4.086706000067982798e-06 9.661164955388001701e-05 3.058041198340693523e-06 -6.150672789658323525e-05 -6.039539683087186036e-05 -6.452753982465946146e-05 -6.241933951889111010e-05 4.119458703491428952e-06 8.596680385009000420e-05 1.306520739189533002e-06 6.121332607524509377e-04 2.150924609632812786e-03 -2.755021313486036034e-04 2.489687566303664935e-05 8.861178016923651490e-05 -1.438404750529036495e-04 4.387144473397254306e-05 -7.568085986255508038e-05 -8.003838957566881138e-05 3.411949756979654365e-03 -8.377452616188373405e-03 3.937565101458664028e-04 -3.679545089292415036e-04 1.438159498900115325e-06 5.067328371747681098e-11 -1.944572286321742536e-05 -1.627408978730757807e-06 -2.751002438419419382e-09 -8.392079165461726340e-05 1.492001699742586502e-09 -4.670787855509969810e-08 -8.050451969329909522e-08 -1.928288529902720733e-06 -1.015067291982942444e-08 4.931315885560805305e-07 -1.333532302240564176e-07 5.582649311954340766e-07 2.529520266350389731e-10 -8.643117173741004567e-05 -6.998699822766437337e-07 2.143325543116895306e-07 -9.621211636273984411e-07 5.070831588021850520e-06 -8.456118198397725982e-07 -3.217912023566612764e-05 -1.495019437559184654e-06 1.577907695714011746e-06 3.440984766980745750e-07 1.457951995830988160e-05
4.130965452501634469e-06 4.127947427426573514e-06 9.616460752249209390e-05 4.088444141705993948e-06 9.657120042622240638e-05 3.087290092381005712e-06 -6.152549773642686747e-05 -6.032880977912305183e-05 -6.445080920686207561e-05 -6.238529357227626368e-05 4.116349175709056424e-06 8.582104159415195467e-05 1.273414085824259739e-06 6.119320618896606414e-04 2.150187159217496410e-03 -2.753821902905474392e-04 2.527035807005048154e-05 8.877532628607442890e-05 -1.438810517412016283e-04 4.380194241374170638e-05 -7.580098823350701594e-05 -8.019253702492808774e-05 3.411026547075438498e-03 -8.374686757489285815e-03 3.937229624130997307e-04 -3.696529704087322564e-04 1.427241283983531045e-06 4.479575184018421431e-11 -1.896984707243307494e-05 -9.978715495414990926e-07 -2.963804503105103907e-09 -8.466991515843628113e-05 1.385818583739686817e-09 -5.062102363298687893e-08 -8.039011307389078035e-08 -1.827566583930427250e-06 -1.010144969241016294e-08 4.908668610244308616e-07 -1.336293075423948878e-07 5.594923115469493520e-07 2.534382150042437625e-10 -8.635946593479186561e-05 -7.003443242010425803e-07 2.086164394885754574e-07 -9.307607652185009633e-07 1.322856633891608047e-06 -8.518928383367551122e-07 -3.194199175178519229e-05 -1.455203918917301615e-06 1.577164380337567699e-06 3.442026217174026049e-07 1.457403012288348790e-05
9.613115256445765432e-05 9.616460752249209390e-05 2.408249682339165965e-03 9.703724879477358721e-05 2.410510474342853881e-03 1.891698942954996238e-04 -1.410611262770709255e-03 -1.351515983544513159e-03 -1.538323420667972105e-03 -1.471349034536643995e-03 9.590256652160227154e-05 1.775653064175788248e-03 -4.609083645660419048e-05 1.439485436907695683e-02 5.079450887593798397e-02 -6.674621133568925391e-03 1.768057675474580311e-03 2.760564418838797485e-03 -3.747899624508453046e-03 8.735888015810034084e-04 -2.321926759666424148e-03 -2.400394950175506990e-03 8.242669902083826772e-02 -1.987220033282365850e-01 9.769730271373644817e-03 -1.444131848572201282e-02 7.067374964355558711e-06 2.884684523068844708e-10 -3.890507109227319218e-04 -3.949270351990228094e-05 -5.335361427968481835e-08 -4.727005099358026416e-03 3.204752392785717551e-08 -1.227473927562786131e-06 -2.072409066246650396e-06 6.606430999371251276e-05 -1.844479020775354903e-07 8.981277456506264235e-06 -3.185142752696935615e-06 1.334412314932113546e-05 6.054588933476522103e-09 -2.081245436698055552e-03 -2.202203998377302017e-05 -1.177634586855860146e-06 3.494925944451606918e-06 -7.849078349051824771e-05 4.956864531102198875e-06 -6.016357507821241827e-04 -4.668448120252029698e-06 3.702707680361829823e-05 8.906681352769017725e-06 3.421273418880217037e-04
4.086706000067982798e-06 4.088444141705993948e-06 9.703724879477358721e-05 5.571608524141380968e-06 8.977119910578103463e-05 -8.012359406681081469e-06 -6.214452543265497938e-05 -7.286804965126521694e-05 -6.331552903403374300e-05 -6.383456961152255359e-05 4.069266809617486523e-06 9.268822822314985548e-05 1.757385690847658770e-06 6.050696941737172775e-04 2.139137602296670593e-03 -2.845023995847591148e-04 1.064112646554733939e-05 8.362474229242722952e-05 -1.425690329352771691e-04 4.586805303893251443e-05 -7.309609951673206013e-05 -7.092743117402165124e-05 3.426351620430814586e-03 -8.349209071122068102e-03 3.939498908563085272e-04 -3.029686698757364004e-04 8.124641936209965677e-07 -1.071230019128091617e-11 -1.997055303070982286e-05 -1.514560079388163944e-05 1.870607949398832866e-08 -1.972307701681583409e-04 8.639971668124748144e-09 -2.381594002877723272e-07 1.074032531197236240e-06 7.849681359693982128e-05 -9.042806027301084215e-09 4.659055001467216732e-07 -1.935139440500558920e-07 8.160301444481155562e-07 3.874002067335419616e-10 -8.087679788389658315e-05 -1.024778731874416832e-07 9.155594749427164609e-08 -4.484195820882534814e-07 -7.803098354820242616e-06 -4.433679206023822020e-07 -4.620753092235221102e-05 -1.179521509033579653e-06 1.591807606156306387e-06 3.376619358701455635e-07 1.449249700173765492e-05
9.661164955388001701e-05 9.657120042622240638e-05 2.410510474342853881e-03 8.977119910578103463e-05 2.465266027353836022e-03 2.510488291081966212e-04 -1.396383063453526460e-03 -1.285316413543981717e-03 -1.552435471472825854e-03 -1.463262307893486861e-03 9.635635258235539864e-05 1.724213853432291031e-03 -6.015902308008570554e-05 1.444830826330082904e-02 5.091493961584168254e-02 -6.635411443917577957e-03 1.952151205715475530e-03 2.846443530494726856e-03 -3.786348651952553285e-03 8.490049164929853358e-04 -2.381700169340556384e-03 -2.500419863785078439e-03 8.254839364906198240e-02 -1.991461240445673020e-01 9.813231146564013047e-03 -1.531471807788930758e-02 1.244836780305539203e-05 1.256214281431107439e-09 -4.178498489702033589e-04 8.357645596929208238e-05 -1.314655511010496607e-07 -4.250359521209151788e-03 -5.080592441742132451e-08 1.172808175442363303e-06 -7.014499130490144455e-06 -2.875871324771081777e-04 -2.123761926737392214e-07 1.012540136054137722e-05 -3.013370993929993834e-06 1.256146365147508331e-05 5.696278523947955348e-09 -2.099081396826411178e-03 -2.432831141934795573e-05 -1.064421635715309318e-07 -8.714021329400121102e-07 4.640399667081319133e-05 1.361745572082803988e-06 -5.537443478922781390e-04 -8.857275296648423258e-06 3.695181198374774200e-05 9.015945187075072591e-06 3.428208947502831157e-04
3.058041198340693523e-06 3.087290092381005712e-06 1.891698942954996238e-04 -8.012359406681081469e-06 2.510488291081966212e-04 2.757938937693888283e-04 5.576421059774633077e-05 2.067149904270247770e-04 -9.750044742983928424e-05 1.472705515564584828e-05 3.229242826213864871e-06 -4.838376264118690270e-04 -9.437044175748296297e-05 6.571830361731213418e-04 2.034038317386757232e-03 -3.455690278589826966e-05 1.880749167994355542e-03 9.981403114970128707e-04 -5.427521418611708920e-04 -2.256689548298641769e-04 -7.472759681780910199e-04 -9.794140161753076869e-04 3.974970840072573550e-03 -8.208940781980108778e-03 8.004895672868467694e-04 -9.170770626113511695e-03 -4.579518400107505198e-06 2.228692032622190490e-09 1.574915244909919250e-04 2.632505101056424477e-05 -3.028917978009260734e-07 -4.574361105977255496e-03 1.672063547785109023e-08 -7.962185799042432986e-07 -1.155974623084810427e-05 -5.873117539802752158e-04 1.752960337868144608e-07 -8.509396193463066412e-06 1.891315362340947313e-06 -7.852607083590993909e-06 -4.133368120517025175e-09 -2.385715336692648429e-05 -1.999954953531402256e-05 -2.257858308112257250e-06 9.387683084934812634e-06 -8.019014734971644290e-05 8.502856852063932474e-06 3.430536902024596490e-04 1.567725753188576609e-05 3.477772439837474656e-07 1.366216691587581489e-06 1.166893322232210272e-05
-6.150672789658323525e-05 -6.152549773642686747e-05 -1.410611262770709255e-03 -6.214452543265497938e-05 -1.396383063453526460e-03 5.576421059774633077e-05 1.083546396005551169e-03 9.759516965252364347e-04 9.089240180707674035e-04 9.720469446282060163e-04 -6.125724470367786638e-05 -1.570239103356005578e-03 -4.945668937107286939e-05 -9.081911666566159710e-03 -3.209928529159226940e-02 4.264096527994407082e-03 5.073510048593315395e-04 -9.024300381677444281e-04 1.967684421645214329e-03 -7.822139031877883668e-04 8.250759094772020831e-04 7.574079776793379674e-04 -5.076563258640344467e-02 1.249882335104469111e-01 -5.702753927557891248e-03 1.337220599147972630e-03 -1.248130506805990937e-05 6.635226276292956193e-09 3.333047854651475465e-04 -1.410261103696721093e-05 3.772425998763683582e-07 -2.216356832398719452e-03 1.234672347337518775e-08 -4.079624222076885671e-07 -9.940177372250719004e-07 -1.545667283653282258e-05 2.797710941891164319e-07 -1.343688215097827042e-05 3.302548478938485427e-06 -1.375439372548548030e-05 -6.576760143999038324e-09 1.426572732614072138e-03 1.858226820350175851e-06 -1.886169502609138187e-06 8.738145057210360315e-06 -4.873559665838951837e-05 5.942993482613735052e-06 5.767003951247188370e-04 1.708453265550504853e-05 -2.416142544403901180e-05 -4.660070666546700229e-06 -2.184588949044422588e-04
-6.039539683087186036e-05 -6.032880977912305183e-05 -1.351515983544513159e-03 -7.286804965126521694e-05 -1.285316413543981717e-03 2.067149904270247770e-04 9.759516965252364347e-04 1.466497142744677606e-03 9.300940832667035528e-04 9.993116988301813455e-04 -6.001259539130080368e-05 -1.779788877020408366e-03 -7.708333860322836239e-05 -8.713532898487887784e-03 -3.114054099882857668e-02 4.412813667163870829e-03 1.200278520001505983e-03 -5.797916791430491636e-04 1.810200639386812249e-03 -8.651566087278894472e-04 6.069030386928813640e-04 3.513076548134078450e-04 -4.980191894129244040e-02 1.215744258869018851e-01 -5.490292238311383563e-03 -1.977832867680355197e-03 -1.846388042957142748e-05 -1.567490988142976213e-10 6.337846600844520249e-04 8.637924461899054436e-05 -4.198989919642435010e-07 5.082770149334837374e-03 -4.214013154066762613e-08 1.263638230278544710e-06 -1.100169227004421191e-05 -6.535507105809963083e-04 2.894822822738078884e-07 -1.426189465839986190e-05 4.042283120227585893e-06 -1.689423682337867818e-05 -8.202024946209405241e-09 1.332328516015077267e-03 -8.614688730013564665e-06 -4.016958632186522273e-06 1.743464683686776236e-05 4.981507830231183561e-05 1.788952065286730027e-05 8.841431798136917090e-04 3.311233970189290791e-05 -2.417518967183486671e-05 -4.196681304975984325e-06 -2.122397264582567215e-04
-6.452753982465946146e-05 -6.445080920686207561e-05 -1.538323420667972105e-03 -6.331552903403374300e-05 -1.552435471472825854e-03 -9.750044742983928424e-05 9.089240180707674035e-04 9.300940832667035528e-04 1.082128619670641749e-03 9.725837347542297439e-04 -6.430529253710798342e-05 -1.236390478764669808e-03 1.041727759547025694e-05 -9.555901121605654691e-03 -3.362708234492213510e-02 4.345711456027212885e-03 -8.177045029677769547e-04 -1.621557723829368438e-03 2.369521627047275081e-03 -6.263664450959819351e-04 1.369679085302309435e-03 1.441210214385525452e-03 -5.391452143728413249e-02 1.312421369341645050e-01 -6.312511729858845053e-03 7.830369685798636847e-03 -1.941248102808343387e-05 -4.564519913245255036e-09 5.298607047130520723e-04 2.757292770754381095e-05 3.039070686560307545e-08 3.841364331366506173e-03 -3.869499375084500195e-08 1.384592604435365097e-06 2.335710364604677596e-06 5.072875564558488844e-05 1.091061856350826793e-07 -5.386671282661930240e-06 1.711879839480241316e-06 -7.192110432938977392e-06 -3.158697710341014921e-09 1.332349566143162982e-03 1.417003511703872558e-05 -2.877189710901581767e-06 1.309469093196178939e-05 4.566417313934542075e-06 1.290797975444841919e-05 4.780517924533201485e-04 2.147309211446257174e-05 -2.454749663830549673e-05 -5.654368539462716241e-06 -2.272046214052890706e-04
-6.241933951889111010e-05 -6.238529357227626368e-05 -1.471349034536643995e-03 -6.383456961152255359e-05 -1.463262307893486861e-03 1.472705515564584828e-05 9.720469446282060163e-04 9.993116988301813455e-04 9.725837347542297439e-04 9.885409998651338223e-04 -6.215680826567569501e-05 -1.490665724623834853e-03 -3.430373684517310688e-05 -9.189150609355645899e-03 -3.257339238532667991e-02 4.401868814776795265e-03 6.669369234971699294e-05 -1.172427244857299992e-03 2.133266331661275682e-03 -7.323310434740468644e-04 1.043954062031788059e-03 9.601647759156974743e-04 -5.226658121246525318e-02 1.271953916089177128e-01 -5.972750360545141246e-03 3.546337709711104222e-03 -1.248341299932630592e-05 4.850352969703419873e-10 4.002522589262644107e-04 -1.732450652606207995e-07 -1.068968209332998811e-07 -1.452839908347154478e-04 -1.878722587154631931e-10 4.310968573084696228e-08 -1.181462830968960470e-06 -8.010632435378969862e-05 2.328744920070782930e-07 -1.125343916374078239e-05 3.002970275358317960e-06 -1.252246700197382108e-05 -5.946962279698975874e-09 1.390860815088074565e-03 4.146723199224454011e-06 -1.786374982147994279e-06 8.324586077557291023e-06 -2.691292251257251613e-05 6.944799787795359866e-06 5.838664653620612198e-04 1.770038291468279372e-05 -2.444581295066113163e-05 -5.029502100716458027e-06 -2.208326714721300845e-04
4.119458703491428952e-06 4.116349175709056424e-06 9.590256652160227154e-05 4.069266809617486523e-06 9.635635258235539864e-05 3.229242826213864871e-06 -6.125724470367786638e-05 -6.001259539130080368e-05 -6.430529253710798342e-05 -6.215680826567569501e-05 4.249061530993608297e-06 8.471697970197166838e-05 3.642462139116616370e-06 6.102366259212036511e-04 2.143989831591760955e-03 -2.743932149954030454e-04 2.613002217638783065e-05 8.895575313108962877e-05 -1.436462981288509654e-04 4.353964021042473092e-05 -7.589417941209504589e-05 -8.043192649486466351e-05 3.401210091349703840e-03 -8.350508347859943517e-03 3.927509694740489781e-04 -3.729792650406315397e-04 1.436790328275728298e-06 4.861783174830969484e-11 -1.895910176614093033e-05 -1.005550538396795225e-06 -3.085770201539275428e-09 -8.755535584401886746e-05 1.464135489680662625e-09 -5.206046446778733219e-08 -8.789116059172821794e-08 -2.234183713902710786e-06 8.633514960406343371e-06 7.693567070430830282e-07 -4.259671372278815268e-06 8.998721617792841563e-08 1.553174234294345733e-09 -9.013260982537584919e-05 -9.397071602289896496e-07 2.103854635375592952e-07 -9.376343799971468943e-07 1.312333718791654820e-06 -8.608610457994821317e-07 3.065279638480690808e-04 4.379300295402058221e-06 1.571915213985865415e-06 3.437018654323382981e-07 1.453117701055915793e-05
8.596680385009000420e-05 8.582104159415195467e-05 1.775653064175788248e-03 9.268822822314985548e-05 1.724213853432291031e-03 -4.838376264118690270e-04 -1.570239103356005578e-03 -1.779788877020408366e-03 -1.236390478764669808e-03 -1.490665724623834853e-03 8.471697970197166838e-05 3.784695441210577001e-03 2.850535494914252445e-04 1.221443062344964615e-02 4.390092543180788148e-02 -6.423763449510060120e-03 -4.041379429589418183e-03 -3.623861066603811798e-04 -2.012806851201619403e-03 1.555660861206203949e-03 2.719316506456879307e-05 6.308669728551262110e-04 6.889567544065094973e-02 -1.708413589648030140e-01 7.145472481696609618e-03 1.398748651923148109e-02 2.879644310152750552e-05 -5.926324265724944541e-09 -9.590277960004800397e-04 1.398253009019556929e-04 5.362061332088464122e-07 1.208993606539095558e-02 -1.299345725384692879e-07 4.472922417725374756e-06 1.228909370703531952e-05 3.699468185016775799e-04 -2.649513936504800833e-05 3.806729347938693091e-05 1.041326255244525769e-05 3.773926762978443538e-05 -2.634376783284095747e-05 -2.148222918837995252e-03 3.537314362265099165e-05 7.611783886472252955e-06 -3.301022576144289666e-05 3.059399474040249952e-04 -2.809497081298271994e-05 -2.690763014370476693e-03 -7.928622182155522352e-05 3.539807155121344953e-05 4.567982511894294754e-06 3.021078681158164553e-04
1.306520739189533002e-06 1.273414085824259739e-06 -4.609083645660419048e-05 1.757385690847658770e-06 -6.015902308008570554e-05 -9.437044175748296297e-05 -4.945668937107286939e-05 -7.708333860322836239e-05 1.041727759547025694e-05 -3.430373684517310688e-05 3.642462139116616370e-06 2.850535494914252445e-04 1.853038936819498923e-04 1.056302976213357016e-04 3.954419152829832590e-04 -7.244596255359087131e-05 -8.731237475360379080e-04 -4.395045869094376745e-04 1.909940284568233180e-04 1.323303622220592336e-04 3.341043387323148735e-04 3.949594185064042931e-04 -1.014236246409075826e-04 -1.212813544972618333e-03 -1.841365806337868193e-04 4.141636408472134344e-03 8.321235733788115001e-06 -4.527137250468384089e-10 -1.270814938178374499e-05 -3.773747617165844022e-05 1.123525017750589861e-07 2.673524688259891393e-03 8.117671451345299703e-08 -4.409450231455023531e-07 1.045554111311246782e-06 -1.209786551864754599e-05 -2.135287721522150439e-06 -4.299066226889817577e-06 -2.079578977763466062e-04 -2.108156004601506703e-05 -2.290779148990404612e-06 -7.861173068194994085e-04 -1.290250346004924393e-05 2.027178953399632724e-06 -8.210900202297356120e-06 9.737583596815622543e-05 -7.016067059047578354e-06 5.551208312982692031e-03 8.740577762510868165e-05 6.970571406496709067e-07 -4.611218281987251554e-07 3.906095970547378270e-06
6.121332607524509377e-04 6.119320618896606414e-04 1.439485436907695683e-02 6.050696941737172775e-04 1.444830826330082904e-02 6.571830361731213418e-04 -9.081911666566159710e-03 -8.713532898487887784e-03 -9.555901121605654691e-03 -9.189150609355645899e-03 6.102366259212036511e-04 1.221443062344964615e-02 1.056302976213357016e-04 9.106586830528730359e-02 3.196010031871830415e-01 -4.061992452681338628e-02 5.481262688367662984e-03 1.401616397714580166e-02 -2.173363854712920609e-02 6.260104549631302119e-03 -1.185997565639834717e-02 -1.278019168878308937e-02 5.072529659115699863e-01 -1.244837185913361344e+00 5.885471080483775652e-02 -6.309209349067275430e-02 1.866419400664106785e-04 4.001001850961862478e-09 -2.249017355545185164e-03 -2.050637261020739864e-04 -8.037657412704758966e-07 -1.576225642865513102e-02 2.379152080087022147e-07 -8.713155756721715145e-06 -1.598206187296308283e-05 -3.532132164364595829e-04 -1.343553777855346231e-06 6.534533828621743028e-05 -1.871864504342140635e-05 7.846672156910446561e-05 3.515124949032765139e-08 -1.277403743020854784e-02 -1.188438073423568272e-04 2.428358677100144787e-05 -1.122095266197880561e-04 1.263141610575220524e-05 -9.920450915494678150e-05 -4.352490240979280459e-03 -1.797317210051305224e-04 2.332030390809252329e-04 5.208937479863011541e-05 2.164568281180529775e-03
2.150924609632812786e-03 2.150187159217496410e-03 5.079450887593798397e-02 2.139137602296670593e-03 5.091493961584168254e-02 2.034038317386757232e-03 -3.209928529159226940e-02 -3.114054099882857668e-02 -3.362708234492213510e-02 -3.257339238532667991e-02 2.143989831591760955e-03 4.390092543180788148e-02 3.954419152829832590e-04 3.196010031871830415e-01 1.139102349944359327e+00 -1.444022334540852326e-01 1.751272802689066849e-02 4.606092776858586313e-02 -6.936376921720545374e-02 1.934394727850357112e-02 -4.316400706236148133e-02 1.841824277503688323e-02 1.673137579326368307e+00 -4.404704445400897228e+00 1.350069245939858331e-01 -1.688291071159910284e-01 5.980814117704299094e-04 1.029858403899115649e-08 -8.915867579717656755e-03 -6.272150087434223047e-04 -1.832366344484703078e-06 -5.056067128034723301e-02 7.144889708901865330e-07 -2.639000933038335221e-05 -4.183062402045015151e-05 -4.995684086698733714e-04 -5.138444215591781041e-06 2.496015105205625761e-04 -7.123664296865987505e-05 2.982904819817389086e-04 1.353407441004879574e-07 -4.539725765157106435e-02 -3.839914978453907567e-04 7.612065632337910439e-05 -3.541185045586283308e-04 7.994465469525870518e-05 -3.095851522379272592e-04 -1.588545686827187373e-02 -6.013687570749826940e-04 7.423169794570656094e-04 1.943800984344789032e-04 8.979730593784285633e-03
-2.755021313486036034e-04 -2.753821902905474392e-04 -6.674621133568925391e-03 -2.845023995847591148e-04 -6.635411443917577957e-03 -3.455690278589826966e-05 4.264096527994407082e-03 4.412813667163870829e-03 4.345711456027212885e-03 4.401868814776795265e-03 -2.743932149954030454e-04 -6.423763449510060120e-03 -7.244596255359087131e-05 -4.061992452681338628e-02 -1.444022334540852326e-01 1.984108291778980890e-02 -7.963264416956535550e-04 -5.863276696151296062e-03 9.832663939455074664e-03 -3.100214951790959423e-03 5.180478138223703830e-03 4.693661273452437790e-03 -2.341737368617108350e-01 5.650808685779586948e-01 -2.702296042492217942e-02 2.112371967552547497e-02 -3.040731618595023710e-05 1.749458912532582169e-09 1.959951114659351599e-03 4.563078245013526429e-06 -5.660333116067032173e-07 2.478328106638842850e-03 6.835398923154214974e-09 -4.220576069215178548e-08 -6.245954638301924879e-06 -5.333612958048990129e-04 9.976803064923985916e-07 -4.822881576872980211e-05 1.354935969830031506e-05 -5.649125975117976503e-05 -2.691366510557294354e-08 6.227543713192082095e-03 2.182251893268923783e-05 -2.421848256071004202e-06 1.337833405168949440e-05 -4.111294700534836178e-05 8.584248682595018728e-06 2.516354417949865849e-03 5.319431040562190035e-05 -1.084229692037705844e-04 -2.308427770667052358e-05 -9.765203000355530787e-04
2.489687566303664935e-05 2.527035807005048154e-05 1.768057675474580311e-03 1.064112646554733939e-05 1.952151205715475530e-03 1.880749167994355542e-03 5.073510048593315395e-04 1.200278520001505983e-03 -8.177045029677769547e-04 6.669369234971699294e-05 2.613002217638783065e-05 -4.041379429589418183e-03 -8.731237475360379080e-04 5.481262688367662984e-03 1.751272802689066849e-02 -7.963264416956535550e-04 1.654344238084551680e-02 8.917250985750507092e-03 -4.910433083422997315e-03 -1.980706955260392969e-03 -6.744164387923282447e-03 -8.492186541308793454e-03 3.675385351149246249e-02 -7.195381356328438283e-02 7.318117889948499294e-03 -8.087674635136463119e-02 -7.150163512259486201e-05 1.811612951390353114e-08 1.331393988357014229e-03 -3.011672610641531766e-04 -1.417348486423806672e-06 -4.679474323612761028e-02 2.821709072004879864e-07 -1.031088357825377718e-05 -3.521359268639239924e-05 -5.590261450433636151e-04 1.502138853777153362e-06 -7.187745258554831946e-05 1.267986919289883704e-05 -5.234794608293189797e-05 -2.741496151954915343e-08 1.207577154651888127e-04 -1.416125452897640247e-04 -2.631538880588967980e-05 1.099491468429817037e-04 -8.806265888917838829e-04 1.007524944326171091e-04 2.216661203494788273e-03 1.528701354288358348e-04 3.631051750038319289e-06 1.216636400963886305e-05 9.863707029029407717e-05
8.861178016923651490e-05 8.877532628607442890e-05 2.760564418838797485e-03 8.362474229242722952e-05 2.846443530494726856e-03 9.981403114970128707e-04 -9.024300381677444281e-04 -5.797916791430491636e-04 -1.621557723829368438e-03 -1.172427244857299992e-03 8.895575313108962877e-05 -3.623861066603811798e-04 -4.395045869094376745e-04 1.401616397714580166e-02 4.606092776858586313e-02 -5.863276696151296062e-03 8.917250985750507092e-03 1.145104346612148792e-02 -1.189580773301019724e-02 9.201029480588002012e-04 -4.063261219261177226e-03 -2.034620039261983773e-02 1.077744081019678252e-01 -1.887876970592731185e-01 1.494010182791546265e-03 -3.077220361779541696e-02 -2.950234673398473807e-05 9.039694478317852887e-09 1.596980479584665180e-04 -1.593873640999536210e-04 -5.870569362522245145e-07 -2.528564610777763247e-02 1.461640081928748949e-07 -5.398690885684225113e-06 -1.676551858346368024e-05 -1.452671874706378940e-04 5.154700499003864559e-07 -2.453099259250623906e-05 2.938664856062353395e-06 -1.198024102046869660e-05 -7.006241867890052353e-09 -1.645197842898903388e-03 -8.037666969936829860e-05 -1.321743135278319640e-05 5.433698203439481884e-05 -4.519992587404067790e-04 5.080729856623086458e-05 4.745799149167378951e-04 6.597311306314307649e-05 8.599859576612534258e-05 -1.535257345969751866e-05 4.364969148127247078e-05
-1.438404750529036495e-04 -1.438810517412016283e-04 -3.747899624508453046e-03 -1.425690329352771691e-04 -3.786348651952553285e-03 -5.427521418611708920e-04 1.967684421645214329e-03 1.810200639386812249e-03 2.369521627047275081e-03 2.133266331661275682e-03 -1.436462981288509654e-04 -2.012806851201619403e-03 1.909940284568233180e-04 -2.173363854712920609e-02 -6.936376921720545374e-02 9.832663939455074664e-03 -4.910433083422997315e-03 -1.189580773301019724e-02 5.074950737702285664e-02 -2.782257574391006072e-02 9.655062048843567057e-03 4.294057006392314885e-02 -1.908532810501096799e-01 2.906372087694255035e-01 -6.122285068149506404e-02 5.197088742834593544e-02 -6.280739904792283888e-06 -4.369262839557223144e-09 4.729837036090602377e-04 9.443659868852116420e-05 2.410925443174171934e-07 1.398319581494393560e-02 -8.846971704068529852e-08 3.301688367096181358e-06 8.213736544073628576e-06 -2.712217517352014150e-06 4.599882481675150348e-08 -2.442940143620215708e-06 2.631868176262509826e-06 -1.113848734059431430e-05 -4.499698104221564539e-09 2.993527838049990682e-03 5.255214107663060998e-05 4.022015612816059576e-06 -1.490242750653601798e-05 2.103812677747848121e-04 -1.513289783175499420e-05 5.928573012700417023e-04 -7.629868390161388892e-06 -7.762882678029140457e-04 2.191744870667062888e-05 1.148429078631733359e-03
4.387144473397254306e-05 4.380194241374170638e-05 8.735888015810034084e-04 4.586805303893251443e-05 8.490049164929853358e-04 -2.256689548298641769e-04 -7.822139031877883668e-04 -8.651566087278894472e-04 -6.263664450959819351e-04 -7.323310434740468644e-04 4.353964021042473092e-05 1.555660861206203949e-03 1.323303622220592336e-04 6.260104549631302119e-03 1.934394727850357112e-02 -3.100214951790959423e-03 -1.980706955260392969e-03 9.201029480588002012e-04 -2.782257574391006072e-02 1.908806009916172441e-02 -3.299232024187080323e-03 -1.368675391937269545e-02 5.758784442337296777e-02 -8.060370817542454602e-02 3.676150591732663120e-02 -1.502705910741669940e-02 2.217415686230925917e-05 -2.399364525261431332e-09 -4.032909999870884108e-04 3.042254083024619583e-05 1.782383246539748107e-07 5.577843698054084018e-03 -2.635050216254839091e-08 9.526582614887709392e-07 4.315429928954972414e-06 8.181139733865735791e-05 -3.329455450744872961e-07 1.601385102920421734e-05 -3.460747649496568524e-06 1.438024651728716540e-05 7.071225429544191537e-09 -1.026735959771560378e-03 1.214930694092263493e-05 5.215566809596676128e-06 -2.255414216564237130e-05 1.266509548163579930e-04 -2.029774432740761347e-05 -6.737634018803050420e-04 -3.424335521208442078e-05 5.124334931114051883e-04 -1.226744444974362658e-05 -7.781077044443280612e-04
-7.568085986255508038e-05 -7.580098823350701594e-05 -2.321926759666424148e-03 -7.309609951673206013e-05 -2.381700169340556384e-03 -7.472759681780910199e-04 8.250759094772020831e-04 6.069030386928813640e-04 1.369679085302309435e-03 1.043954062031788059e-03 -7.589417941209504589e-05 2.719316506456879307e-05 3.341043387323148735e-04 -1.185997565639834717e-02 -4.316400706236148133e-02 5.180478138223703830e-03 -6.744164387923282447e-03 -4.063261219261177226e-03 9.655062048843567057e-03 -3.299232024187080323e-03 7.387045004152159589e-02 -1.614873679816490604e-03 -5.717286430767079541e-02 1.640985319904066375e-01 -1.655264027880188060e-01 1.981487315878608657e-01 2.629993252530052274e-05 -6.613624080149556050e-09 8.884209974627439201e-06 1.154981346601125533e-04 3.595378158255875193e-07 1.913970753150093240e-02 -1.028494872812213208e-07 3.824713492427880615e-06 1.161756413654651570e-05 3.999702528450153319e-05 -3.369109282604056107e-07 1.600336534598326626e-05 -1.468069793202473042e-06 5.927358455607575839e-06 3.739964541748330946e-09 1.474972789749312780e-03 5.981545979793454490e-05 1.080625972291163402e-05 -4.450908819808953499e-05 3.437010546591412214e-04 -4.183656478600097765e-05 -2.504785176101240836e-04 -5.159735068338579380e-05 -7.465287871099147814e-06 -1.954082874768167893e-04 -1.436801481033663018e-04
-8.003838957566881138e-05 -8.019253702492808774e-05 -2.400394950175506990e-03 -7.092743117402165124e-05 -2.500419863785078439e-03 -9.794140161753076869e-04 7.574079776793379674e-04 3.513076548134078450e-04 1.441210214385525452e-03 9.601647759156974743e-04 -8.043192649486466351e-05 6.308669728551262110e-04 3.949594185064042931e-04 -1.278019168878308937e-02 1.841824277503688323e-02 4.693661273452437790e-03 -8.492186541308793454e-03 -2.034620039261983773e-02 4.294057006392314885e-02 -1.368675391937269545e-02 -1.614873679816490604e-03 8.040019193348071358e-01 -1.660195249392208972e+00 6.133095625058238021e-01 -6.121909136288914421e-01 4.085974084006694373e-01 4.483058506358399489e-06 -9.320713202992760085e-09 -4.981692441732655033e-04 1.745564088211584047e-04 8.768393636274549825e-07 2.403422118183738340e-02 -1.731944198100319741e-07 6.302575557823016780e-06 1.996813058758757360e-05 3.964243699062854369e-04 -5.993238647645248278e-07 2.856145517778990945e-05 -4.490630001517672366e-06 1.840891767625608792e-05 1.030669106117563610e-08 1.306338482490988773e-03 8.322229662519891485e-05 8.221433998929924912e-06 -3.292158297310150672e-05 4.103377195589271841e-04 -3.028142162299400858e-05 -6.158469762166736590e-04 -4.652726372238161667e-05 -2.185976403374469742e-04 -3.193584269315022503e-04 5.056270673269663840e-03
3.411949756979654365e-03 3.411026547075438498e-03 8.242669902083826772e-02 3.426351620430814586e-03 8.254839364906198240e-02 3.974970840072573550e-03 -5.076563258640344467e-02 -4.980191894129244040e-02 -5.391452143728413249e-02 -5.226658121246525318e-02 3.401210091349703840e-03 6.889567544065094973e-02 -1.014236246409075826e-04 5.072529659115699863e-01 1.673137579326368307e+00 -2.341737368617108350e-01 3.675385351149246249e-02 1.077744081019678252e-01 -1.908532810501096799e-01 5.758784442337296777e-02 -5.717286430767079541e-02 -1.660195249392208972e+00 6.055515060433070751e+00 -7.927018791808029263e+00 1.599124500779347091e+00 -1.174950194883433108e+00 6.711970537423931358e-04 1.971180429369828356e-08 -1.640346050365970587e-02 -9.368432100045338655e-04 -6.860088476369635746e-07 -1.059930019652222666e-01 9.568750212136414231e-07 -3.616576424370136045e-05 -4.779892563178401559e-05 1.323022099125773865e-03 -8.181274004174332148e-06 3.974002305819768622e-04 -1.198315454386870125e-04 5.013970863305380931e-04 2.297091580993277154e-07 -7.322631696400895562e-02 -6.173112206156981807e-04 6.285840787967561863e-05 -3.134592359152302580e-04 -5.654581944764573102e-04 -2.559594163316749661e-04 -2.506763045715778432e-02 -6.985810567289128933e-04 1.513380259838519992e-03 9.868347349770870223e-04 2.444090002846194092e-03
-8.377452616188373405e-03 -8.374686757489285815e-03 -1.987220033282365850e-01 -8.349209071122068102e-03 -1.991461240445673020e-01 -8.208940781980108778e-03 1.249882335104469111e-01 1.215744258869018851e-01 1.312421369341645050e-01 1.271953916089177128e-01 -8.350508347859943517e-03 -1.708413589648030140e-01 -1.212813544972618333e-03 -1.244837185913361344e+00 -4.404704445400897228e+00 5.650808685779586948e-01 -7.195381356328438283e-02 -1.887876970592731185e-01 2.906372087694255035e-01 -8.060370817542454602e-02 1.640985319904066375e-01 6.133095625058238021e-01 -7.927018791808029263e+00 1.767588374285160313e+01 -1.070398540064670723e+00 1.029713557455171680e+00 -2.191496222739716237e-03 -4.090613002411275581e-08 3.595639233928858008e-02 2.397949627666268266e-03 5.928367494979009887e-06 2.077260564550713617e-01 -2.678323615632873850e-06 9.935208943305988232e-05 1.516311762322237729e-04 8.348032320346223745e-04 2.010964954361304556e-05 -9.767720842866346297e-04 2.816474403410330549e-04 -1.179116539904957999e-03 -5.363129779135346840e-07 1.774684229705733862e-01 1.492666891489723754e-03 -2.682676422226888593e-04 1.258116542117594834e-03 -2.847029683317159852e-06 1.090888059228521320e-03 6.192817684738311651e-02 2.219856705993438276e-03 -2.833486211331279810e-03 -1.129870227539930957e-03 -3.248298316624148585e-02
3.937565101458664028e-04 3.937229624130997307e-04 9.769730271373644817e-03 3.939498908563085272e-04 9.813231146564013047e-03 8.004895672868467694e-04 -5.702753927557891248e-03 -5.490292238311383563e-03 -6.312511729858845053e-03 -5.972750360545141246e-03 3.927509694740489781e-04 7.145472481696609618e-03 -1.841365806337868193e-04 5.885471080483775652e-02 1.350069245939858331e-01 -2.702296042492217942e-02 7.318117889948499294e-03 1.494010182791546265e-03 -6.122285068149506404e-02 3.676150591732663120e-02 -1.655264027880188060e-01 -6.121909136288914421e-01 1.599124500779347091e+00 -1.070398540064670723e+00 3.178195867977382960e+00 -2.758588551549847168e+00 5.586711875304325938e-05 5.473686328124246712e-09 -1.711712631310177094e-03 -1.570599790731336850e-04 -2.550351605634678680e-07 -2.094420936703272548e-02 1.524769321448347866e-07 -5.731607572272805003e-06 -1.095916173457422770e-05 1.189713157339935797e-04 -6.760046315470222770e-07 3.302372005436130908e-05 -1.170151531690842651e-05 4.907231034927722244e-05 2.195404876195799167e-08 -8.374708773358521124e-03 -9.511114515493583241e-05 8.829912221831492556e-07 -9.296867893662645078e-06 -2.372911873661873866e-04 -4.717015092122961244e-06 -2.475548750252107126e-03 -4.564803684783597429e-05 5.020103048788194557e-04 -7.084206714400434002e-04 -3.717862152206033964e-03
-3.679545089292415036e-04 -3.696529704087322564e-04 -1.444131848572201282e-02 -3.029686698757364004e-04 -1.531471807788930758e-02 -9.170770626113511695e-03 1.337220599147972630e-03 -1.977832867680355197e-03 7.830369685798636847e-03 3.546337709711104222e-03 -3.729792650406315397e-04 1.398748651923148109e-02 4.141636408472134344e-03 -6.309209349067275430e-02 -1.688291071159910284e-01 2.112371967552547497e-02 -8.087674635136463119e-02 -3.077220361779541696e-02 5.197088742834593544e-02 -1.502705910741669940e-02 1.981487315878608657e-01 4.085974084006694373e-01 -1.174950194883433108e+00 1.029713557455171680e+00 -2.758588551549847168e+00 2.861321778307918340e+00 2.962777901886406041e-04 -8.684731407485014184e-08 -4.989499475480457628e-03 1.484843425280848311e-03 6.651349600780443125e-06 2.289301971392213308e-01 -1.393051075485042755e-06 5.101644862518409465e-05 1.686955545505188512e-04 2.466186331252385316e-03 -6.469750731697145788e-06 3.091420970262935639e-04 -5.066862151716402510e-05 2.086899911792932576e-04 1.117005935990066206e-07 4.852105445218853758e-03 7.123331271700176787e-04 1.211445533321157676e-04 -5.026294933175825186e-04 4.209882210320505663e-03 -4.631327095436377087e-04 -8.597926096417300018e-03 -6.766254447959799221e-04 -2.821440100132819391e-04 8.414191934838612455e-04 6.080779040332192145e-04
1.438159498900115325e-06 1.427241283983531045e-06 7.067374964355558711e-06 8.124641936209965677e-07 1.244836780305539203e-05 -4.579518400107505198e-06 -1.248130506805990937e-05 -1.846388042957142748e-05 -1.941248102808343387e-05 -1.248341299932630592e-05 1.436790328275728298e-06 2.879644310152750552e-05 8.321235733788115001e-06 1.866419400664106785e-04 5.980814117704299094e-04 -3.040731618595023710e-05 -7.150163512259486201e-05 -2.950234673398473807e-05 -6.280739904792283888e-06 2.217415686230925917e-05 2.629993252530052274e-05 4.483058506358399489e-06 6.711970537423931358e-04 -2.191496222739716237e-03 5.586711875304325938e-05 2.962777901886406041e-04 1.020080330746727374e-04 3.222090889201199458e-10 -2.077247882810085412e-05 -1.126558406973027866e-06 -4.561823510675242829e-09 -7.499804981714102911e-06 9.032885506683498035e-08 -7.258347696431806744e-08 -3.288616631030750080e-07 -2.865012525221868363e-05 7.643424675451397403e-07 -1.825456048457333258e-07 8.806467854365373539e-07 -5.793667211720826804e-07 1.270945076978060700e-09 -5.599162336735547598e-06 -5.885127338596364614e-07 9.884579943750090839e-06 -4.492800518580887542e-06 3.640846097000746673e-05 -5.455654883715715786e-06 3.902566558780046430e-05 -5.311467517782454838e-06 3.992174672176134255e-07 3.040676785232517345e-08 4.292459222570772808e-06
5.067328371747681098e-11 4.479575184018421431e-11 2.884684523068844708e-10 -1.071230019128091617e-11 1.256214281431107439e-09 2.228692032622190490e-09 6.635226276292956193e-09 -1.567490988142976213e-10 -4.564519913245255036e-09 4.850352969703419873e-10 4.861783174830969484e-11 -5.926324265724944541e-09 -4.527137250468384089e-10 4.001001850961862478e-09 1.029858403899115649e-08 1.749458912532582169e-09 1.811612951390353114e-08 9.039694478317852887e-09 -4.369262839557223144e-09 -2.399364525261431332e-09 -6.613624080149556050e-09 -9.320713202992760085e-09 1.971180429369828356e-08 -4.090613002411275581e-08 5.473686328124246712e-09 -8.684731407485014184e-08 3.222090889201199458e-10 4.249756090041570817e-13 -1.022067220847633719e-08 -9.369226136643478182e-10 1.715287274611038286e-11 -1.455089482368495558e-07 1.180832266562891067e-12 -5.149186406006027702e-11 -6.777761572797570157e-11 -2.054819758124246685e-09 3.704999115470136542e-12 -1.928398152258929760e-10 4.543970490512654993e-11 -1.895157260251199339e-10 -8.877107486025055068e-14 4.974841568350421038e-09 -2.168368421224878424e-10 1.074526546417479497e-10 -5.704769901713065310e-10 3.914193618105955025e-10 -6.612249347985825332e-10 -9.119528725678272230e-10 -6.811858618875752507e-10 -4.918934270277613329e-12 1.139685009159649920e-11 5.159269396487244792e-11
-1.944572286321742536e-05 -1.896984707243307494e-05 -3.890507109227319218e-04 -1.997055303070982286e-05 -4.178498489702033589e-04 1.574915244909919250e-04 3.333047854651475465e-04 6.337846600844520249e-04 5.298607047130520723e-04 4.002522589262644107e-04 -1.895910176614093033e-05 -9.590277960004800397e-04 -1.270814938178374499e-05 -2.249017355545185164e-03 -8.915867579717656755e-03 1.959951114659351599e-03 1.331393988357014229e-03 1.596980479584665180e-04 4.729837036090602377e-04 -4.032909999870884108e-04 8.884209974627439201e-06 -4.981692441732655033e-04 -1.640346050365970587e-02 3.595639233928858008e-02 -1.711712631310177094e-03 -4.989499475480457628e-03 -2.077247882810085412e-05 -1.022067220847633719e-08 2.132047908766387858e-03 -5.704287334279916190e-05 1.325821350223706718e-07 3.229420420361042189e-03 4.602706171899158441e-08 -3.571395360471320811e-07 -3.815265744548946764e-06 -1.197053088974089604e-04 4.287521831717256619e-07 -9.284365940479002324e-06 2.044473188576601810e-06 -7.461678182207642410e-06 -2.581301112138289957e-09 5.213466464609316665e-04 -1.239552872279850469e-05 -7.648912130296344115e-06 3.095063590321743259e-05 -2.213214383626908909e-04 3.565013803938679152e-05 7.236208575377286664e-04 5.019941657555145032e-05 -8.437984703242705040e-06 -8.684209075795934624e-07 -6.037023877715156094e-05
-1.627408978730757807e-06 -9.978715495414990926e-07 -3.949270351990228094e-05 -1.514560079388163944e-05 8.357645596929208238e-05 2.632505101056424477e-05 -1.410261103696721093e-05 8.637924461899054436e-05 2.757292770754381095e-05 -1.732450652606207995e-07 -1.005550538396795225e-06 1.398253009019556929e-04 -3.773747617165844022e-05 -2.050637261020739864e-04 -6.272150087434223047e-04 4.563078245013526429e-06 -3.011672610641531766e-04 -1.593873640999536210e-04 9.443659868852116420e-05 3.042254083024619583e-05 1.154981346601125533e-04 1.745564088211584047e-04 -9.368432100045338655e-04 2.397949627666268266e-03 -1.570599790731336850e-04 1.484843425280848311e-03 -1.126558406973027866e-06 -9.369226136643478182e-10 -5.704287334279916190e-05 1.379389353460622279e-03 -3.501027077120874872e-08 5.094106567123125526e-03 2.060549513007343969e-05 1.892375549239171790e-05 -3.614856890930937496e-06 -5.233206331525740683e-04 3.821000202220038852e-05 1.632441385891571293e-05 3.605709594906944689e-05 9.779019177530590219e-06 1.954670350303223308e-07 4.864468476325917450e-05 1.269301001310761052e-05 4.378984551357286430e-07 -2.589607447008967712e-06 -2.207811756562204873e-03 -2.765863787488024398e-05 -6.207185837263146013e-05 -4.114899478618630718e-06 -2.160865110462755482e-07 -2.497954454178841486e-07 -4.020167602172756673e-06
