4.151871343471377145e-06 4.146316914584963239e-06 9.765714491941657215e-05 4.061980396349880367e-06 9.856576517102178816e-05 4.429107915830419766e-06 -6.123074256781953879e-05 -6.024764213816399995e-05 -6.600009249117477187e-05 -6.274698713188010108e-05 4.135914908118176288e-06 8.895006495877020875e-05 -4.247982004677481696e-06 6.139723211644465550e-04 2.161141869369412934e-03 -2.788844103944425183e-04 3.572146782876665786e-05 9.455753040257023582e-05 -1.471181349504439232e-04 4.259662605261765536e-05 -8.359218899149081436e-05 -8.835402561115494901e-05 3.452291873499784350e-03 -8.430372163781762671e-03 3.930723763517084308e-04 -4.188500969658626562e-04 1.384795926368720540e-06 8.797147995501093480e-11 -2.336305775769017087e-05 -1.384417550217636180e-06 -2.886965166507207323e-09 -1.022184366713382652e-04 1.495698650024709641e-09 -4.773968747752116897e-08 -1.105575761481283280e-07 -3.080010221246258594e-06 -8.270770474417417641e-09 4.483350487211495439e-07 -1.192069964228408875e-07 5.134363412476969303e-07 1.883043146951034507e-10 -9.750634871365189199e-05 -1.178615107955340390e-06 2.044143194303520947e-07 -9.138146322805116587e-07 5.038698893784761456e-06 -8.259029637179176558e-07 -3.289530253983590543e-05 -1.471686320520681274e-06 1.573867186158110830e-06 3.602353495625938488e-07 1.430811834743677595e-05
4.146316914584963239e-06 4.142118633887012744e-06 9.765270779429097050e-05 4.063274851169626033e-06 9.848848406890531738e-05 4.460745510107084065e-06 -6.124210766255306108e-05 -6.014846345722740301e-05 -6.588519747920743551e-05 -6.268352956816259237e-05 4.131625915479668462e-06 8.874579428436370915e-05 -4.259179216072134823e-06 6.136264627712804259e-04 2.159800962658601619e-03 -2.786098778570949880e-04 3.614836758491180930e-05 9.470684496442274163e-05 -1.471125153662637133e-04 4.250539487840621913e-05 -8.369006558985115697e-05 -8.852413389000228353e-05 3.450116522361587178e-03 -8.425103737477191920e-03 3.928860648908259539e-04 -4.206880080206379813e-04 1.375039811138024931e-06 8.165644299943139156e-11 -2.284394048447458477e-05 -7.745318408822134469e-07 -3.129527616991510811e-09 -1.032546480351705125e-04 1.396022091622512608e-09 -5.174589500775573332e-08 -1.100963682822331186e-07 -2.932895724363362376e-06 -8.209678291818107168e-09 4.452499749880320683e-07 -1.192637730368378323e-07 5.137526550063018727e-07 1.883693265531098036e-10 -9.731332292615762439e-05 -1.177708439270687779e-06 1.988678945009692097e-07 -8.834440996834749826e-07 1.349287124802014659e-06 -8.328107753629342517e-07 -3.261725703583470389e-05 -1.432007846971596227e-06 1.572557045283601158e-06 3.602523971286571839e-07 1.429895036020479070e-05
9.765714491941657215e-05 9.765270779429097050e-05 2.498580505212433765e-03 9.867470158756856983e-05 2.517085725773507334e-03 2.550917170248095229e-04 -1.413339908645748055e-03 -1.358349993900239035e-03 -1.564609309152169801e-03 -1.489949231363944674e-03 9.742395334799115942e-05 1.810363424651647343e-03 -1.319059448172810037e-04 1.462935048962451558e-02 5.169501324594973080e-02 -6.828237307226501206e-03 2.397725746678747334e-03 3.117624263304661757e-03 -3.962409718600623521e-03 8.072098942087058094e-04 -2.684573556033760695e-03 -2.802217226483170402e-03 8.473990922124549630e-02 -2.026792590683485773e-01 9.997661319212928360e-03 -1.752496753669037510e-02 5.306501013730004446e-06 6.592742238331995438e-10 -4.163519520010020903e-04 -3.885970289317071207e-05 2.960336955345454939e-10 -5.793537903923981318e-03 3.046089872357830332e-08 -1.186271960264259361e-06 -2.274312471798116799e-06 1.327005527203802611e-04 -1.321464775811307836e-07 7.177070142150527677e-06 -2.819038628808191797e-06 1.206477437911131750e-05 4.630121498080967237e-09 -2.225287110054301014e-03 -3.112724984640388953e-05 -1.789003777707791512e-06 6.305815433655192920e-06 -8.293843703893841613e-05 6.759164970577259094e-06 -6.130581840797058894e-04 -2.600361756099486021e-06 3.727693167258483154e-05 9.625808879236051079e-06 3.395446963840511733e-04
4.061980396349880367e-06 4.063274851169626033e-06 9.867470158756856983e-05 6.561025956806469469e-06 8.896469498885931971e-05 -1.254676502812332595e-05 -6.032664726554010722e-05 -8.690416631835135063e-05 -6.217679678141918641e-05 -6.411439033345554296e-05 4.039368405894040182e-06 9.495002254151946341e-05 -9.486637827821490712e-06 6.009589625761418020e-04 2.132604803493394399e-03 -2.892262151814417961e-04 2.206051727459600259e-05 9.027782090717848635e-05 -1.459094253779781775e-04 4.417717687323524959e-05 -8.180936789895117394e-05 -7.874303829836506400e-05 3.457327231275023061e-03 -8.345306866550453173e-03 3.948635179426190954e-04 -3.581799359603376901e-04 5.665079144397517778e-07 7.244503721872869754e-12 -2.114853588353609126e-05 -1.945946229107203539e-05 3.492956448180521373e-08 -3.041684374584921252e-04 8.156487791269082525e-09 -2.094268335883394398e-07 1.726942212143685754e-06 1.372434589000634303e-04 -8.175684563077087978e-09 5.190131773478867781e-07 -2.295674804589911409e-07 9.926177506380502732e-07 4.484612877588071504e-10 -9.436689085788909617e-05 -3.656899405160040888e-07 3.411518513702655226e-08 -1.993632228298977829e-07 -8.596578788001740353e-06 -2.286608717249420091e-07 -6.041172604783166670e-05 -1.172727586647694250e-06 1.579821329488233891e-06 3.523888479654711231e-07 1.409037435029501579e-05
9.856576517102178816e-05 9.848848406890531738e-05 2.517085725773507334e-03 8.896469498885931971e-05 2.595267010400771884e-03 3.508895893973253328e-04 -1.398016082702972698e-03 -1.246430896269643332e-03 -1.597349732645161847e-03 -1.481098040946718375e-03 9.833411265972090507e-05 1.722885497488049625e-03 -1.184237313114972412e-04 1.476199608877266055e-02 5.205316983227055438e-02 -6.785246813395207945e-03 2.752551989133170118e-03 3.292006493258302791e-03 -4.050301017634786067e-03 7.636960258388004064e-04 -2.811285696286179060e-03 -2.993344060777990926e-03 8.523961474605520894e-02 -2.040235270125073941e-01 1.009940892959660524e-02 -1.921822283820454058e-02 1.122147669867468801e-05 1.962066784744232112e-09 -4.181563813950510519e-04 8.601021864949393502e-05 -1.206611373149634492e-07 -5.776404181395390636e-03 -4.148196225654466213e-08 8.102276817166982159e-07 -9.220203099009964239e-06 -3.845712307173075649e-04 -1.365293718865268249e-07 6.987985105929359804e-06 -2.344535680682986384e-06 9.963103768464191487e-06 3.586333635616627291e-09 -2.186233863345547930e-03 -3.435562852331091742e-05 -6.884707409674717227e-07 1.821563152956022171e-06 2.901307741425844300e-05 2.853521176844120453e-06 -5.060973408122923988e-04 -5.966180941414886847e-06 3.726267890862624703e-05 9.868689387983440610e-06 3.417253283308084220e-04
4.429107915830419766e-06 4.460745510107084065e-06 2.550917170248095229e-04 -1.254676502812332595e-05 3.508895893973253328e-04 4.679559120644905435e-04 1.207783356505620740e-04 3.812695765929078034e-04 -1.692224754131084713e-04 7.169374433596293478e-05 4.726471434973071355e-06 -8.836654379348126039e-04 7.691067052825179939e-05 1.027912887716963489e-03 2.854802580575104519e-03 2.607437568206416589e-04 3.362636181282672478e-03 1.693955809772860121e-03 -8.621539998614397883e-04 -4.195533758307257795e-04 -1.256454387824230577e-03 -1.757362381559759859e-03 4.854594629619063753e-03 -1.113164384530239762e-02 1.038711583295492957e-03 -1.611181044399385975e-02 3.181185382257597804e-06 5.012987702669211919e-09 5.352457890456772688e-04 -1.014231776683568073e-05 -4.150604922713702950e-07 -9.603730242440914125e-03 7.107038936133228638e-08 -2.724443261830544849e-06 -1.721113612425631515e-05 -8.728159437071871408e-04 3.287444753464131801e-07 -1.760751158214793035e-05 3.712251445721721158e-06 -1.576761482650379214e-05 -7.788309175827521936e-09 5.591005188401618978e-04 -2.141812629344930815e-05 -1.590233620790093720e-06 6.393068253473326849e-06 -1.487769607976030853e-04 4.494020530307575683e-06 6.204557646971733216e-04 1.703425308407812203e-05 -1.997041899939052013e-07 2.295194233908862332e-06 1.635057846868326762e-05
-6.123074256781953879e-05 -6.124210766255306108e-05 -1.413339908645748055e-03 -6.032664726554010722e-05 -1.398016082702972698e-03 1.207783356505620740e-04 1.178306848498134659e-03 1.000998284702312845e-03 8.623586934120425467e-04 1.018011120324611692e-03 -6.093198239507689805e-05 -1.875538349175737097e-03 1.288485939756946761e-04 -8.947491340950344471e-03 -3.199748691694331154e-02 4.542043574682243581e-03 1.196479185447298218e-03 -6.073002255228141444e-04 1.855841108784406397e-03 -8.801535972721807703e-04 6.700558149560114415e-04 4.401236556277141748e-04 -5.134536212716280662e-02 1.250157638857637143e-01 -5.616588123978142472e-03 -1.845121630492656262e-03 -4.557876756867709001e-06 1.012494876751078893e-08 6.388163423155957411e-04 -6.683441344714752112e-05 4.743451295658585289e-07 -5.985527003564689377e-03 5.200703426417576036e-08 -1.735288707438140436e-06 -1.049395037631721152e-06 8.025324011097722209e-05 3.526020724930393692e-07 -1.846964976296454526e-05 4.101103772365246669e-06 -1.745264711486109793e-05 -7.527742581756816453e-09 1.987953844199090610e-03 9.656849878776448321e-06 -7.348842976444038694e-07 3.639263988890126866e-06 -9.557103626576287769e-05 3.565243820453819403e-07 6.817016625242013506e-04 1.348071563075021168e-05 -2.461943160562784401e-05 -4.417585844382709562e-06 -2.128813561254068573e-04
-6.024764213816399995e-05 -6.014846345722740301e-05 -1.358349993900239035e-03 -8.690416631835135063e-05 -1.246430896269643332e-03 3.812695765929078034e-04 1.000998284702312845e-03 1.689029270228682624e-03 8.971681967724974387e-04 1.059120092274936373e-03 -5.970833068385369757e-05 -2.125176063150723254e-03 1.883197691997994200e-04 -8.552012736682757660e-03 -3.103653773246004000e-02 4.769732182587055336e-03 2.013333130646910787e-03 -2.418447111279589928e-04 1.687857929287979106e-03 -9.805013820285827554e-04 4.232720457957150212e-04 -2.876030539984697487e-05 -5.063692809184495991e-02 1.217230737757392378e-01 -5.473139022154568240e-03 -5.673032926097082429e-03 -1.077265813333171828e-05 8.595270374369642000e-10 9.681072933599147627e-04 8.030471122972028248e-05 -6.934869202921605056e-07 1.325610408972503285e-03 1.722841749725031224e-08 -9.245715877961183920e-07 -2.253374493813932770e-05 -1.467058959902434265e-03 3.924100628565469449e-07 -2.166276688265639746e-05 5.736012326974179200e-06 -2.449487071348400633e-05 -1.125400562540351519e-08 1.989996839699355140e-03 -3.869422138068200772e-06 -3.000039797124659871e-06 1.285609438355849127e-05 -1.846231783040299786e-05 1.305384002970311411e-05 1.241188146363716559e-03 3.466867619054320225e-05 -2.477642229658547177e-05 -3.889772898649651566e-06 -2.064601176071040128e-04
-6.600009249117477187e-05 -6.588519747920743551e-05 -1.564609309152169801e-03 -6.217679678141918641e-05 -1.597349732645161847e-03 -1.692224754131084713e-04 8.623586934120425467e-04 8.971681967724974387e-04 1.188486540157859730e-03 9.573722954686620778e-04 -6.579812925250505702e-05 -1.160073466307002957e-03 5.294974144736166175e-05 -9.798556671671013879e-03 -3.428172129470413720e-02 4.252454663938680206e-03 -1.339376879402675007e-03 -1.858735875283620571e-03 2.482055071944253878e-03 -5.642623307327724940e-04 1.584761951147391820e-03 1.788054788518201547e-03 -5.472007543226835302e-02 1.336716171554594990e-01 -6.336825300718582771e-03 1.025583325402199680e-02 -2.755738733139429436e-05 -8.478664356070325208e-09 5.218227734862831806e-04 4.831858739934995239e-05 9.248544574970798502e-08 6.135655196964467581e-03 -6.930150189328639617e-08 2.453815770041131014e-06 4.895410274597756618e-06 1.708809620192513329e-04 1.491652339415086439e-08 -1.186590024864330228e-06 7.026069050467746539e-07 -3.142435197696876308e-06 -5.289384740627191305e-10 1.337686626683936121e-03 2.362681337673577000e-05 -4.423810966391899350e-06 1.970588221046557772e-05 2.023293837544089743e-05 2.044072299751317079e-05 4.365771884925029149e-04 2.808025346803439852e-05 -2.439677743930001477e-05 -6.129443032235969357e-06 -2.264560488095397313e-04
-6.274698713188010108e-05 -6.268352956816259237e-05 -1.489949231363944674e-03 -6.411439033345554296e-05 -1.481098040946718375e-03 7.169374433596293478e-05 1.018011120324611692e-03 1.059120092274936373e-03 9.573722954686620778e-04 1.037655558909140715e-03 -6.242031386503230073e-05 -1.770597794875035207e-03 1.132474439189359074e-04 -9.135583906038632213e-03 -3.272744868883277480e-02 4.689207452924224091e-03 5.922140083915505620e-04 -9.655756566043076925e-04 2.073473833744997243e-03 -8.131405388994269925e-04 9.586737181614167838e-04 7.354979359379871552e-04 -5.330723536812091712e-02 1.282389448923709485e-01 -5.971988286105471902e-03 1.172316419613312483e-03 -7.098541337847419420e-06 1.807708363596924470e-09 6.697084083081131017e-04 -3.989021122596112580e-05 -1.550139228734204812e-07 -3.011875082560319487e-03 3.306913631305177712e-08 -1.085450323504921345e-06 -2.187846912692925429e-06 -8.607830844160554735e-05 2.921336513134312197e-07 -1.549350636515717383e-05 3.736849044282845457e-06 -1.590758455618512948e-05 -6.861497176549221878e-09 1.862173429060796177e-03 1.044609885431806691e-05 -1.128709745827108378e-06 5.285932620284017592e-06 -7.106968920609142866e-05 3.911447340913847470e-06 7.190259193199258301e-04 1.713642131906633866e-05 -2.499760409761100986e-05 -4.923751488059101273e-06 -2.166996538638649281e-04
4.135914908118176288e-06 4.131625915479668462e-06 9.742395334799115942e-05 4.039368405894040182e-06 9.833411265972090507e-05 4.726471434973071355e-06 -6.093198239507689805e-05 -5.970833068385369757e-05 -6.579812925250505702e-05 -6.242031386503230073e-05 4.276330878260056505e-06 8.733183061420691227e-05 -1.229040432345042396e-06 6.121945524539801732e-04 2.154192424893895761e-03 -2.774200163455907441e-04 3.785120270271374562e-05 9.527625516385460503e-05 -1.470554865601931714e-04 4.213443729963679601e-05 -8.405155726523018921e-05 -8.920423024654080884e-05 3.440752930408512433e-03 -8.402937436909466151e-03 3.920488372257879221e-04 -4.279534995424591698e-04 1.391152557478093848e-06 8.752150079687184756e-11 -2.257392939975773154e-05 -7.901035979888982466e-07 -3.349487765995499099e-09 -1.089962758447841191e-04 1.504953475972653072e-09 -5.429515248026701235e-08 -1.225448184998606828e-07 -3.640554578273600650e-06 8.938052548375601778e-06 7.059732020842630324e-07 -4.385176074292262990e-06 2.774146142017197869e-08 1.537671909748319705e-09 -9.999407036553802715e-05 -1.392533894431993507e-06 2.014540185557516419e-07 -8.938884631848452495e-07 1.305512537566973454e-06 -8.458111213023868626e-07 3.431262877423911875e-04 4.962930354079031720e-06 1.567046186862133243e-06 3.602576763205049968e-07 1.426086124632330775e-05
8.895006495877020875e-05 8.874579428436370915e-05 1.810363424651647343e-03 9.495002254151946341e-05 1.722885497488049625e-03 -8.836654379348126039e-04 -1.875538349175737097e-03 -2.125176063150723254e-03 -1.160073466307002957e-03 -1.770597794875035207e-03 8.733183061420691227e-05 5.197122341566075103e-03 -2.759016387725158389e-04 1.214655436814162867e-02 4.525516981368009339e-02 -7.892654422022776783e-03 -7.804839052126026633e-03 -1.947851481777591789e-03 -1.484404593837714394e-03 2.128797747453888695e-03 1.061253197538409958e-03 2.453731013660349555e-03 7.346499597696883044e-02 -1.775257713382384361e-01 7.228459468114621297e-03 3.111350695586712414e-02 3.485225148610654278e-06 -1.418235590929765583e-08 -2.277625523429948826e-03 3.332621550663774582e-04 6.456196236362926744e-07 2.820733826290457158e-02 -2.869697325214025280e-07 9.878854330859763546e-06 1.704257535207876522e-05 2.413893808061449205e-04 -3.336815136216543282e-05 6.295783445256219752e-05 2.584813343060019086e-06 5.759025884862733596e-05 -2.705121399178205357e-05 -4.323529307545067105e-03 2.153063690784039083e-05 4.982447140446467935e-06 -2.110067649765505211e-05 5.168917173167347735e-04 -1.415423485544408652e-05 -3.524080269111553535e-03 -8.086017452921522583e-05 3.949492585012343368e-05 3.004833603840754356e-06 3.047430781993790529e-04
-4.247982004677481696e-06 -4.259179216072134823e-06 -1.319059448172810037e-04 -9.486637827821490712e-06 -1.184237313114972412e-04 7.691067052825179939e-05 1.288485939756946761e-04 1.883197691997994200e-04 5.294974144736166175e-05 1.132474439189359074e-04 -1.229040432345042396e-06 -2.759016387725158389e-04 2.314466676591264509e-04 -5.668468026166889042e-04 -2.332028972035844489e-03 5.749314300344434813e-04 3.686775548865911913e-04 3.586500593823937133e-05 1.346170011982563536e-04 -1.086792101777684803e-04 1.568743908165266994e-05 -1.389150436863445070e-04 -4.573436215114157558e-03 9.545510162232269391e-03 -5.148357417658417290e-04 -1.343699087175769490e-03 1.023411505232323619e-05 2.342189011339852773e-09 2.363308614784096948e-04 -7.904920270854628669e-05 -4.812182595139837760e-08 -1.363159061067458020e-03 1.465420039600721416e-07 -2.372974313040599005e-06 -5.423728286077172071e-06 -3.311143204956108190e-04 -1.190456831526589451e-06 -1.497204281008354714e-05 -2.409002404294183458e-04 -3.319578154986175752e-05 -1.259028721137859097e-06 -5.091185494422358765e-04 -2.389064705811367673e-05 1.609377747951456078e-06 -6.496319364991505748e-06 1.603129756831063896e-05 -6.351738898624126027e-06 7.328425557159849030e-03 1.182161553052214905e-04 -2.279927239206845232e-06 -2.360784418077657601e-07 -1.508758627480362182e-05
6.139723211644465550e-04 6.136264627712804259e-04 1.462935048962451558e-02 6.009589625761418020e-04 1.476199608877266055e-02 1.027912887716963489e-03 -8.947491340950344471e-03 -8.552012736682757660e-03 -9.798556671671013879e-03 -9.135583906038632213e-03 6.121945524539801732e-04 1.214655436814162867e-02 -5.668468026166889042e-04 9.146780587247232974e-02 3.209534362885484993e-01 -4.059085144908633480e-02 8.638682274718078105e-03 1.556644549254736741e-02 -2.246306810533008763e-02 5.843423876277091186e-03 -1.350136490299337633e-02 -1.480348746308583416e-02 5.121273774882109109e-01 -1.251557035774826021e+00 5.874558945570262924e-02 -7.773408759292062264e-02 1.873469952778929160e-04 1.210056394257430809e-08 -2.352773213368561378e-03 -2.523815945192916881e-04 -9.167690768797857058e-07 -2.498312031788800167e-02 3.058370923208840098e-07 -1.114186254885145116e-05 -2.270686228344582721e-05 -4.842646051717032062e-04 -8.794856285306933179e-07 4.820164400489848958e-05 -1.461652336119819394e-05 6.324078892385579290e-05 2.162210999720022058e-08 -1.368432633939531060e-02 -1.896867543880764479e-04 2.348499991904340266e-05 -1.083192982874381025e-04 -7.938333745338627459e-05 -1.003165128072980967e-04 -4.180723595672026366e-03 -1.747289119657610169e-04 2.311479135535311779e-04 5.525842031725927434e-05 2.123005408789828234e-03
2.161141869369412934e-03 2.159800962658601619e-03 5.169501324594973080e-02 2.132604803493394399e-03 5.205316983227055438e-02 2.854802580575104519e-03 -3.199748691694331154e-02 -3.103653773246004000e-02 -3.428172129470413720e-02 -3.272744868883277480e-02 2.154192424893895761e-03 4.525516981368009339e-02 -2.332028972035844489e-03 3.209534362885484993e-01 1.145930786959238334e+00 -1.461166546596897597e-01 2.437784716193597961e-02 4.972049808003149024e-02 -7.155153860451220205e-02 1.868939203267174984e-02 -4.785745263484728063e-02 1.461868821890505155e-02 1.693985216375533120e+00 -4.437597798732823229e+00 1.316182253348036624e-01 -1.989142749988781489e-01 5.696864226319831416e-04 2.615204219963498346e-08 -1.063488566899728829e-02 -5.494241118644339113e-04 -1.830703554319245530e-06 -6.260817981572895652e-02 7.271343602756453928e-07 -2.718451708780580381e-05 -5.555861297353325873e-05 -7.483164253496822974e-04 -4.100413637128006133e-06 2.220605220466689129e-04 -6.329906294180413101e-05 2.723837240138038364e-04 1.009334184263627712e-07 -5.056786256263755275e-02 -6.243436056053917578e-04 6.968650016014570482e-05 -3.238307519802604444e-04 4.916935648336881459e-05 -2.945013437603850848e-04 -1.614144568323817863e-02 -5.820800629029180195e-04 7.450453492453466787e-04 2.059755187496737023e-04 8.840080577049224536e-03
-2.788844103944425183e-04 -2.786098778570949880e-04 -6.828237307226501206e-03 -2.892262151814417961e-04 -6.785246813395207945e-03 2.607437568206416589e-04 4.542043574682243581e-03 4.769732182587055336e-03 4.252454663938680206e-03 4.689207452924224091e-03 -2.774200163455907441e-04 -7.892654422022776783e-03 5.749314300344434813e-04 -4.059085144908633480e-02 -1.461166546596897597e-01 2.149245630042175351e-02 1.836279992958553611e-03 -4.891103220992213188e-03 9.628996109271913476e-03 -3.529879751678410144e-03 4.798475135957683442e-03 3.565278513623749285e-03 -2.412617849835630712e-01 5.741579807448770056e-01 -2.734702680534996377e-02 9.440795157303706608e-03 -9.121588312484743403e-07 1.007786968491899772e-08 3.294802439028473619e-03 -2.063654003646640226e-04 -8.992823466149304910e-07 -1.275531504112068122e-02 1.914909562035896130e-07 -6.320948938434440000e-06 -1.273160941519326174e-05 -6.777503766133978784e-04 1.352402523989499978e-06 -7.159154964043243764e-05 1.785557058597969705e-05 -7.584806799126067546e-05 -3.331156941778724769e-08 8.489175327183245620e-03 4.502706769489417914e-05 1.434486441045297452e-06 -4.385889999027620524e-06 -2.776036001563490611e-04 -9.175658214507600080e-06 3.251577391119796559e-03 4.902130477356800639e-05 -1.121394818889133265e-04 -2.268170654840140517e-05 -9.644664415199292106e-04
3.572146782876665786e-05 3.614836758491180930e-05 2.397725746678747334e-03 2.206051727459600259e-05 2.752551989133170118e-03 3.362636181282672478e-03 1.196479185447298218e-03 2.013333130646910787e-03 -1.339376879402675007e-03 5.922140083915505620e-04 3.785120270271374562e-05 -7.804839052126026633e-03 3.686775548865911913e-04 8.638682274718078105e-03 2.437784716193597961e-02 1.836279992958553611e-03 3.036809291254669377e-02 1.544394177628342912e-02 -7.902443941022456453e-03 -3.804719109213690852e-03 -1.153791297811251546e-02 -1.570770486586735293e-02 4.476633956009207216e-02 -9.665678878269320928e-02 9.681850111631116335e-03 -1.457559156868393768e-01 -9.395542758947980185e-06 4.291483322988627764e-08 4.982449242522966892e-03 -8.648107169976130106e-04 -1.574966302647789099e-06 -9.864044177027751770e-02 7.485059377455372795e-07 -2.628125735039037200e-05 -5.272869145816896171e-05 -6.740063716001584108e-05 2.885557394941702625e-06 -1.511519620841262907e-04 2.696039324062844792e-05 -1.141651901412463508e-04 -5.475129644353464160e-08 5.348069690198211518e-03 -1.455496129780879915e-04 -2.261033283326021546e-05 9.278193380640206809e-05 -1.559571285511454587e-03 7.371279687640817772e-05 4.057242582624667228e-03 1.641069874987166317e-04 -1.762041260014032357e-06 2.076016695760956660e-05 1.359690451538871927e-04
9.455753040257023582e-05 9.470684496442274163e-05 3.117624263304661757e-03 9.027782090717848635e-05 3.292006493258302791e-03 1.693955809772860121e-03 -6.073002255228141444e-04 -2.418447111279589928e-04 -1.858735875283620571e-03 -9.655756566043076925e-04 9.527625516385460503e-05 -1.947851481777591789e-03 3.586500593823937133e-05 1.556644549254736741e-02 4.972049808003149024e-02 -4.891103220992213188e-03 1.544394177628342912e-02 1.460862340875946491e-02 -1.340646824192019346e-02 7.910323724408989746e-05 -6.467362818040152915e-03 -2.407248099360089280e-02 1.138650212467130773e-01 -2.027676653576678534e-01 3.294366370233232921e-03 -6.182905638850100249e-02 -5.204318388916654483e-06 1.974690289584781328e-08 1.712883989441370313e-03 -3.970016015678668256e-04 -5.763830067149443818e-07 -4.828698230125955115e-02 3.397940128177805013e-07 -1.204141978846005813e-05 -2.414419521409823783e-05 1.540858247582758207e-04 1.145021825557969740e-06 -5.977647051895829345e-05 9.266174045370054380e-06 -3.917577491934876537e-05 -1.961479514959594940e-08 4.938297266738997555e-04 -8.856193439300228407e-05 -1.235885586520983022e-05 5.033088601113873184e-05 -7.432284494944853270e-04 4.160620653770453592e-05 1.243126065262379915e-03 7.320786468396621211e-05 8.389710180936330790e-05 -1.215644180161912317e-05 5.924956745384898004e-05
-1.471181349504439232e-04 -1.471125153662637133e-04 -3.962409718600623521e-03 -1.459094253779781775e-04 -4.050301017634786067e-03 -8.621539998614397883e-04 1.855841108784406397e-03 1.687857929287979106e-03 2.482055071944253878e-03 2.073473833744997243e-03 -1.470554865601931714e-04 -1.484404593837714394e-03 1.346170011982563536e-04 -2.246306810533008763e-02 -7.155153860451220205e-02 9.628996109271913476e-03 -7.902443941022456453e-03 -1.340646824192019346e-02 5.169148070628373781e-02 -2.756962519568760192e-02 1.109601433161765821e-02 4.433030993425940425e-02 -1.943562940892334390e-01 2.992848437956013297e-01 -5.946271509328806409e-02 6.386501288250739927e-02 -1.257557764090956232e-05 -8.750833172685299915e-09 -3.735436162493038087e-05 1.759595178540361289e-04 1.878639541866034883e-07 2.324160303224796081e-02 -1.550084206379507214e-07 5.603818260471852610e-06 1.125473511639085648e-05 -1.627679531718042845e-04 -2.383948974231261322e-07 1.207909729044044465e-05 -4.544332680807478854e-08 1.028718136744004655e-08 1.674039076918295798e-09 2.429312269629332628e-03 6.683294093809413684e-05 4.437922338669424361e-06 -1.679069062391055830e-05 3.182638651416369309e-04 -1.405240382580603330e-05 3.302762153094290385e-04 -1.274882134961286229e-05 -7.749325824590543900e-04 2.146878033420899796e-05 1.112506691273361988e-03
4.259662605261765536e-05 4.250539487840621913e-05 8.072098942087058094e-04 4.417717687323524959e-05 7.636960258388004064e-04 -4.195533758307257795e-04 -8.801535972721807703e-04 -9.805013820285827554e-04 -5.642623307327724940e-04 -8.131405388994269925e-04 4.213443729963679601e-05 2.128797747453888695e-03 -1.086792101777684803e-04 5.843423876277091186e-03 1.868939203267174984e-02 -3.529879751678410144e-03 -3.804719109213690852e-03 7.910323724408989746e-05 -2.756962519568760192e-02 1.941340255971344547e-02 -2.837797124259097345e-03 -1.243282848889542061e-02 5.635694800444472630e-02 -7.831244743956300436e-02 3.438042393713997696e-02 -4.666024412403923030e-03 1.227468947755665505e-05 -5.698540333992572176e-09 -9.703949462775137780e-04 1.144763424038143876e-04 2.038968918706920773e-07 1.282422222764236300e-02 -9.452660894653420282e-08 3.278470500318642957e-06 6.559198049854225780e-06 9.732918249137718285e-06 -5.103791435039329971e-07 2.689078724297728733e-05 -5.361995722097603624e-06 2.279420480355525802e-05 1.029457814735912091e-08 -1.901353891276783654e-03 7.316279778671580091e-06 4.459524752851231092e-06 -1.905992277409816610e-05 2.243709368185034362e-04 -1.573426070187453941e-05 -9.462811838655148158e-04 -3.512357782406979668e-05 5.125494116989193693e-04 -1.370556257327627863e-05 -7.621690853568575822e-04
-8.359218899149081436e-05 -8.369006558985115697e-05 -2.684573556033760695e-03 -8.180936789895117394e-05 -2.811285696286179060e-03 -1.256454387824230577e-03 6.700558149560114415e-04 4.232720457957150212e-04 1.584761951147391820e-03 9.586737181614167838e-04 -8.405155726523018921e-05 1.061253197538409958e-03 1.568743908165266994e-05 -1.350136490299337633e-02 -4.785745263484728063e-02 4.798475135957683442e-03 -1.153791297811251546e-02 -6.467362818040152915e-03 1.109601433161765821e-02 -2.837797124259097345e-03 7.625172018453561795e-02 1.404782928948120069e-04 -6.291977519190634915e-02 1.814661939106152755e-01 -1.665128290169244907e-01 2.206333004572865186e-01 1.011947700555469707e-05 -1.388071183697111157e-08 -1.053894467903965671e-03 2.783583658306486861e-04 3.210711529841104587e-07 3.538151243245303557e-02 -2.336806284629788258e-07 8.321393846412352134e-06 1.666689985949436576e-05 -2.092773142023957728e-04 -7.737442573874785328e-07 4.036196590924269429e-05 -5.759986789468341618e-06 2.436103074657587115e-05 1.237184379150179756e-08 8.449884316418833363e-05 6.756626275717686643e-05 1.054827486164760036e-05 -4.321703705470784310e-05 5.458322984403219356e-04 -3.668125172700266955e-05 -7.531035023051318176e-04 -5.742613620918861068e-05 -8.459701016801405779e-06 -1.994033113456297941e-04 -1.646013283839369641e-04
-8.835402561115494901e-05 -8.852413389000228353e-05 -2.802217226483170402e-03 -7.874303829836506400e-05 -2.993344060777990926e-03 -1.757362381559759859e-03 4.401236556277141748e-04 -2.876030539984697487e-05 1.788054788518201547e-03 7.354979359379871552e-04 -8.920423024654080884e-05 2.453731013660349555e-03 -1.389150436863445070e-04 -1.480348746308583416e-02 1.461868821890505155e-02 3.565278513623749285e-03 -1.570770486586735293e-02 -2.407248099360089280e-02 4.433030993425940425e-02 -1.243282848889542061e-02 1.404782928948120069e-04 8.117640045018308381e-01 -1.674341224104269443e+00 6.290359574565833611e-01 -6.205937721787326833e-01 4.452481529088683221e-01 -2.665920997810180409e-05 -2.298893308619454262e-08 -2.274810742945615125e-03 4.650395800014122316e-04 9.794470803929936360e-07 5.124465856263229341e-02 -4.184052057739282030e-07 1.471433824268629776e-05 2.958568900436492027e-05 1.849615810085684117e-04 -1.337564201603254072e-06 6.979159477035960075e-05 -1.199898116642305430e-05 5.061243465521723700e-05 2.538728112128593422e-08 -1.124250761503997262e-03 9.408789289687748429e-05 6.423801203139453426e-06 -2.453827712896983855e-05 7.660108247854284513e-04 -1.651140746798835117e-05 -1.537772451145860003e-03 -5.234255633879139548e-05 -2.106154890770835892e-04 -3.227987403215783549e-04 5.003823648023193391e-03
3.452291873499784350e-03 3.450116522361587178e-03 8.473990922124549630e-02 3.457327231275023061e-03 8.523961474605520894e-02 4.854594629619063753e-03 -5.134536212716280662e-02 -5.063692809184495991e-02 -5.472007543226835302e-02 -5.330723536812091712e-02 3.440752930408512433e-03 7.346499597696883044e-02 -4.573436215114157558e-03 5.121273774882109109e-01 1.693985216375533120e+00 -2.412617849835630712e-01 4.476633956009207216e-02 1.138650212467130773e-01 -1.943562940892334390e-01 5.635694800444472630e-02 -6.291977519190634915e-02 -1.674341224104269443e+00 6.136499852676775113e+00 -8.027641390029307544e+00 1.617914124749942228e+00 -1.222295071929439869e+00 5.659559755142232586e-04 2.131189469254286789e-08 -2.077249756024957331e-02 -4.371892640432977969e-04 7.252650464937531978e-07 -9.827755056595935401e-02 5.725499943361579487e-07 -2.356958426538270857e-05 -4.808414543931627310e-05 2.233512130833219689e-03 -7.469592960229502204e-06 4.019286395372636601e-04 -1.182867642955547815e-04 5.063083868823032305e-04 1.992942182068918020e-07 -8.378236163728401686e-02 -9.649384423235223560e-04 4.206912579445814941e-05 -2.173152952225752973e-04 -1.715922778406156739e-04 -1.843609406363803406e-04 -2.696590873230497731e-02 -6.489322982854802595e-04 1.513218846499327650e-03 1.002850584839873804e-03 2.351710270321753608e-03
-8.430372163781762671e-03 -8.425103737477191920e-03 -2.026792590683485773e-01 -8.345306866550453173e-03 -2.040235270125073941e-01 -1.113164384530239762e-02 1.250157638857637143e-01 1.217230737757392378e-01 1.336716171554594990e-01 1.282389448923709485e-01 -8.402937436909466151e-03 -1.775257713382384361e-01 9.545510162232269391e-03 -1.251557035774826021e+00 -4.437597798732823229e+00 5.741579807448770056e-01 -9.665678878269320928e-02 -2.027676653576678534e-01 2.992848437956013297e-01 -7.831244743956300436e-02 1.814661939106152755e-01 6.290359574565833611e-01 -8.027641390029307544e+00 1.783181466155397388e+01 -1.062422390504582648e+00 1.139745244065433205e+00 -2.048853023810306810e-03 -8.968058181954525533e-08 4.364138517596614919e-02 1.880446105770529732e-03 5.220950865403006871e-06 2.388246694017586436e-01 -2.503964670079382270e-06 9.478805999379731183e-05 1.937258133099255437e-04 1.179573876781225047e-03 1.659789115708273219e-05 -8.973192356066848159e-04 2.569185808840524160e-04 -1.104102037583001416e-03 -4.156245159277923295e-07 1.990675505155423963e-01 2.412807740537294132e-03 -2.378602815944880731e-04 1.115813084667225926e-03 -1.374132062223162084e-04 1.007536141909004361e-03 6.376460689950538829e-02 2.136383409078634193e-03 -2.851037415053098503e-03 -1.179548203340419904e-03 -3.199448412418383347e-02
3.930723763517084308e-04 3.928860648908259539e-04 9.997661319212928360e-03 3.948635179426190954e-04 1.009940892959660524e-02 1.038711583295492957e-03 -5.616588123978142472e-03 -5.473139022154568240e-03 -6.336825300718582771e-03 -5.971988286105471902e-03 3.920488372257879221e-04 7.228459468114621297e-03 -5.148357417658417290e-04 5.874558945570262924e-02 1.316182253348036624e-01 -2.734702680534996377e-02 9.681850111631116335e-03 3.294366370233232921e-03 -5.946271509328806409e-02 3.438042393713997696e-02 -1.665128290169244907e-01 -6.205937721787326833e-01 1.617914124749942228e+00 -1.062422390504582648e+00 3.218095641540304808e+00 -2.800573273745264213e+00 4.084846865886422509e-05 7.179134239745096094e-09 -1.867103856041805749e-03 -1.437896429831825545e-04 8.654913882798348128e-08 -2.486408563580734879e-02 1.333308576742383603e-07 -5.122469110128774893e-06 -1.031510385693553872e-05 4.551536114278775368e-04 -4.894645479997373907e-07 2.677690614712579517e-05 -1.055863650642015469e-05 4.522544302118730266e-05 1.704158792556154256e-08 -8.849006920389800371e-03 -1.269860436088120572e-04 -2.778132002342897114e-06 7.362920840898285694e-06 -2.550504505138608555e-04 7.508885018875360992e-06 -2.531677103805089930e-03 -3.226882532740007418e-05 4.455026022864318463e-04 -7.111981692602421237e-04 -3.744737982728149443e-03
-4.188500969658626562e-04 -4.206880080206379813e-04 -1.752496753669037510e-02 -3.581799359603376901e-04 -1.921822283820454058e-02 -1.611181044399385975e-02 -1.845121630492656262e-03 -5.673032926097082429e-03 1.025583325402199680e-02 1.172316419613312483e-03 -4.279534995424591698e-04 3.111350695586712414e-02 -1.343699087175769490e-03 -7.773408759292062264e-02 -1.989142749988781489e-01 9.440795157303706608e-03 -1.457559156868393768e-01 -6.182905638850100249e-02 6.386501288250739927e-02 -4.666024412403923030e-03 2.206333004572865186e-01 4.452481529088683221e-01 -1.222295071929439869e+00 1.139745244065433205e+00 -2.800573273745264213e+00 3.191868566142860519e+00 2.252330571807584225e-05 -2.012674562457662768e-07 -2.159190848588216777e-02 4.054846204871499077e-03 7.109863734475584700e-06 4.688152874876988507e-01 -3.511727605723303305e-06 1.236025605809124733e-04 2.479969515428420267e-04 -4.452652440534588928e-05 -1.291042318042383231e-05 6.755555998495538098e-04 -1.165965065779046579e-04 4.934264061472362194e-04 2.395840938293973008e-07 -1.875565061977849113e-02 7.498095786447181227e-04 1.067598131512067545e-04 -4.357435981331795336e-04 7.327500355940493038e-03 -3.480804480499504003e-04 -1.695917182775889473e-02 -7.370702588617408964e-04 -2.095908843178408284e-04 8.026586854122808989e-04 4.240605385829911145e-04
1.384795926368720540e-06 1.375039811138024931e-06 5.306501013730004446e-06 5.665079144397517778e-07 1.122147669867468801e-05 3.181185382257597804e-06 -4.557876756867709001e-06 -1.077265813333171828e-05 -2.755738733139429436e-05 -7.098541337847419420e-06 1.391152557478093848e-06 3.485225148610654278e-06 1.023411505232323619e-05 1.873469952778929160e-04 5.696864226319831416e-04 -9.121588312484743403e-07 -9.395542758947980185e-06 -5.204318388916654483e-06 -1.257557764090956232e-05 1.227468947755665505e-05 1.011947700555469707e-05 -2.665920997810180409e-05 5.659559755142232586e-04 -2.048853023810306810e-03 4.084846865886422509e-05 2.252330571807584225e-05 1.061360191326215548e-04 6.527795980252391230e-10 -2.145965525317924987e-06 -4.984472408645593429e-06 -1.330967170884883505e-08 -3.656619251242104003e-04 1.513616527563776420e-07 -1.943578893305683389e-07 -5.663663541795128748e-07 -4.048173655542077506e-05 9.948346162497446842e-07 -7.225821374284073200e-07 1.205897510337710592e-06 -1.041900686599124700e-06 7.005648864525974542e-10 1.526922184390184614e-05 -1.110939467256957972e-06 1.028901665340090179e-05 -4.801918567195483178e-06 3.550629369220167729e-05 -5.809416161704957875e-06 5.661968320802804214e-05 -5.373101181083965748e-06 3.109182587108026413e-07 5.719968043396151474e-08 4.050200246332547712e-06
8.797147995501093480e-11 8.165644299943139156e-11 6.592742238331995438e-10 7.244503721872869754e-12 1.962066784744232112e-09 5.012987702669211919e-09 1.012494876751078893e-08 8.595270374369642000e-10 -8.478664356070325208e-09 1.807708363596924470e-09 8.752150079687184756e-11 -1.418235590929765583e-08 2.342189011339852773e-09 1.210056394257430809e-08 2.615204219963498346e-08 1.007786968491899772e-08 4.291483322988627764e-08 1.974690289584781328e-08 -8.750833172685299915e-09 -5.698540333992572176e-09 -1.388071183697111157e-08 -2.298893308619454262e-08 2.131189469254286789e-08 -8.968058181954525533e-08 7.179134239745096094e-09 -2.012674562457662768e-07 6.527795980252391230e-10 5.978751630529337953e-13 -2.648285204642497300e-09 -2.577066032067947778e-09 1.769489537517466619e-11 -2.756266223074797517e-07 2.475510996703371827e-12 -1.044898085718311836e-10 -1.211323565672140981e-10 -2.555382849269392722e-09 1.287334109615414934e-11 -3.882960098319170061e-10 8.839749820213105949e-11 -3.506943414099029399e-10 -1.291783000504429611e-13 1.631756606699379611e-08 -2.630792347074238284e-10 1.651941688971552868e-10 -8.270901443251351944e-10 -1.042395054579826819e-09 -9.459457572103395452e-10 1.987476993896875864e-09 -9.066172000253425960e-10 -1.842421162297150438e-11 2.572831581347741687e-11 1.586694154178999284e-10
-2.336305775769017087e-05 -2.284394048447458477e-05 -4.163519520010020903e-04 -2.114853588353609126e-05 -4.181563813950510519e-04 5.352457890456772688e-04 6.388163423155957411e-04 9.681072933599147627e-04 5.218227734862831806e-04 6.697084083081131017e-04 -2.257392939975773154e-05 -2.277625523429948826e-03 2.363308614784096948e-04 -2.352773213368561378e-03 -1.063488566899728829e-02 3.294802439028473619e-03 4.982449242522966892e-03 1.712883989441370313e-03 -3.735436162493038087e-05 -9.703949462775137780e-04 -1.053894467903965671e-03 -2.274810742945615125e-03 -2.077249756024957331e-02 4.364138517596614919e-02 -1.867103856041805749e-03 -2.159190848588216777e-02 -2.145965525317924987e-06 -2.648285204642497300e-09 3.088970217247698907e-03 -2.512155439822445031e-04 -3.684396612460740530e-08 -1.337356006480649312e-02 2.397429796660114265e-07 -5.590911866218504609e-06 -7.632464816579690332e-06 8.588521636972406680e-05 1.178638268786821546e-06 -3.452813029411512936e-05 7.176799542716309375e-06 -2.808200216899996141e-05 -1.109898164450651878e-08 2.118284696300560405e-03 -1.717372831230126230e-05 -6.191670071470983255e-06 2.371993953951038824e-05 -4.380731163853326103e-04 2.610122605414769029e-05 1.370610066590273630e-03 5.381899633663880800e-05 -1.273760291916880596e-05 7.180446422659324460e-07 -7.118758460942753951e-05
-1.384417550217636180e-06 -7.745318408822134469e-07 -3.885970289317071207e-05 -1.945946229107203539e-05 8.601021864949393502e-05 -1.014231776683568073e-05 -6.683441344714752112e-05 8.030471122972028248e-05 4.831858739934995239e-05 -3.989021122596112580e-05 -7.901035979888982466e-07 3.332621550663774582e-04 -7.904920270854628669e-05 -2.523815945192916881e-04 -5.494241118644339113e-04 -2.063654003646640226e-04 -8.648107169976130106e-04 -3.970016015678668256e-04 1.759595178540361289e-04 1.144763424038143876e-04 2.783583658306486861e-04 4.650395800014122316e-04 -4.371892640432977969e-04 1.880446105770529732e-03 -1.437896429831825545e-04 4.054846204871499077e-03 -4.984472408645593429e-06 -2.577066032067947778e-09 -2.512155439822445031e-04 1.760659582441290866e-03 -4.869081485839949676e-08 7.534732814716662772e-03 4.681448188707739051e-05 2.883949706927367384e-05 -4.430572794995227898e-06 -8.362270564890025371e-04 8.323229372707727984e-05 2.144314833615526680e-05 8.031979602653803560e-05 1.352577041053918833e-05 3.848465423713832480e-07 -9.008370811942022216e-05 1.247103485493855922e-05 8.200664814575001275e-08 -9.800041085287010382e-07 -2.169088778623656007e-03 -2.611324151147832590e-05 -9.101566277367227013e-05 -3.060286588955621936e-06 3.637127979252167888e-07 -5.200468204946696832e-07 -3.366497351089703438e-06
