par.Ct_1S0np = -0.146403812445193
par.Ct_1S0pp = -0.145493108976929
par.C_1S0 = 2.53254861635218
par.Ct_3S1 = -0.160001764485953
par.C_3S1 = 0.651345734996027
par.C_3S1-3D1 = 0.547929278904985
par.C_3P0 = 1.20180981250634
par.C_1P1 = 0.443964256395791
par.C_3P1 = -0.890428572888650
par.C_3P2 = -0.658720451983565
par.Ct_1S0nn = -0.146318072677001
par.c_D = -0.118615177775946
par.c_E = -0.682817261662055
par.c1 = 0.273891229434275
par.c2 = 5.30383604761953
par.c3 = -3.56815018468646
par.c4 = 3.62819188011545
par.d1+d2 = 5.16221127659909
par.d3 = -4.75950078089071
par.d5 = -0.191733481500404
par.d14-d15 = -10.1148974538568
par.e14 = -0.132717139059953
par.e15 = -9.32436512137629
par.e16 = -0.525309173566902
par.e17 = 1.41566831497309
par.e18 = 0.306264858527626
par.Ct_1S0np = -0.148266637924773
par.Ct_1S0pp = -0.147405246402138
par.C_1S0 = 2.47607264378218
par.Ct_3S1 = -0.160744488697360
par.C_3S1 = 0.596095295131844
par.C_3S1-3D1 = 0.496856251697327
par.C_3P0 = 1.23926846901817
par.C_1P1 = 0.397045350996906
par.C_3P1 = -0.842173229526199
par.C_3P2 = -0.653948924984068
par.Ct_1S0nn = -0.148236545032367
par.c_D = -0.148148314448807
par.c_E = -0.662709113101254
par.c1 = -0.719552370665551E-01
par.c2 = 4.23097709190754
par.c3 = -3.54584453370012
par.c4 = 3.25819614408044
par.d1+d2 = 4.96302211380574
par.d3 = -4.63483803510392
par.d5 = -0.158426065071014
par.d14-d15 = -9.97149061824716
par.e14 = 0.900246864272991E-01
par.e15 = -10.8428858578580
par.e16 = 3.54113240310912
par.e17 = 1.17190063416647
par.e18 = 2.16947577176821
par.Ct_1S0np = -0.148204665115771
par.Ct_1S0pp = -0.147339502707345
par.C_1S0 = 2.47851945415368
par.Ct_3S1 = -0.160794471849657
par.C_3S1 = 0.598426244603842
par.C_3S1-3D1 = 0.500369901296766
par.C_3P0 = 1.23759237889815
par.C_1P1 = 0.400306615384123
par.C_3P1 = -0.843580121721222
par.C_3P2 = -0.653563262540550
par.Ct_1S0nn = -0.148169796057156
par.c_D = -0.148548936278927
par.c_E = -0.663473653012992
par.c1 = -0.582677382548500E-01
par.c2 = 4.27129399463468
par.c3 = -3.54433437695381
par.c4 = 3.28092668777163
par.d1+d2 = 4.97460927590816
par.d3 = -4.64197224825704
par.d5 = -0.160410066840192
par.d14-d15 = -9.97735220359207
par.e14 = 0.771225159876446E-01
par.e15 = -10.7873161319529
par.e16 = 3.38842122830210
par.e17 = 1.19549618265863
par.e18 = 2.04914645334788
par.Ct_1S0np = -0.148202918381794
par.Ct_1S0pp = -0.147337706697771
par.C_1S0 = 2.47849281871610
par.Ct_3S1 = -0.160798369260671
par.C_3S1 = 0.598397268660804
par.C_3S1-3D1 = 0.500435658126906
par.C_3P0 = 1.23748115737813
par.C_1P1 = 0.400416325172216
par.C_3P1 = -0.843691024420990
par.C_3P2 = -0.653524679277040
par.Ct_1S0nn = -0.148181173137125
par.c_D = 0.941574817602019E-01
par.c_E = -0.644680793837848
par.c1 = -0.579646558256115E-01
par.c2 = 4.27198577467713
par.c3 = -3.54409662979121
par.c4 = 3.28107072638987
par.d1+d2 = 4.97461798607093
par.d3 = -4.64188490817460
par.d5 = -0.160472158748965
par.d14-d15 = -9.97746124910369
par.e14 = 0.774672676918796E-01
par.e15 = -10.7886063404545
par.e16 = 3.38687539922988
par.e17 = 1.19360481828425
par.e18 = 2.04985647978462
