4.042373610654915100e-06 4.037732644767706347e-06 9.356505137155313244e-05 4.002183200904863727e-06 9.374189171998001076e-05 2.639220768049399833e-06 -6.214329892529207595e-05 -5.974357763635192506e-05 -6.323503534769990564e-05 -6.096267515305237196e-05 4.015692370860672298e-06 1.089079089689891540e-04 -1.737744034500402423e-04 6.003913726068398375e-04 2.107505686846670653e-03 -2.679309736324980208e-04 2.127205478292415751e-05 8.453680805456415686e-05 -1.396018286403335085e-04 4.350094950489841281e-05 -7.257030555648171931e-05 -7.572898272660739689e-05 3.328070674766974747e-03 -8.201722152192301996e-03 3.879900001209602659e-04 -3.492186640221631990e-04 1.416825021585374894e-06 2.370893826000421389e-11 -1.796836359592401380e-05 -2.034002708738494998e-06 -3.440310936801264998e-09 -6.016095286881905903e-05 1.701637927193028363e-09 -5.278275081961524839e-08 -7.120592583135701610e-08 -1.659818723422932467e-06 -1.278556274973153181e-08 7.547718456741026981e-07 -1.649437932315045217e-07 7.192207908346188964e-07 1.935850723345986928e-10 -1.558078155962070203e-04 -1.848545935393764697e-06 2.080379610674532477e-07 -9.407986707650133705e-07 4.825612805595342806e-06 -8.206678093067297371e-07 -5.768050714684772046e-05 -1.836921840464961972e-06 1.549012090614437207e-06 3.317791024329005352e-07 1.430119004965850478e-05
4.037732644767706347e-06 4.034786986247548673e-06 9.358333769152918748e-05 4.003636843791695450e-06 9.367086910142674713e-05 2.660046909467987143e-06 -6.227500418296711955e-05 -5.965972064426002452e-05 -6.309744030108955636e-05 -6.091586371566841954e-05 4.012512606702454911e-06 1.088136635166480005e-04 -1.738071489644628332e-04 6.000913290433065699e-04 2.106400196661197335e-03 -2.677476435698903962e-04 2.159353166626067048e-05 8.465559653095058065e-05 -1.396006598740189030e-04 4.343014737192275968e-05 -7.265225491887666550e-05 -7.585197011284779004e-05 3.326449640025257604e-03 -8.197466242283632867e-03 3.878632861063068416e-04 -3.506159664521693543e-04 1.403435923407841659e-06 1.690303484765971550e-11 -1.731859840316306984e-05 -1.356459195457137067e-06 -3.732802323330305835e-09 -6.032106806970954438e-05 1.582809493631964822e-09 -5.678379900351699948e-08 -7.115020487814807791e-08 -1.541882968907658966e-06 -1.276538488409652704e-08 7.537079845106489892e-07 -1.654658289350960699e-07 7.215220189067318621e-07 1.944701429646354311e-10 -1.556921015530244798e-04 -1.845379327954933316e-06 2.016062166794404921e-07 -9.061528182890235792e-07 8.257217125002204699e-07 -8.252847402892985754e-07 -5.740630071165577050e-05 -1.792552733059793705e-06 1.547989514125082537e-06 3.317899726334265766e-07 1.429332413896148755e-05
9.356505137155313244e-05 9.358333769152918748e-05 2.300612852878144033e-03 9.563402339145851520e-05 2.288632441522022581e-03 1.373938562252372539e-04 -1.479475944023045560e-03 -1.381681704002107533e-03 -1.462001004797920624e-03 -1.434153944176125598e-03 9.299553813951027517e-05 2.501214425061164520e-03 -4.102454956459810828e-03 1.404485087666595793e-02 4.948558835648672605e-02 -6.437632393450616261e-03 1.315444359037955865e-03 2.455124090614331945e-03 -3.529373893456097012e-03 9.097098027297869120e-04 -2.083419604240868694e-03 -2.123774480095794431e-03 7.955574197650654156e-02 -1.932618825952234498e-01 9.449124559344950283e-03 -1.218652528853929502e-02 1.096031596116074874e-05 -4.542896170811124207e-10 -3.639936513679369740e-04 -4.661871051390769835e-05 -5.305020131486532388e-08 -2.795013671346277886e-03 3.814747715893229971e-08 -1.407093736071571937e-06 -1.528092321415400226e-06 9.009705157893560924e-05 -3.098334245485620900e-07 1.833435594454615035e-05 -4.571128363745985968e-06 1.983847043068010348e-05 5.844967389988126738e-09 -3.864232147781742569e-03 -4.504647586610668051e-05 -2.336440976895048885e-07 -6.267024397689436300e-07 -7.179770573283896624e-05 9.637762201425316281e-07 -1.394922398714040996e-03 -2.101727473574959437e-05 3.625364755515454485e-05 8.342619792685162597e-06 3.342739855795812749e-04
4.002183200904863727e-06 4.003636843791695450e-06 9.563402339145851520e-05 6.483854045970459131e-06 8.410724113947957254e-05 -1.079528540166186867e-05 -5.984355167381091829e-05 -7.542305884592005239e-05 -6.062145626188442880e-05 -6.241027815617980500e-05 3.965515131644727091e-06 1.230981025558583702e-04 -2.139779375981357287e-04 5.957657938866191489e-04 2.104274412580878911e-03 -2.779640593474101890e-04 1.812782929150923362e-05 8.567687289492148940e-05 -1.416968535330349877e-04 4.412221789281567673e-05 -7.473297480261303493e-05 -7.195244733554845068e-05 3.365931665116741155e-03 -8.211350627139915592e-03 3.926878013073270947e-04 -3.382803304591885983e-04 7.288361684096579852e-07 -1.997634912208314477e-11 -2.240870218732165129e-05 -1.637182517862465224e-05 2.108622973768744037e-08 -9.845934968409015609e-05 8.982260677414107352e-09 -2.530059006112843720e-07 1.290901153340687926e-06 1.143704268085246980e-04 -1.227801463540983568e-08 8.042979821420188984e-07 -2.502305978690814065e-07 1.097175897768988788e-06 3.491454046221946461e-10 -1.745705005601215140e-04 -1.660485213447616322e-06 6.551238995031537318e-08 -3.426753291174892322e-07 -7.818591991646223720e-06 -3.387119573580307670e-07 -9.144900398302240605e-05 -1.746296769038566409e-06 1.564466081209617894e-06 3.334822177982408726e-07 1.425735467817389268e-05
9.374189171998001076e-05 9.367086910142674713e-05 2.288632441522022581e-03 8.410724113947957254e-05 2.351126669806796656e-03 2.056925125164653519e-04 -1.480949767247664991e-03 -1.301171755252080115e-03 -1.480224989616673150e-03 -1.422195433446412889e-03 9.316655909421925374e-05 2.439856725333382128e-03 -3.972123289069250454e-03 1.405859870604125698e-02 4.945623097255343742e-02 -6.371366074962771936e-03 1.415112087533860639e-03 2.489143840078830369e-03 -3.534330071185503262e-03 8.935010770946613798e-04 -2.101676526563837043e-03 -2.182194016462499046e-03 7.932859084174762043e-02 -1.930495860095162164e-01 9.437070655068385480e-03 -1.263495911612337076e-02 1.699438445567690587e-05 3.015584044795712207e-10 -3.651554577587908705e-04 9.167988581783687539e-05 -1.486974044316872788e-07 -2.330734274852682385e-03 -5.769269294452505671e-08 1.399494493070254329e-06 -7.171722518234512964e-06 -4.120035025654593874e-04 -3.445724464674294673e-07 1.976985238330796252e-05 -4.416614117627979698e-06 1.906227559985127797e-05 5.619564229592330243e-09 -3.750872483020645329e-03 -4.393224409371081890e-05 1.002192648585651629e-06 -5.687406514782440417e-06 6.866109074807501462e-05 -3.104838269456154475e-06 -1.284684411467302851e-03 -2.492255200991571622e-05 3.609048361198459389e-05 8.374071487426980431e-06 3.340905217422736198e-04
2.639220768049399833e-06 2.660046909467987143e-06 1.373938562252372539e-04 -1.079528540166186867e-05 2.056925125164653519e-04 1.983804358550573762e-04 -9.389811747985069143e-05 1.186759692632675050e-04 -8.689451805415880094e-05 -3.214119268066065475e-06 2.724213951266792931e-06 -1.934174311017547259e-04 3.673323257678065014e-04 5.433247441612005200e-04 1.732070135708349990e-03 -7.680384210080652913e-05 1.152458016444532669e-03 6.268186538704671176e-04 -3.613751878695120904e-04 -1.279106786133397977e-04 -4.700237851627271212e-04 -6.168673857454866610e-04 3.172095938322006675e-03 -6.904464547126050109e-03 5.824930441199179052e-04 -5.680870313334748962e-03 -3.729970403192381690e-06 9.896880579360892082e-10 2.056198550701762153e-04 3.779096275709681909e-05 -2.594053754596978263e-07 -2.192849498595682723e-03 -1.570673830227641155e-11 -1.686614104384718551e-07 -9.653379704514701099e-06 -6.347491402132009576e-04 3.609395180267389772e-08 -2.296577144170019687e-06 4.961072708610696696e-07 -2.198020571596464658e-06 -8.919080218708037276e-10 -5.665725092225002899e-05 -6.065098838874632650e-06 -1.638226441904890518e-06 6.779201299986551115e-06 -4.380321550651116943e-05 6.477036171458808964e-06 1.597208564532172337e-04 9.709775845138047867e-06 5.604833691348003094e-07 9.046016811971734382e-07 1.050420706338006797e-05
-6.214329892529207595e-05 -6.227500418296711955e-05 -1.479475944023045560e-03 -5.984355167381091829e-05 -1.480949767247664991e-03 -9.389811747985069143e-05 1.381686492392708446e-03 8.145562961210827584e-04 8.849606179147106750e-04 9.182622807807291638e-04 -6.184934063692961663e-05 -1.632968525967134696e-03 2.782560076772542211e-03 -9.346690354519579871e-03 -3.267889110521217388e-02 4.049199483409749584e-03 -7.139233948589860995e-04 -1.483619834255516922e-03 2.231253814536606015e-03 -6.177876823655302496e-04 1.244937451466446039e-03 1.374032053645701020e-03 -5.150319381832789423e-02 1.271029629751291579e-01 -6.071370862941500787e-03 7.215492403220601439e-03 -9.386628994484870440e-06 9.944251211359843647e-09 5.104885287861079678e-05 1.466987815555899642e-05 1.007540301711089097e-06 5.557566655019681185e-04 -1.505699812565060426e-08 5.515018313425116488e-07 2.838783211399116433e-06 1.193489778076325481e-04 2.147962487265560493e-07 -1.238179116294037989e-05 2.754918184317498844e-06 -1.197048231105583545e-05 -3.377932874400512663e-09 2.476964475469964084e-03 2.949665514522531863e-05 -1.823956194141762762e-07 1.721691874755739659e-06 2.052641674796058319e-05 -1.313502404171235374e-06 7.594225364385804537e-04 1.118968119001238060e-05 -2.368805516590241888e-05 -5.336108188356317208e-06 -2.214740178539794855e-04
-5.974357763635192506e-05 -5.965972064426002452e-05 -1.381681704002107533e-03 -7.542305884592005239e-05 -1.301171755252080115e-03 1.186759692632675050e-04 8.145562961210827584e-04 1.427633381306871478e-03 9.232037406183236580e-04 9.578035364161777707e-04 -5.923941118315776018e-05 -1.848090441441088911e-03 3.090249314135084038e-03 -8.777405415458751012e-03 -3.115638554404485949e-02 4.240096839233119252e-03 3.481665446383522267e-04 -9.787481916521522524e-04 1.977849157591817907e-03 -7.433022586187082014e-04 8.993336975281559934e-04 7.541240476522186563e-04 -4.980417078276962173e-02 1.215952279428623439e-01 -5.698905169982336136e-03 2.098789312661898318e-03 -1.812601339476529666e-05 -1.211145030492283811e-09 6.285212329763151555e-04 1.025107236039811295e-04 -3.660770826695861715e-07 5.537300579906498030e-03 -6.501905211358961774e-08 2.057135225930559236e-06 -8.864209149249966860e-06 -7.252843885684624303e-04 2.003770054647343010e-07 -1.257094746558751975e-05 3.309673409431426326e-06 -1.448007505325754767e-05 -4.278830701537859882e-09 2.565785389178623904e-03 2.636189792129666010e-05 -3.231420127248828579e-06 1.425417613087174117e-05 9.899528757367374648e-05 1.531530944937845983e-05 1.207258026160816251e-03 3.403418228536044405e-05 -2.362456273243910681e-05 -4.612610002797251302e-06 -2.116590211601151105e-04
-6.323503534769990564e-05 -6.309744030108955636e-05 -1.462001004797920624e-03 -6.062145626188442880e-05 -1.480224989616673150e-03 -8.689451805415880094e-05 8.849606179147106750e-04 9.232037406183236580e-04 1.153354677300109541e-03 9.363786068668052609e-04 -6.281191080060001205e-05 -1.595193055115715769e-03 2.511752686420338446e-03 -9.402333501706208393e-03 -3.292061933950047453e-02 4.117341454038301804e-03 -6.488626095438676869e-04 -1.468208713364723339e-03 2.241175918053486728e-03 -6.331983033566224465e-04 1.238622070005250715e-03 1.343583196709665240e-03 -5.198584010511077963e-02 1.280990432072799945e-01 -6.117480671452993693e-03 6.947357094584208012e-03 -2.742891874070574180e-05 -5.938451103165782995e-09 4.851311678826260689e-04 3.943726292883131069e-05 8.043691343516611111e-08 3.140234576631915388e-03 -5.394242087398895927e-08 1.869404900478249451e-06 3.062475059822034630e-06 1.248754021420743466e-04 1.520629312354699623e-07 -9.307251624844535556e-06 2.072982292781073672e-06 -9.096842186469174320e-06 -2.138005536269536338e-09 2.397719293862647736e-03 3.154878356832111180e-05 -4.612522597968243372e-06 2.056876941314834365e-05 -9.394114958495971489e-06 2.051101734896040369e-05 9.281344170840051923e-04 3.608686249601540365e-05 -2.395372492174423107e-05 -5.347914495214634584e-06 -2.231158478530617054e-04
-6.096267515305237196e-05 -6.091586371566841954e-05 -1.434153944176125598e-03 -6.241027815617980500e-05 -1.422195433446412889e-03 -3.214119268066065475e-06 9.182622807807291638e-04 9.578035364161777707e-04 9.363786068668052609e-04 9.534582812119598780e-04 -6.055360112664581686e-05 -1.750689950934682928e-03 2.825811890632770346e-03 -9.033841590179912673e-03 -3.191700046169865246e-02 4.223744836099913892e-03 -8.780956217917376336e-05 -1.203173305369390671e-03 2.103801014495485303e-03 -6.958387347004319498e-04 1.060456216921627564e-03 1.003300409157192007e-03 -5.091120383197441507e-02 1.244842754339467172e-01 -5.903140347825592410e-03 4.234562445347811455e-03 -1.426347416439903614e-05 2.812757709552932193e-10 4.071005235327491371e-04 8.872938542392704427e-06 -8.637566627818279686e-08 4.371549550235263350e-04 -9.264035656111559489e-09 3.629775110350242921e-07 -6.077088908516615360e-07 -7.316387494001135559e-05 2.262999498646744549e-07 -1.328420459038621286e-05 2.994298233109983960e-06 -1.300979981110335051e-05 -3.784343501047982893e-09 2.483579196520589814e-03 2.726154973850650919e-05 -1.949097189728002766e-06 9.104721762681029104e-06 -1.344662961414792011e-05 7.925754768295190797e-06 9.333287831127948589e-04 2.347788930234934315e-05 -2.382161649008088933e-05 -4.947688826974006566e-06 -2.164975307893626691e-04
4.015692370860672298e-06 4.012512606702454911e-06 9.299553813951027517e-05 3.965515131644727091e-06 9.316655909421925374e-05 2.724213951266792931e-06 -6.184934063692961663e-05 -5.923941118315776018e-05 -6.281191080060001205e-05 -6.055360112664581686e-05 4.210921825527791807e-06 1.071514941004911579e-04 -1.611630752296336409e-04 5.967166745440285547e-04 2.094409271472461032e-03 -2.661068697093904459e-04 2.142386904441019002e-05 8.411663623711918805e-05 -1.387594270485577753e-04 4.318673979082037590e-05 -7.218034782021840422e-05 -7.542341420356757581e-05 3.306957228555418640e-03 -8.150518395740559072e-03 3.855711601187413167e-04 -3.483444828266922533e-04 1.421093443751473943e-06 2.090721093464227987e-11 -1.744057563094186108e-05 -1.307335815178748693e-06 -3.763292774095309870e-09 -6.086598561181631793e-05 1.641784808795316711e-09 -5.717606474119694396e-08 -7.991377397231330954e-08 -2.288108349810517634e-06 1.066585439436308679e-05 1.026019594808147499e-06 -5.266916234284375794e-06 1.541577122167566681e-07 1.822502044936205529e-09 -1.597964679447820709e-04 -2.092431003041157320e-06 2.060715839573043716e-07 -9.238581696649699295e-07 9.050251175676905540e-07 -8.453841769307329030e-07 4.577434215663615021e-04 6.498713472338808823e-06 1.539013267273343839e-06 3.298271257684328784e-07 1.421231795494352099e-05
1.089079089689891540e-04 1.088136635166480005e-04 2.501214425061164520e-03 1.230981025558583702e-04 2.439856725333382128e-03 -1.934174311017547259e-04 -1.632968525967134696e-03 -1.848090441441088911e-03 -1.595193055115715769e-03 -1.750689950934682928e-03 1.071514941004911579e-04 4.278502464535618305e-03 -6.132125897555969207e-03 1.599411083908781894e-02 5.674928699366067059e-02 -7.705370244938447577e-03 -1.046847270464660706e-03 1.560635551178891694e-03 -3.492100781720961552e-03 1.411722160358543955e-03 -1.465245295021024973e-03 -1.186786053833775549e-03 9.024933177998567535e-02 -2.212606946674364472e-01 1.024253262395212818e-02 -1.831097441834954320e-03 2.379163827830071992e-05 -3.399331141999311461e-09 -9.252449261493160722e-04 8.525492157476674245e-05 3.584564863327320182e-07 2.975662598883607214e-03 -1.060750631688411210e-07 3.321918616546728949e-06 1.123443414192116827e-05 7.343963458221250667e-04 -2.921154459978906822e-05 3.319249371855562537e-05 2.417909878871413404e-05 3.463681680260244106e-05 -3.119633647819344303e-05 -4.589277099214221153e-03 -3.673962968388093961e-05 3.939528606760418685e-06 -1.828151316096800671e-05 1.908140487580136649e-04 -1.380985560351326862e-05 -3.955532362743090224e-03 -8.050523159880715134e-05 4.317938289469561256e-05 8.144388109849199091e-06 3.861531162117758532e-04
-1.737744034500402423e-04 -1.738071489644628332e-04 -4.102454956459810828e-03 -2.139779375981357287e-04 -3.972123289069250454e-03 3.673323257678065014e-04 2.782560076772542211e-03 3.090249314135084038e-03 2.511752686420338446e-03 2.825811890632770346e-03 -1.611630752296336409e-04 -6.132125897555969207e-03 1.189913430908992771e-02 -2.564232400473834272e-02 -9.117729189037235282e-02 1.253363764811508095e-02 1.286149238902536095e-03 -2.758471060141621904e-03 5.757149990370535181e-03 -2.215946039216729578e-03 2.566148611522631878e-03 2.056818925788463440e-03 -1.460479943737134356e-01 3.560087445170034282e-01 -1.667017961590342226e-02 4.911759657901471066e-03 -7.986816715264219316e-06 1.053721643291510789e-08 1.411538224616393569e-03 -3.640774173082456620e-04 -4.351556529819379696e-07 -5.507433957423683683e-03 6.106939262490816040e-07 -1.205688783188127355e-05 -2.978165900254172327e-05 -2.094116954306743036e-03 1.143075388444274571e-05 -8.921031201975364333e-05 -7.412214519117144539e-04 -1.417139335033299917e-04 1.068565947649388627e-05 4.886393672852252373e-03 -7.030022876521232740e-06 -1.885119737134398593e-07 4.988667537990087986e-06 -2.542292797309519113e-04 -3.764693158106640275e-06 2.934062058178030230e-02 4.733320882324945807e-04 -6.944815994086150218e-05 -1.338562255384843666e-05 -6.194710210441026774e-04
6.003913726068398375e-04 6.000913290433065699e-04 1.404485087666595793e-02 5.957657938866191489e-04 1.405859870604125698e-02 5.433247441612005200e-04 -9.346690354519579871e-03 -8.777405415458751012e-03 -9.402333501706208393e-03 -9.033841590179912673e-03 5.967166745440285547e-04 1.599411083908781894e-02 -2.564232400473834272e-02 8.944911598568709710e-02 3.138775379168387558e-01 -3.981322085731530541e-02 4.554045279210674167e-03 1.329443567637887506e-02 -2.111762405172782492e-02 6.280897234399929717e-03 -1.133782827031657586e-02 -1.193782888782100177e-02 4.965649967904867679e-01 -1.221899125663052477e+00 5.815707698693627081e-02 -5.863361891662369207e-02 1.879959243040732128e-04 1.934963976243283202e-09 -2.253569219781759603e-03 -2.391446063655625781e-04 -7.351931349364831675e-07 -1.121708836244742283e-02 2.589409825912059982e-07 -9.298551646252423800e-06 -1.303738705337185704e-05 -2.282987571161748642e-04 -1.866560711544231736e-06 1.103440963734545041e-04 -2.478817169737828686e-05 1.080451361189815917e-04 2.932544355907557205e-08 -2.325199021975962732e-02 -2.777058253497918187e-04 2.500324832712498080e-05 -1.154828500222941732e-04 1.372397855245154345e-06 -1.034524989042903963e-04 -8.498461464421489669e-03 -2.449799009095337556e-04 2.299626497508713840e-04 5.021773613235851061e-05 2.128183210736308683e-03
2.107505686846670653e-03 2.106400196661197335e-03 4.948558835648672605e-02 2.104274412580878911e-03 4.945623097255343742e-02 1.732070135708349990e-03 -3.267889110521217388e-02 -3.115638554404485949e-02 -3.292061933950047453e-02 -3.191700046169865246e-02 2.094409271472461032e-03 5.674928699366067059e-02 -9.117729189037235282e-02 3.138775379168387558e-01 1.118089061980095389e+00 -1.409374748427297541e-01 1.504131095535844558e-02 4.377511712526590409e-02 -6.710898692626722506e-02 1.920635718307022594e-02 -4.138565610905541037e-02 2.056529083773604716e-02 1.633492192679070865e+00 -4.320002128000249186e+00 1.339909455735785460e-01 -1.578828334564757463e-01 6.161119325538182622e-04 4.200866764047297370e-09 -8.895274101137523592e-03 -7.774340674176063526e-04 -1.747422488397054356e-06 -3.780560319287983723e-02 8.268714674373354122e-07 -2.986286313280537807e-05 -3.579650336720822045e-05 -1.616881018279884793e-04 -6.746448037464585696e-06 3.984700652200760828e-04 -9.012925386572300294e-05 3.925425993055495872e-04 1.083139380267296464e-07 -8.253926341079828588e-02 -9.735414551952341214e-04 8.023529532358384536e-05 -3.728154118298043903e-04 -9.318812443233966559e-06 -3.316838288780793345e-04 -3.029487355146467595e-02 -8.347359736054068766e-04 7.272160982653286384e-04 1.870826032398001891e-04 8.841799637400898568e-03
-2.679309736324980208e-04 -2.677476435698903962e-04 -6.437632393450616261e-03 -2.779640593474101890e-04 -6.371366074962771936e-03 -7.680384210080652913e-05 4.049199483409749584e-03 4.240096839233119252e-03 4.117341454038301804e-03 4.223744836099913892e-03 -2.661068697093904459e-04 -7.705370244938447577e-03 1.253363764811508095e-02 -3.981322085731530541e-02 -1.409374748427297541e-01 1.886870853712717400e-02 -1.128874706117760597e-03 -5.763515935653475142e-03 9.543389138440428604e-03 -2.973191455230030349e-03 5.055977829648000167e-03 4.726202886867285000e-03 -2.264644157075397513e-01 5.505000530234858136e-01 -2.642527289298342991e-02 2.235674272811721125e-02 -4.336172369199406081e-05 1.563530173197763212e-09 1.925314798879551505e-03 4.847660533401091851e-05 -4.493111104001797045e-07 3.496232641920417154e-03 -3.876681955410542000e-08 1.550339418628832870e-06 -3.501593709737780108e-06 -4.933219002716767755e-04 1.014571927259524450e-06 -5.964353042921684392e-05 1.396184288047805735e-05 -6.057090887986162845e-05 -1.808525434817804238e-08 1.123003164978689412e-02 1.226710377646642578e-04 -4.211825951557135781e-06 2.150361763653258325e-05 1.090149939288024856e-05 1.714173847591554737e-05 4.223531333662286155e-03 8.614652709490832716e-05 -1.052167565078321982e-04 -2.238257975084522139e-05 -9.543982508794924928e-04
2.127205478292415751e-05 2.159353166626067048e-05 1.315444359037955865e-03 1.812782929150923362e-05 1.415112087533860639e-03 1.152458016444532669e-03 -7.139233948589860995e-04 3.481665446383522267e-04 -6.488626095438676869e-04 -8.780956217917376336e-05 2.142386904441019002e-05 -1.046847270464660706e-03 1.286149238902536095e-03 4.554045279210674167e-03 1.504131095535844558e-02 -1.128874706117760597e-03 1.023184189412608934e-02 5.689688504106785866e-03 -3.332435174815638872e-03 -1.131391767691140079e-03 -4.328420413317711143e-03 -5.361922185349912370e-03 2.978653587441265627e-02 -6.109555725708157997e-02 5.403760708254932640e-03 -5.061057856806878974e-02 -6.350087748754802165e-05 7.252814333794657513e-09 1.587302762565187065e-03 -2.431948508452348875e-04 -1.133025189897125622e-06 -2.057257175275957126e-02 2.059704045862473256e-07 -7.307785293998958105e-06 -2.174174306114575654e-05 -2.272417720461016250e-04 2.807129730059276045e-07 -1.485457666843962080e-05 -7.253834375108318341e-08 1.429956416873205574e-07 3.399510738108176281e-10 -1.345724572562372913e-03 -4.151817666004768589e-05 -2.086477918185300652e-05 8.689651626449174440e-05 -6.417985172884577930e-04 8.199052569554500318e-05 -2.111152126279321889e-04 8.787467892979265434e-05 5.500951953972852093e-06 8.172593744476974070e-06 8.973659746940130123e-05
8.453680805456415686e-05 8.465559653095058065e-05 2.455124090614331945e-03 8.567687289492148940e-05 2.489143840078830369e-03 6.268186538704671176e-04 -1.483619834255516922e-03 -9.787481916521522524e-04 -1.468208713364723339e-03 -1.203173305369390671e-03 8.411663623711918805e-05 1.560635551178891694e-03 -2.758471060141621904e-03 1.329443567637887506e-02 4.377511712526590409e-02 -5.763515935653475142e-03 5.689688504106785866e-03 9.719461316576732263e-03 -1.099260511467768653e-02 1.340718051640565813e-03 -2.764583734186035029e-03 -1.865100910506034548e-02 1.017985121808154120e-01 -1.788929878206480251e-01 9.260391530066872101e-05 -1.502916996423568283e-02 -2.170765166681990960e-05 3.378958744676254925e-09 3.045854436081920757e-04 -1.410135178197725479e-04 -4.701372858174383552e-07 -1.177688143956632551e-02 1.186931739400781219e-07 -4.259584019724887829e-06 -1.044543858223191207e-05 1.783190356988650048e-05 -1.307317039387367478e-07 8.551264157565196367e-06 -3.871613301157489882e-06 1.670503552990773447e-05 5.149429891438447437e-09 -3.785643998110719069e-03 -5.542269554286983314e-05 -9.854354845845409648e-06 3.996061734334773732e-05 -3.407618141883821594e-04 3.856895209969777509e-05 -1.268952830134865636e-03 2.275282560240791962e-05 8.626327788421380577e-05 -1.731425263486694192e-05 3.291414282481130765e-05
-1.396018286403335085e-04 -1.396006598740189030e-04 -3.529373893456097012e-03 -1.416968535330349877e-04 -3.534330071185503262e-03 -3.613751878695120904e-04 2.231253814536606015e-03 1.977849157591817907e-03 2.241175918053486728e-03 2.103801014495485303e-03 -1.387594270485577753e-04 -3.492100781720961552e-03 5.757149990370535181e-03 -2.111762405172782492e-02 -6.710898692626722506e-02 9.543389138440428604e-03 -3.332435174815638872e-03 -1.099260511467768653e-02 5.021253967027321935e-02 -2.799791274044186040e-02 8.926080762252212170e-03 4.215722250062424459e-02 -1.858976529376316356e-01 2.810945512698992954e-01 -6.096292899746853788e-02 4.465465914506060868e-02 -1.265886760550190361e-05 -1.492724858565607533e-09 3.978053481617489871e-04 9.651502569756870002e-05 2.005551604293140266e-07 7.260555425588512482e-03 -8.542568633053218703e-08 3.096451762963099810e-06 5.427973303798097091e-06 -8.442678458236218078e-05 4.045948763049457885e-07 -2.425314090483310272e-05 6.500444338919589954e-06 -2.819696042288364021e-05 -8.264441458810707365e-09 5.816863461940285744e-03 7.223808732494165223e-05 1.987421351272323073e-06 -6.098712021927232602e-06 1.670334748819516041e-04 -7.209664211438027487e-06 2.093134874607526993e-03 2.481941593327788526e-05 -7.753149258049424038e-04 2.288037205942200611e-05 1.167558164530501600e-03
4.350094950489841281e-05 4.343014737192275968e-05 9.097098027297869120e-04 4.412221789281567673e-05 8.935010770946613798e-04 -1.279106786133397977e-04 -6.177876823655302496e-04 -7.433022586187082014e-04 -6.331983033566224465e-04 -6.958387347004319498e-04 4.318673979082037590e-05 1.411722160358543955e-03 -2.215946039216729578e-03 6.280897234399929717e-03 1.920635718307022594e-02 -2.973191455230030349e-03 -1.131391767691140079e-03 1.340718051640565813e-03 -2.799791274044186040e-02 1.895610083442061597e-02 -3.580480665637448406e-03 -1.417570820258345389e-02 5.788599827073105664e-02 -8.015570416829094491e-02 3.748801642403044865e-02 -1.947939618451185323e-02 2.172851672027305132e-05 -9.812731393612002509e-10 -4.393098684106449669e-04 1.838094555118633647e-05 1.373996632611382935e-07 2.101631780037479559e-03 -1.241507561122644228e-08 4.263124171638653958e-07 2.471555034674976332e-06 4.075037262884573588e-05 -1.922366793588308998e-07 1.110391448941900014e-05 -2.038158040182011781e-06 8.895611933587922171e-06 2.444793490599719415e-09 -1.648850628443483983e-03 -1.559412201118525354e-05 4.573830671157987024e-06 -1.987916325134701835e-05 9.017931042091128461e-05 -1.829951470349600932e-05 -6.475395049895366593e-04 -3.035093461354532098e-05 5.115940721677245768e-04 -1.179437217412943528e-05 -7.847660173532370123e-04
-7.257030555648171931e-05 -7.265225491887666550e-05 -2.083419604240868694e-03 -7.473297480261303493e-05 -2.101676526563837043e-03 -4.700237851627271212e-04 1.244937451466446039e-03 8.993336975281559934e-04 1.238622070005250715e-03 1.060456216921627564e-03 -7.218034782021840422e-05 -1.465245295021024973e-03 2.566148611522631878e-03 -1.133782827031657586e-02 -4.138565610905541037e-02 5.055977829648000167e-03 -4.328420413317711143e-03 -2.764583734186035029e-03 8.926080762252212170e-03 -3.580480665637448406e-03 7.274364230244043106e-02 -2.521022138992232153e-03 -5.318786210992807600e-02 1.565759182803989902e-01 -1.651891523001337014e-01 1.868719564740732031e-01 1.879756185206151527e-05 -2.350482803537126453e-09 -1.030834606751483262e-04 1.048916012470652330e-04 2.840481493294335741e-07 9.022077689015372409e-03 -8.593292914093323263e-08 3.101386207496594359e-06 7.153608961521048295e-06 -7.700345679385025763e-05 1.443397382293901639e-07 -9.127839771662957062e-06 3.611720133392409775e-06 -1.557998859726243701e-05 -4.884447438019066828e-09 3.298558933424142279e-03 4.596527485448984659e-05 8.025595726542925071e-06 -3.257317376869087123e-05 2.630513205893249295e-04 -3.154484645340453508e-05 1.130742138447179404e-03 -1.694637652363457393e-05 -7.096333227107909109e-06 -1.934258747142391906e-04 -1.285393165199698448e-04
-7.572898272660739689e-05 -7.585197011284779004e-05 -2.123774480095794431e-03 -7.195244733554845068e-05 -2.182194016462499046e-03 -6.168673857454866610e-04 1.374032053645701020e-03 7.541240476522186563e-04 1.343583196709665240e-03 1.003300409157192007e-03 -7.542341420356757581e-05 -1.186786053833775549e-03 2.056818925788463440e-03 -1.193782888782100177e-02 2.056529083773604716e-02 4.726202886867285000e-03 -5.361922185349912370e-03 -1.865100910506034548e-02 4.215722250062424459e-02 -1.417570820258345389e-02 -2.521022138992232153e-03 8.004535346170621457e-01 -1.650890190200258179e+00 6.029723365955641512e-01 -6.049004644764900407e-01 3.891234015693233461e-01 2.611229495845090315e-06 -3.927103590268302940e-09 -6.239396569052159912e-04 1.473344819943055205e-04 7.208038762722322869e-07 1.096099776229904690e-02 -1.350967263498226690e-07 4.786629616697834775e-06 1.287356462308920440e-05 2.193981017585229292e-04 4.794866515525799314e-08 -3.688542035186438348e-06 2.319002085183970467e-06 -1.007073236464442359e-05 -2.625462604929775336e-09 3.045751290071831326e-03 4.985015223424370343e-05 5.850587071305339863e-06 -2.295468785367080233e-05 2.945865051707872019e-04 -2.216016141864806538e-05 9.656508419796107877e-04 -1.022115530147183295e-05 -2.209191849944902163e-04 -3.194247031260068637e-04 5.049208317364796243e-03
3.328070674766974747e-03 3.326449640025257604e-03 7.955574197650654156e-02 3.365931665116741155e-03 7.932859084174762043e-02 3.172095938322006675e-03 -5.150319381832789423e-02 -4.980417078276962173e-02 -5.198584010511077963e-02 -5.091120383197441507e-02 3.306957228555418640e-03 9.024933177998567535e-02 -1.460479943737134356e-01 4.965649967904867679e-01 1.633492192679070865e+00 -2.264644157075397513e-01 2.978653587441265627e-02 1.017985121808154120e-01 -1.858976529376316356e-01 5.788599827073105664e-02 -5.318786210992807600e-02 -1.650890190200258179e+00 5.963462535344392634e+00 -7.760589418978164566e+00 1.579188918161466892e+00 -1.130508563045498960e+00 7.537588214252741430e-04 4.195627433057353682e-09 -1.596105529534879233e-02 -1.227656865188698392e-03 -8.576840870288501973e-07 -7.292557740433842917e-02 1.199984265797383200e-06 -4.387512697292941311e-05 -4.124599213706301847e-05 1.790478609381457482e-03 -1.101508087583491104e-05 6.509793236444693949e-04 -1.525409327578786394e-04 6.631598425754272599e-04 1.892958514497866896e-07 -1.340606944866479244e-01 -1.562341804351819385e-03 8.001484233003941504e-05 -3.897353323500106254e-04 -6.606592589845840680e-04 -3.335951780676435366e-04 -4.938610533175763484e-02 -1.139878625047491181e-03 1.490325987010546888e-03 9.770012176207329771e-04 2.236323476637577193e-03
-8.201722152192301996e-03 -8.197466242283632867e-03 -1.932618825952234498e-01 -8.211350627139915592e-03 -1.930495860095162164e-01 -6.904464547126050109e-03 1.271029629751291579e-01 1.215952279428623439e-01 1.280990432072799945e-01 1.244842754339467172e-01 -8.150518395740559072e-03 -2.212606946674364472e-01 3.560087445170034282e-01 -1.221899125663052477e+00 -4.320002128000249186e+00 5.505000530234858136e-01 -6.109555725708157997e-02 -1.788929878206480251e-01 2.810945512698992954e-01 -8.015570416829094491e-02 1.565759182803989902e-01 6.029723365955641512e-01 -7.760589418978164566e+00 1.733172126263968238e+01 -1.061068047036045403e+00 9.777272255845366189e-01 -2.288983401292165373e-03 -1.471470986674282619e-08 3.568840655662208761e-02 3.013001982515747107e-03 5.765636347988499455e-06 1.528381408004368669e-01 -3.153159743281523173e-06 1.141603585655208398e-04 1.303335540997155469e-04 -4.321466081217618829e-04 2.645888546025515622e-05 -1.562866625675379340e-03 3.560368835051502833e-04 -1.550048419886082551e-03 -4.309246446384874086e-07 3.230960678820396503e-01 3.799830728716803181e-03 -2.894518013332998772e-04 1.353615953083083445e-03 3.335150279974706013e-04 1.197783189317992714e-03 1.186957348004517021e-01 3.162177653971510582e-03 -2.771435144840456079e-03 -1.100279238279649931e-03 -3.194481373658537848e-02
3.879900001209602659e-04 3.878632861063068416e-04 9.449124559344950283e-03 3.926878013073270947e-04 9.437070655068385480e-03 5.824930441199179052e-04 -6.071370862941500787e-03 -5.698905169982336136e-03 -6.117480671452993693e-03 -5.903140347825592410e-03 3.855711601187413167e-04 1.024253262395212818e-02 -1.667017961590342226e-02 5.815707698693627081e-02 1.339909455735785460e-01 -2.642527289298342991e-02 5.403760708254932640e-03 9.260391530066872101e-05 -6.096292899746853788e-02 3.748801642403044865e-02 -1.651891523001337014e-01 -6.049004644764900407e-01 1.579188918161466892e+00 -1.061068047036045403e+00 3.155398303214740352e+00 -2.732870149994059528e+00 7.103280406665018294e-05 1.737950359112510612e-09 -1.596736307124361608e-03 -1.854448310334517384e-04 -2.632383825137593378e-07 -1.239244499227543962e-02 1.733587235439367507e-07 -6.310549106762632061e-06 -8.353433492449201351e-06 2.083285712646622853e-04 -1.228517408714720696e-06 7.292391099490164598e-05 -1.783334687429777231e-05 7.747470292565683330e-05 2.229117997139547439e-08 -1.579413454534664071e-02 -1.883290601789800096e-04 4.513688628592431274e-06 -2.522498780315815948e-05 -2.051036648600649431e-04 -1.981006703633683762e-05 -5.770811376824173250e-03 -1.120695370168078267e-04 5.145119231670593381e-04 -7.053251403930435722e-04 -3.611844374956208782e-03
-3.492186640221631990e-04 -3.506159664521693543e-04 -1.218652528853929502e-02 -3.382803304591885983e-04 -1.263495911612337076e-02 -5.680870313334748962e-03 7.215492403220601439e-03 2.098789312661898318e-03 6.947357094584208012e-03 4.234562445347811455e-03 -3.483444828266922533e-04 -1.831097441834954320e-03 4.911759657901471066e-03 -5.863361891662369207e-02 -1.578828334564757463e-01 2.235674272811721125e-02 -5.061057856806878974e-02 -1.502916996423568283e-02 4.465465914506060868e-02 -1.947939618451185323e-02 1.868719564740732031e-01 3.891234015693233461e-01 -1.130508563045498960e+00 9.777272255845366189e-01 -2.732870149994059528e+00 2.703633413648755202e+00 2.483414589980319784e-04 -3.444522578617129799e-08 -6.242083333031514525e-03 1.238292801660254450e-03 5.358871257703850368e-06 1.027615648873630022e-01 -1.058150520774722131e-06 3.765169260811153829e-05 1.052055260236756470e-04 8.872326591585369491e-04 -4.905585071029415591e-07 2.080196651592334535e-05 1.200207009797769973e-05 -5.133797260172130153e-05 -1.620881443366720730e-08 1.646274523566340978e-02 3.131984031846162192e-04 9.351871794612787669e-05 -3.853674556873645362e-04 3.090792281543150097e-03 -3.662231506524530169e-04 4.727153966730518117e-03 -3.333613489684890971e-04 -3.010905666369194118e-04 8.580528385641766377e-04 5.552688037528301715e-04
1.416825021585374894e-06 1.403435923407841659e-06 1.096031596116074874e-05 7.288361684096579852e-07 1.699438445567690587e-05 -3.729970403192381690e-06 -9.386628994484870440e-06 -1.812601339476529666e-05 -2.742891874070574180e-05 -1.426347416439903614e-05 1.421093443751473943e-06 2.379163827830071992e-05 -7.986816715264219316e-06 1.879959243040732128e-04 6.161119325538182622e-04 -4.336172369199406081e-05 -6.350087748754802165e-05 -2.170765166681990960e-05 -1.265886760550190361e-05 2.172851672027305132e-05 1.879756185206151527e-05 2.611229495845090315e-06 7.537588214252741430e-04 -2.288983401292165373e-03 7.103280406665018294e-05 2.483414589980319784e-04 1.403314537872806422e-04 1.155009457729814233e-10 -1.832863359410269157e-05 -5.622021415209070592e-06 -2.104039186404664033e-09 -3.948348490180015138e-06 3.899341888847948902e-07 7.742929698673389247e-08 -2.416614348877728715e-07 -2.929608325893888585e-05 2.386705876333072080e-06 -1.365393275200496134e-07 2.429597713779118759e-06 -4.544521473110626350e-07 1.642120681300039900e-09 -3.936593497344766286e-06 -6.994740532826909340e-07 1.321919453839214649e-05 -3.377482421112384259e-06 7.278667222987766981e-05 -4.320015693497620211e-06 7.915981328593266414e-05 -3.933989978013525221e-06 4.275089616661948385e-07 4.098078674023858933e-08 4.376232241390206991e-06
2.370893826000421389e-11 1.690303484765971550e-11 -4.542896170811124207e-10 -1.997634912208314477e-11 3.015584044795712207e-10 9.896880579360892082e-10 9.944251211359843647e-09 -1.211145030492283811e-09 -5.938451103165782995e-09 2.812757709552932193e-10 2.090721093464227987e-11 -3.399331141999311461e-09 1.053721643291510789e-08 1.934963976243283202e-09 4.200866764047297370e-09 1.563530173197763212e-09 7.252814333794657513e-09 3.378958744676254925e-09 -1.492724858565607533e-09 -9.812731393612002509e-10 -2.350482803537126453e-09 -3.927103590268302940e-09 4.195627433057353682e-09 -1.471470986674282619e-08 1.737950359112510612e-09 -3.444522578617129799e-08 1.155009457729814233e-10 3.505404433607783946e-13 -7.419748273667555976e-09 -6.423710063704955403e-10 1.667168127153090572e-11 -7.457091542386452067e-08 -3.000293731641244581e-13 -3.753264321421103980e-11 -4.185564933818490969e-11 -1.798553991583185589e-09 -3.083938656735597142e-12 -1.070466530822375289e-10 1.986473624310074691e-11 -1.058355260919818981e-10 -6.169875307135808125e-14 3.430464474779427679e-09 -8.046694135436956988e-11 8.120746282340922971e-11 -5.064404784763960002e-10 6.812204320329670683e-10 -5.765717136616663272e-10 -3.271404067021706663e-09 -6.383476898181064170e-10 -3.314561383755835981e-12 4.209676779220336118e-12 2.352891790940211680e-11
-1.796836359592401380e-05 -1.731859840316306984e-05 -3.639936513679369740e-04 -2.240870218732165129e-05 -3.651554577587908705e-04 2.056198550701762153e-04 5.104885287861079678e-05 6.285212329763151555e-04 4.851311678826260689e-04 4.071005235327491371e-04 -1.744057563094186108e-05 -9.252449261493160722e-04 1.411538224616393569e-03 -2.253569219781759603e-03 -8.895274101137523592e-03 1.925314798879551505e-03 1.587302762565187065e-03 3.045854436081920757e-04 3.978053481617489871e-04 -4.393098684106449669e-04 -1.030834606751483262e-04 -6.239396569052159912e-04 -1.596105529534879233e-02 3.568840655662208761e-02 -1.596736307124361608e-03 -6.242083333031514525e-03 -1.832863359410269157e-05 -7.419748273667555976e-09 2.133516025446149759e-03 -7.220921154103276409e-05 -2.272659629427743116e-07 1.635108836761202129e-03 1.460072758489852358e-07 -1.159833288750579551e-06 -6.355974079622968483e-06 -2.794711528684835997e-04 3.457955061852805589e-07 -8.319087594128283348e-06 1.572243967242693461e-06 -5.876169957340186145e-06 -2.488240113209645192e-09 1.259579158496517814e-03 1.232394830543118050e-05 -7.128263052588083348e-06 2.998347431901529219e-05 -2.425690202902852004e-04 3.432575672555987999e-05 8.160171511245252647e-04 4.992726184408585418e-05 -8.511142525562456683e-06 -6.952188600886749742e-07 -6.073898278991710884e-05
-2.034002708738494998e-06 -1.356459195457137067e-06 -4.661871051390769835e-05 -1.637182517862465224e-05 9.167988581783687539e-05 3.779096275709681909e-05 1.466987815555899642e-05 1.025107236039811295e-04 3.943726292883131069e-05 8.872938542392704427e-06 -1.307335815178748693e-06 8.525492157476674245e-05 -3.640774173082456620e-04 -2.391446063655625781e-04 -7.774340674176063526e-04 4.847660533401091851e-05 -2.431948508452348875e-04 -1.410135178197725479e-04 9.651502569756870002e-05 1.838094555118633647e-05 1.048916012470652330e-04 1.473344819943055205e-04 -1.227656865188698392e-03 3.013001982515747107e-03 -1.854448310334517384e-04 1.238292801660254450e-03 -5.622021415209070592e-06 -6.423710063704955403e-10 -7.220921154103276409e-05 2.112747233436211222e-03 2.120674274290490706e-08 3.720453086366769507e-03 8.182736776174353113e-05 3.986299563272839455e-05 -3.033792933591645058e-07 -6.083637072157568795e-04 1.511128061168159713e-04 1.934439587672081201e-05 1.482044602634448489e-04 1.271945676473994449e-05 7.799031945041305923e-07 5.849338373881066014e-04 1.704571851535370449e-05 3.494418782522964602e-08 -2.869091206065181572e-06 -2.254158141124304546e-03 -2.830951393336025434e-05 4.673423422791147044e-05 -2.538865191795687499e-06 -3.911164692258268986e-07 -2.453821308495452354e-07 -5.061162137045503571e-06
