par.Ct_1S0np.scale  =   0.001263570493384
par.Ct_1S0pp.scale  =   0.001261315697725
par.C_1S0.scale     =   0.030974597917040
par.Ct_3S1.scale    =   0.002000781802279
par.C_3S1.scale     =   0.032061511925142
par.C_3S1-3D1.scale =   0.019338945275319
par.C_3P0.scale     =   0.022660953818786
par.C_1P1.scale     =   0.033289384416040
par.C_3P1.scale     =   0.021209829175206
par.C_3P2.scale     =   0.019834120293132
par.Ct_1S0nn.scale  =   0.001262160984601
par.c_D.scale       =   0.059011390475722
par.c_E.scale       =   0.009694484750277
par.c1.scale        =   0.188892422750802
par.c3.scale        =   0.090923236441746
par.c4.scale        =   0.141055959309325
par.c2.scale        =   0.622813990710154
par.d1+d2.scale     =   0.089130269851862
par.d3.scale        =   0.129754064975147
par.d5.scale        =   0.095599988495612
par.d14-d15.scale   =   0.156923630957988
par.e14.scale       =   0.445206178542279
par.e15.scale       =   1.412291422748107
par.e16.scale       =   2.413516022309742
par.e17.scale       =   0.663286507543160
par.e18.scale       =   0.914041172087138
