theo_error.scale_from_amplitudes = yes
scaling_form = 1
eft_nu = 4.0
eft_C = 1.0237
eft_nu.piN = 5.0
eft_C.piN = 3.6305
residual_list.load = no
residual_list.load.prefix = N2LOsim-600-158.theo
eft_C = 3.56944166123867035
eft_C.piN = 3.64584527909755707
eft_C = 2.47135140001773834
eft_C.piN = 3.66327278316020966
eft_C = 2.41871334612369537
eft_C.piN = 3.66526268422603607
eft_C = 2.39021487534046173
eft_C.piN = 3.66249434649944305
