4.103442717214263144e-06 4.099365062382948447e-06 9.529974850120305886e-05 4.067223340105834397e-06 9.565843678463493429e-05 2.876436444309780872e-06 -6.107944888503777196e-05 -6.012224265930798961e-05 -6.385898956934997646e-05 -6.192233026389761799e-05 4.087831019548835032e-06 8.443746096325379226e-05 2.146582985678658809e-06 6.075825730797952727e-04 2.135095533598399022e-03 -2.731059993821575906e-04 2.372497949083455932e-05 8.701282253656500930e-05 -1.422265482129404465e-04 4.379576795675412724e-05 -7.521026898165322815e-05 -7.732611698237990341e-05 3.380267866720880563e-03 -8.313689042238347343e-03 3.935095648946890798e-04 -3.646734367904156142e-04 1.426157139818054314e-06 4.451253947722344511e-11 -1.847176825659649918e-05 -1.909510161247467034e-06 -2.624091497696212499e-09 -8.069356501842997356e-05 1.672888624225938627e-09 -5.214630374555459830e-08 -7.479299180983732896e-08 -1.560126790362809289e-06 -1.034458184161100972e-08 4.929273631284519349e-07 -1.338725304804254008e-07 5.577510822310319246e-07 2.602893896483805242e-10 -8.600797034916560723e-05 -6.650230370722485360e-07 2.116073473203238641e-07 -9.515373102666967329e-07 4.810844509576742354e-06 -8.339882390107642899e-07 -3.172846624724871389e-05 -1.475525740792517784e-06 1.569274035730588888e-06 3.364999881096029251e-07 1.446116441378047829e-05
4.099365062382948447e-06 4.096632797723825386e-06 9.534015240051644700e-05 4.068999029312934732e-06 9.563191630046634947e-05 2.910074897029328715e-06 -6.109123092924769057e-05 -6.005961380537425310e-05 -6.379904757056303866e-05 -6.189201722311783922e-05 4.085018469894137123e-06 8.428816618470369698e-05 2.105771456515772791e-06 6.074063550720333040e-04 2.134462945408374581e-03 -2.730132286261689506e-04 2.414461061041715291e-05 8.720822105160968402e-05 -1.422896077683871642e-04 4.372228586413515108e-05 -7.535634866928395755e-05 -7.750195390553914166e-05 3.379613741971341200e-03 -8.311381612861757501e-03 3.935179161930211014e-04 -3.666118975526095778e-04 1.416876676920510122e-06 3.947246376827348214e-11 -1.806878526956297827e-05 -1.261461117919224503e-06 -2.830574095725786281e-09 -8.170215887581078011e-05 1.554772882614979519e-09 -5.569470477290231285e-08 -7.459770829685482308e-08 -1.457303915618109290e-06 -1.029774054452215503e-08 4.907978423261460472e-07 -1.341368089393022020e-07 5.589198447435913196e-07 2.607595050822333381e-10 -8.593940817448489865e-05 -6.656758345820220051e-07 2.063145016490968534e-07 -9.219137488282683269e-07 1.066327195084416927e-06 -8.422327134581080681e-07 -3.150921033108054786e-05 -1.438148249471534399e-06 1.568608162963717313e-06 3.366525241352229180e-07 1.445631527714542647e-05
9.529974850120305886e-05 9.534015240051644700e-05 2.361383881571318434e-03 9.630784489711018571e-05 2.359093972304647426e-03 1.623487525951228705e-04 -1.405671890380555573e-03 -1.350956249971393356e-03 -1.515740367435792959e-03 -1.457095119919890039e-03 9.506822950050489564e-05 1.778380023463638129e-03 -1.745037836820866923e-05 1.426332948538958784e-02 5.030085806317133312e-02 -6.574712662463771257e-03 1.521496606351076340e-03 2.595484333791136990e-03 -3.637665575196937385e-03 8.992198994010339392e-04 -2.208271240132272939e-03 -2.235468732541865712e-03 8.115700429196263943e-02 -1.965916875261091157e-01 9.658049811293017289e-03 -1.328565031649973048e-02 9.376373172977182322e-06 9.735605888746170940e-11 -3.537240170889831455e-04 -4.270309850512673166e-05 -5.207490802215227919e-08 -4.001195849051519121e-03 3.396331164162738574e-08 -1.272540607116905069e-06 -1.795914974231741368e-06 5.788377960472675067e-05 -2.007815708883972779e-07 9.585361322883658483e-06 -3.254050421987250295e-06 1.357655225712452029e-05 6.327133716448955273e-09 -2.072375600012035281e-03 -2.024805289586406007e-05 -6.169160952920620595e-07 1.042943741102367279e-06 -7.125021755909589851e-05 2.813083465408165971e-06 -6.079664967039374607e-04 -7.181812883038123935e-06 3.678077798335279910e-05 8.560333029241888337e-06 3.389763839406032702e-04
4.067223340105834397e-06 4.068999029312934732e-06 9.630784489711018571e-05 5.302035552951696170e-06 8.990159565028552980e-05 -6.249276489574252956e-06 -6.176937858030496066e-05 -7.036553243631158729e-05 -6.311071820590518624e-05 -6.319976090243775333e-05 4.051196289746795754e-06 9.020595850637331962e-05 2.726109805372667317e-06 6.026655471708188038e-04 2.128764660171211104e-03 -2.811149519702176133e-04 1.254952706135193763e-05 8.336578662007285666e-05 -1.415897460830499032e-04 4.544095364888455012e-05 -7.348137698158502392e-05 -7.016209561879277403e-05 3.398702377779718505e-03 -8.304184229424152464e-03 3.944543629637606384e-04 -3.142573338988947224e-04 8.679110902992618002e-07 -6.954381648895883764e-12 -1.907806320622418598e-05 -1.420182370636311915e-05 1.473308124842988934e-08 -2.012471122844077843e-04 8.715793193272135106e-09 -2.445256080480492503e-07 8.882046369482828268e-07 6.432508988018987076e-05 -8.753342036337920754e-09 4.367079374608275124e-07 -1.798065328000557982e-07 7.549905388051026514e-07 3.605511846784858211e-10 -8.102231030664416096e-05 -1.821812031243807305e-07 1.018634938887507942e-07 -4.939824764174957787e-07 -7.796051045426281154e-06 -4.863533156833242081e-07 -4.278131889269750894e-05 -1.168851940634561175e-06 1.583248650646396907e-06 3.321745907390507684e-07 1.441052720273872764e-05
9.565843678463493429e-05 9.563191630046634947e-05 2.359093972304647426e-03 8.990159565028552980e-05 2.403397180883955642e-03 2.122329766553846279e-04 -1.394337918353316837e-03 -1.296144613332729381e-03 -1.524632328328995659e-03 -1.450281954658030892e-03 9.539861463381837958e-05 1.742219350417137077e-03 -2.895075230887827499e-05 1.429607395336122098e-02 5.036227989553829915e-02 -6.539184222215886286e-03 1.641294392581944556e-03 2.648586039581604570e-03 -3.659245287176402656e-03 8.826449126681941947e-04 -2.243893893080272772e-03 -2.301475836605353011e-03 8.117464175261024373e-02 -1.967839204383267648e-01 9.678993533229977853e-03 -1.384897145888855201e-02 1.431087061876024129e-05 8.638695876964782553e-10 -3.786428308253838031e-04 6.990637397885860068e-05 -1.138620520219703348e-07 -3.359328135366461063e-03 -4.325996781292896987e-08 9.668557444729260065e-07 -6.105839924130138601e-06 -2.486841537070027391e-04 -2.312727827294806154e-07 1.087912347564331165e-05 -3.148350730741684071e-06 1.307807512190366308e-05 6.119682656396392589e-09 -2.091558233777785197e-03 -2.193388965552596725e-05 3.855661018891009664e-07 -3.031152715095346670e-06 4.462384407574923313e-05 -5.223467638081113326e-07 -5.726860039450987899e-04 -1.122635666416586866e-05 3.670673475190438297e-05 8.625186452983650472e-06 3.393405126911857705e-04
2.876436444309780872e-06 2.910074897029328715e-06 1.623487525951228705e-04 -6.249276489574252956e-06 2.122329766553846279e-04 2.213595621636361640e-04 3.468627076692035920e-05 1.704348558578376864e-04 -8.206332440612747994e-05 4.266690721486262835e-06 3.018290090581238051e-06 -3.816177685502948050e-04 -8.556566529997098279e-05 5.977283863716695289e-04 1.879720908804458426e-03 -5.931123869468916520e-05 1.482651292616271469e-03 7.952815634922332389e-04 -4.439733284203630208e-04 -1.720459806517212961e-04 -5.955455749354727699e-04 -7.780860550366332272e-04 3.546960212627409213e-03 -7.535916777494453510e-03 6.859378396060849224e-04 -7.267593612365607150e-03 -4.423881958247752155e-06 1.523771459872990648e-09 1.353331156851901736e-04 2.463515475138791644e-05 -2.602263615949848236e-07 -3.124804867273599414e-03 1.106391481454606204e-08 -5.468678328460666909e-07 -9.692297103033991129e-06 -4.916751314464734004e-04 1.386998022075445533e-07 -6.610022665660288207e-06 1.488651016531705463e-06 -6.154304402486695151e-06 -3.259707520296221465e-09 -5.410922105054550972e-05 -1.676120143561325688e-05 -2.006575530112156000e-06 8.320570052781764615e-06 -6.370507512511308103e-05 7.816737933688031642e-06 2.789025654300831061e-04 1.363733815925799597e-05 4.719705867236940630e-07 1.106966910931102641e-06 1.116796127968523302e-05
-6.107944888503777196e-05 -6.109123092924769057e-05 -1.405671890380555573e-03 -6.176937858030496066e-05 -1.394337918353316837e-03 3.468627076692035920e-05 1.049570590589825412e-03 9.596504103377562211e-04 9.112619372957614199e-04 9.545678205932715257e-04 -6.084223667351595439e-05 -1.481317630961556013e-03 -5.900586531424897396e-05 -9.033148973480585597e-03 -3.188174931957935693e-02 4.191046088412847710e-03 3.042528447640254147e-04 -9.842614361695342477e-04 1.989459568905926120e-03 -7.495826769854456147e-04 8.951962460585769551e-04 8.283018792319932384e-04 -5.035592785202192001e-02 1.241151445757618099e-01 -5.742803523448960709e-03 2.330487399742399782e-03 -1.385989315969469950e-05 5.577041500880048278e-09 3.144168577312411554e-04 -6.628624656658733310e-06 3.620683322358499680e-07 -1.260951716923054515e-03 5.799759432260843001e-09 -1.736992470100788932e-07 -7.745320880155831745e-07 -2.413884656267098239e-05 2.580533351457675267e-07 -1.219435194699682357e-05 3.056025015621436573e-06 -1.267936649662692604e-05 -6.153743143930654963e-09 1.385065927327095098e-03 2.935754202759163030e-06 -2.042947133643904853e-06 9.437068499395601662e-06 -3.913720669771576858e-05 6.928671068737119325e-06 5.474775203678750816e-04 1.748827153709350260e-05 -2.389192305196478046e-05 -4.671404725960620021e-06 -2.165591307687057170e-04
-6.012224265930798961e-05 -6.005961380537425310e-05 -1.350956249971393356e-03 -7.036553243631158729e-05 -1.296144613332729381e-03 1.704348558578376864e-04 9.596504103377562211e-04 1.357727593630099483e-03 9.256178532063997350e-04 9.822815633283039222e-04 -5.976691390998617150e-05 -1.692963599411054666e-03 -9.555610021336803119e-05 -8.708005290414188790e-03 -3.104460707047123486e-02 4.330964565049210194e-03 9.831718476126401467e-04 -6.665651759510042400e-04 1.836304160467623105e-03 -8.327443838833629855e-04 6.786645191893540992e-04 4.387800371217524462e-04 -4.949176527751811272e-02 1.211263053794656430e-01 -5.536372339944512985e-03 -9.188447375548247642e-04 -1.888738323852424581e-05 -2.622361535914264474e-10 5.504255973123087751e-04 7.178331520943259810e-05 -3.828954344074203871e-07 4.034247921685673449e-03 -3.807138381046232315e-08 1.141257737002901816e-06 -9.229527815322199577e-06 -5.389716544785378392e-04 2.796959907420577276e-07 -1.344410607616839626e-05 3.776490775751368479e-06 -1.571088694034272759e-05 -7.718654022770846329e-09 1.300084888487034991e-03 -7.137923681961399038e-06 -3.905769815776839569e-06 1.703363397351536550e-05 3.865916009418464411e-05 1.721166637756580721e-05 8.132581167614521492e-04 3.140893552346327058e-05 -2.395154630705492721e-05 -4.230489083842576582e-06 -2.111725936440379293e-04
-6.385898956934997646e-05 -6.379904757056303866e-05 -1.515740367435792959e-03 -6.311071820590518624e-05 -1.524632328328995659e-03 -8.206332440612747994e-05 9.112619372957614199e-04 9.256178532063997350e-04 1.053009080115317308e-03 9.645983349810263122e-04 -6.364274214679108209e-05 -1.235278072080278622e-03 -8.070052813882420148e-06 -9.462850573630030709e-03 -3.330083793442362161e-02 4.296940776857769047e-03 -6.957913302228338525e-04 -1.538906008089777804e-03 2.312363231350535956e-03 -6.379721986866992512e-04 1.317269743773325733e-03 1.348186602691698981e-03 -5.319128287783661535e-02 1.298912298831889356e-01 -6.262152011445159053e-03 7.271710027357495415e-03 -1.891533516628015430e-05 -3.649966200735755637e-09 4.613166950801975814e-04 3.148511387934108444e-05 1.804082739551966931e-08 3.116817342993352495e-03 -3.884502988919004909e-08 1.365139693434355695e-06 1.935204034463524103e-06 3.565513724966932894e-05 1.229565310699794267e-07 -5.915397196071446947e-06 1.823911124020359846e-06 -7.620183198796851056e-06 -3.488755140151736066e-09 1.331333766981034972e-03 1.284852126707517339e-05 -2.739665030148646439e-06 1.254085148588204564e-05 6.409614935665338531e-06 1.207227486455789137e-05 4.734573630419306551e-04 2.061606455428789360e-05 -2.439541041512511906e-05 -5.458580434027018332e-06 -2.249956732141020557e-04
-6.192233026389761799e-05 -6.189201722311783922e-05 -1.457095119919890039e-03 -6.319976090243775333e-05 -1.450281954658030892e-03 4.266690721486262835e-06 9.545678205932715257e-04 9.822815633283039222e-04 9.645983349810263122e-04 9.718819628041412782e-04 -6.167292519244792399e-05 -1.426983769828231484e-03 -4.720969327521831505e-05 -9.132577909011901571e-03 -3.232109773671305170e-02 4.318587527589720643e-03 -2.406920954208218843e-05 -1.192186567014570740e-03 2.122289904497603411e-03 -7.146161896521454997e-04 1.065454012090592166e-03 9.782487188918086336e-04 -5.166880760327059036e-02 1.261252057467641963e-01 -5.969119645063546142e-03 3.994042193299539301e-03 -1.364090560656508991e-05 2.321939675783452172e-10 3.549990564576609685e-04 3.896047954205859228e-06 -9.450108457742590108e-08 2.481405769428333442e-04 -3.623405848685853117e-09 1.690505680757587764e-07 -9.351761309390359496e-07 -7.242892101440995267e-05 2.225718364012246875e-07 -1.056472747007025096e-05 2.847407420156158851e-06 -1.182864350063369537e-05 -5.706737746801617849e-09 1.361231333465265890e-03 4.604397314207696410e-06 -1.922812802935527664e-06 8.952985311093040910e-06 -2.190337263182864274e-05 7.570210285220375842e-06 5.562884015351839519e-04 1.786735995709154873e-05 -2.418898962136956506e-05 -4.962420063886717876e-06 -2.188949562055551336e-04
4.087831019548835032e-06 4.085018469894137123e-06 9.506822950050489564e-05 4.051196289746795754e-06 9.539861463381837958e-05 3.018290090581238051e-06 -6.084223667351595439e-05 -5.976691390998617150e-05 -6.364274214679108209e-05 -6.167292519244792399e-05 4.216121511208761393e-06 8.326205391172071286e-05 4.401349355299598198e-06 6.056949948594232951e-04 2.128247868860367979e-03 -2.720548513625394753e-04 2.476809558868316231e-05 8.727384081843218920e-05 -1.420036194089070074e-04 4.349319685395509156e-05 -7.536198285688540941e-05 -7.762930798596345871e-05 3.369702776879866021e-03 -8.287108791833357191e-03 3.924843968511366066e-04 -3.688056180523518546e-04 1.425349854686048553e-06 4.252951537732035437e-11 -1.805565897026357867e-05 -1.269141004447245609e-06 -2.928807995084772988e-09 -8.358748995229231754e-05 1.626874802489874511e-09 -5.689231808808157276e-08 -8.079914744938315085e-08 -1.794112617488688492e-06 8.601631045918866220e-06 7.722887885538970653e-07 -4.245634152005378515e-06 9.181313200517135324e-08 1.544299936345477459e-09 -8.979068698841203211e-05 -9.046813881822457338e-07 2.079618914597238975e-07 -9.282746136586319531e-07 1.064864151770870753e-06 -8.503249409590895629e-07 3.023605739590323727e-04 4.337227701084766993e-06 1.563487065106221029e-06 3.360275862550850343e-07 1.441368399270417334e-05
8.443746096325379226e-05 8.428816618470369698e-05 1.778380023463638129e-03 9.020595850637331962e-05 1.742219350417137077e-03 -3.816177685502948050e-04 -1.481317630961556013e-03 -1.692963599411054666e-03 -1.235278072080278622e-03 -1.426983769828231484e-03 8.326205391172071286e-05 3.457064058467477531e-03 2.903766558671318850e-04 1.207632170918352017e-02 4.322092739040410414e-02 -6.167361220769882087e-03 -3.132233168520042431e-03 3.852701307055722904e-05 -2.148039988165000806e-03 1.411530219822491839e-03 -2.789660492395020820e-04 2.289335509184538264e-04 6.785853122012053262e-02 -1.681908547587819824e-01 7.247361306038552914e-03 9.696723685173241902e-03 3.037021525636430342e-05 -4.034665445053210421e-09 -8.293931953773114353e-04 1.234653377738259832e-04 4.822001770785075897e-07 8.504704265010480657e-03 -1.132681416921796552e-07 3.814552688528871468e-06 1.052945209003270924e-05 3.449858288616988039e-04 -2.559309503685945554e-05 3.328963009246212597e-05 1.192440654694473094e-05 3.368390937418685614e-05 -2.621551955764576573e-05 -1.992126067686711150e-03 2.981533322908406459e-05 7.362355935014944992e-06 -3.201143003127334265e-05 2.647363234607841525e-04 -2.790114991220043022e-05 -2.527687704562251673e-03 -7.586856370795299633e-05 3.431593872519289411e-05 4.881001741343926513e-06 2.960981395871814504e-04
2.146582985678658809e-06 2.105771456515772791e-06 -1.745037836820866923e-05 2.726109805372667317e-06 -2.895075230887827499e-05 -8.556566529997098279e-05 -5.900586531424897396e-05 -9.555610021336803119e-05 -8.070052813882420148e-06 -4.720969327521831505e-05 4.401349355299598198e-06 2.903766558671318850e-04 1.784738794017289108e-04 2.300049685796196010e-04 8.478230563731053385e-04 -1.423136176103784525e-04 -7.756530837786597453e-04 -3.690733191497831342e-04 1.335200295724995961e-04 1.290085199502765821e-04 2.758566112793874015e-04 3.374934301500543722e-04 7.561756914315473149e-04 -3.041866425590411278e-03 -6.604150930726888501e-05 3.615286503972967632e-03 7.941870512685528230e-06 -2.869422537620214970e-10 -3.548079842212742299e-05 -3.218828691437940507e-05 1.127853514674571447e-07 2.175121868009659721e-03 7.504107760162312854e-08 -3.029602026359919878e-07 1.173967888131314338e-06 5.076567847152081974e-06 -2.221758384750160196e-06 -4.068143125446419091e-06 -2.030966021286942846e-04 -2.041850683379222393e-05 -2.439881239286473692e-06 -7.845823758304286584e-04 -1.273692845323601362e-05 1.936491168446640632e-06 -7.812372137558162510e-06 9.935091827830521804e-05 -6.731827886755191928e-06 5.352317158207345327e-03 8.459102748632905315e-05 1.011831501870805794e-06 -3.259169620698024372e-07 6.749401522453761832e-06
6.075825730797952727e-04 6.074063550720333040e-04 1.426332948538958784e-02 6.026655471708188038e-04 1.429607395336122098e-02 5.977283863716695289e-04 -9.033148973480585597e-03 -8.708005290414188790e-03 -9.462850573630030709e-03 -9.132577909011901571e-03 6.056949948594232951e-04 1.207632170918352017e-02 2.300049685796196010e-04 9.036586438027095769e-02 3.172618228024013387e-01 -4.034395573865597051e-02 5.025372675371233937e-03 1.365255661218655985e-02 -2.144564575657144714e-02 6.290442385121575511e-03 -1.170136653681686650e-02 -1.222952152112308233e-02 5.026433464287606290e-01 -1.235467028716125792e+00 5.878864471634145938e-02 -6.129234733509329736e-02 1.853355850732102709e-04 3.227046193962447138e-09 -2.218454865279626074e-03 -2.404657242783939694e-04 -7.541411856747051652e-07 -1.457007043054638420e-02 2.606048097395012860e-07 -9.355276627980843029e-06 -1.448773254136790579e-05 -2.851082011025801266e-04 -1.398480281073490034e-06 6.670431327480349528e-05 -1.906237464486670586e-05 7.951038688526347977e-05 3.680700122599442242e-08 -1.275450180570852042e-02 -1.117468962752813521e-04 2.428360256404534282e-05 -1.122921731391088459e-04 -1.081858948330848360e-05 -9.924222336404307798e-05 -4.345674619358076869e-03 -1.798110543339247192e-04 2.321690036980585483e-04 5.081391617967849896e-05 2.147371273062872142e-03
2.135095533598399022e-03 2.134462945408374581e-03 5.030085806317133312e-02 2.128764660171211104e-03 5.036227989553829915e-02 1.879720908804458426e-03 -3.188174931957935693e-02 -3.104460707047123486e-02 -3.330083793442362161e-02 -3.232109773671305170e-02 2.128247868860367979e-03 4.322092739040410414e-02 8.478230563731053385e-04 3.172618228024013387e-01 1.130910150378768630e+00 -1.431078446145040706e-01 1.631781706969933840e-02 4.490194246418432317e-02 -6.828310053423558568e-02 1.933457606236211809e-02 -4.265267270163144303e-02 1.998938031628405554e-02 1.656188735926480859e+00 -4.371482864665182433e+00 1.353549960368293226e-01 -1.648438523463687244e-01 6.032637497048810079e-04 8.854596258291440138e-09 -8.534780292832767207e-03 -7.508850918740111839e-04 -1.754350325370705449e-06 -4.795178683815376486e-02 7.973514912954660413e-07 -2.886034009932723882e-05 -3.849254435144216726e-05 -3.616765760826451404e-04 -5.267660923645039519e-06 2.510323291314409512e-04 -7.156745920072363025e-05 2.982857268207681975e-04 1.392412361085396009e-07 -4.519698906576863351e-02 -3.638910556256851861e-04 7.754109388663737827e-05 -3.607412922706925459e-04 -6.329038098282788530e-07 -3.154965989003362956e-04 -1.574062439914704348e-02 -6.056943008104218647e-04 7.366508181955122537e-04 1.899119653749068771e-04 8.919473525524817051e-03
-2.731059993821575906e-04 -2.730132286261689506e-04 -6.574712662463771257e-03 -2.811149519702176133e-04 -6.539184222215886286e-03 -5.931123869468916520e-05 4.191046088412847710e-03 4.330964565049210194e-03 4.296940776857769047e-03 4.318587527589720643e-03 -2.720548513625394753e-04 -6.167361220769882087e-03 -1.423136176103784525e-04 -4.034395573865597051e-02 -1.431078446145040706e-01 1.937937719562125155e-02 -9.758723289594135528e-04 -5.807781048576423841e-03 9.694833508919897466e-03 -3.047458561081212158e-03 5.155897002249108449e-03 4.677909209593883108e-03 -2.307246055530171036e-01 5.593974317663494844e-01 -2.686180925734726194e-02 2.198440383631952710e-02 -3.881251021884351378e-05 8.941912148418467118e-10 1.688207915587687860e-03 1.975539417734595551e-05 -4.980184715807341739e-07 3.435971957312320031e-03 -6.262345730381979386e-09 4.453698257046808259e-07 -5.122843779709478174e-06 -4.690993531220585063e-04 9.607936856471865772e-07 -4.561785327139810498e-05 1.286020026714209183e-05 -5.342793080868631485e-05 -2.581868386796984410e-08 6.084444450634416551e-03 2.312255226638008462e-05 -3.727029203583202735e-06 1.923108485512647832e-05 -3.194850774911047007e-05 1.391937571297423111e-05 2.395679451510117873e-03 5.684010748439218669e-05 -1.071362153895312014e-04 -2.259332180250790494e-05 -9.673046171543980007e-04
2.372497949083455932e-05 2.414461061041715291e-05 1.521496606351076340e-03 1.254952706135193763e-05 1.641294392581944556e-03 1.482651292616271469e-03 3.042528447640254147e-04 9.831718476126401467e-04 -6.957913302228338525e-04 -2.406920954208218843e-05 2.476809558868316231e-05 -3.132233168520042431e-03 -7.756530837786597453e-04 5.025372675371233937e-03 1.631781706969933840e-02 -9.758723289594135528e-04 1.296144440354471232e-02 7.079741491773088036e-03 -4.013873730836851374e-03 -1.495469502958375174e-03 -5.362318316206740945e-03 -6.700788315265149980e-03 3.290723650594283567e-02 -6.649796304878310971e-02 6.273264051786582585e-03 -6.373843565454689886e-02 -6.740997501644823971e-05 1.184005989300472518e-08 1.128380934338111445e-03 -2.786675392335529041e-04 -1.253247343795179733e-06 -3.401714794985569862e-02 2.513410179299530880e-07 -8.946558000114622331e-06 -2.915800710818801180e-05 -5.255582962951474597e-04 1.202047882842633816e-06 -5.651328155410483857e-05 9.822440897194044011e-06 -4.031347137714471322e-05 -2.143495255748835719e-08 -1.929510931814771993e-04 -1.182142792043635308e-04 -2.346603828141888970e-05 9.779631632031686049e-05 -7.533346321164645669e-04 9.188220044423260841e-05 1.799645478999139722e-03 1.346747146030513121e-04 4.784235635186300303e-06 9.839438172735835475e-06 9.560610749286059290e-05
8.701282253656500930e-05 8.720822105160968402e-05 2.595484333791136990e-03 8.336578662007285666e-05 2.648586039581604570e-03 7.952815634922332389e-04 -9.842614361695342477e-04 -6.665651759510042400e-04 -1.538906008089777804e-03 -1.192186567014570740e-03 8.727384081843218920e-05 3.852701307055722904e-05 -3.690733191497831342e-04 1.365255661218655985e-02 4.490194246418432317e-02 -5.807781048576423841e-03 7.079741491773088036e-03 1.047733087245382270e-02 -1.140308626930064406e-02 1.166743132100073318e-03 -3.322853634059329958e-03 -1.935439620212044132e-02 1.044225656200777480e-01 -1.836080653583901379e-01 6.743921863417642881e-04 -2.178593616267787691e-02 -2.507870813822814642e-05 5.974531785431759779e-09 1.297789436903976253e-04 -1.515986908291163998e-04 -5.196051330620146230e-07 -1.882059556734471187e-02 1.334356176772368995e-07 -4.811249343493733538e-06 -1.388919592820862463e-05 -1.457450388384372080e-04 3.686982556729440480e-07 -1.721199357157678729e-05 1.638539933877473593e-06 -6.548072143243167378e-06 -4.188881551491826637e-09 -1.763574970099471197e-03 -6.838084129088961983e-05 -1.136199832208687876e-05 4.634851489797214342e-05 -3.874593860577951526e-04 4.468397181790897477e-05 2.910223060582019412e-04 5.545424810193491259e-05 8.638460780281123283e-05 -1.679062514418844997e-05 3.830738573935510102e-05
-1.422265482129404465e-04 -1.422896077683871642e-04 -3.637665575196937385e-03 -1.415897460830499032e-04 -3.659245287176402656e-03 -4.439733284203630208e-04 1.989459568905926120e-03 1.836304160467623105e-03 2.312363231350535956e-03 2.122289904497603411e-03 -1.420036194089070074e-04 -2.148039988165000806e-03 1.335200295724995961e-04 -2.144564575657144714e-02 -6.828310053423558568e-02 9.694833508919897466e-03 -4.013873730836851374e-03 -1.140308626930064406e-02 5.062753118834081162e-02 -2.803963067125441605e-02 9.283125456883787457e-03 4.243401630883008452e-02 -1.881617986798837516e-01 2.858435637405373209e-01 -6.121341243223003825e-02 4.794052135924239955e-02 -9.931083408844996297e-06 -2.980727305083512354e-09 4.337016100456293961e-04 9.627931841748923873e-05 2.170472029843372687e-07 1.092627128423028643e-02 -8.651783488621744669e-08 3.157951478396515227e-06 6.906106676221316909e-06 4.191006333038410593e-06 1.147866877178675004e-07 -5.616449783623391669e-06 3.160644748620057316e-06 -1.328159428666491477e-05 -5.793626713364767665e-09 3.021815928511733824e-03 4.638638617035800596e-05 2.868984465528935073e-06 -9.888302823551420586e-06 1.824943625411357617e-04 -1.112617734334765870e-05 6.587507906936224946e-04 -1.800475159991695324e-06 -7.785515785846462786e-04 2.314021317372954884e-05 1.161400112088418774e-03
4.379576795675412724e-05 4.372228586413515108e-05 8.992198994010339392e-04 4.544095364888455012e-05 8.826449126681941947e-04 -1.720459806517212961e-04 -7.495826769854456147e-04 -8.327443838833629855e-04 -6.379721986866992512e-04 -7.146161896521454997e-04 4.349319685395509156e-05 1.411530219822491839e-03 1.290085199502765821e-04 6.290442385121575511e-03 1.933457606236211809e-02 -3.047458561081212158e-03 -1.495469502958375174e-03 1.166743132100073318e-03 -2.803963067125441605e-02 1.909311758013448185e-02 -3.487918480338048424e-03 -1.392797122241837791e-02 5.781395556404334696e-02 -8.056395790906079046e-02 3.726356999594265806e-02 -1.765803604126997550e-02 2.193399150650444102e-05 -1.523503388991738557e-09 -3.617695668963708954e-04 2.455117084740121103e-05 1.551648123023140591e-07 3.806501814139233355e-03 -2.012496650244290998e-08 7.019975571164686630e-07 3.502326670472606148e-06 7.832492124241934917e-05 -2.927467647471376783e-07 1.383817712318616264e-05 -3.053982234963066335e-06 1.263634596719595940e-05 6.288702860212186229e-09 -9.778839753842322874e-04 9.203105241526656163e-06 4.878995395425868391e-06 -2.113733575965361198e-05 1.070801802733386946e-04 -1.931464607438722849e-05 -6.105967472425399053e-04 -3.189951200793430798e-05 5.139176781299469639e-04 -1.227026437988845426e-05 -7.835357534400258896e-04
-7.521026898165322815e-05 -7.535634866928395755e-05 -2.208271240132272939e-03 -7.348137698158502392e-05 -2.243893893080272772e-03 -5.955455749354727699e-04 8.951962460585769551e-04 6.786645191893540992e-04 1.317269743773325733e-03 1.065454012090592166e-03 -7.536198285688540941e-05 -2.789660492395020820e-04 2.758566112793874015e-04 -1.170136653681686650e-02 -4.265267270163144303e-02 5.155897002249108449e-03 -5.362318316206740945e-03 -3.322853634059329958e-03 9.283125456883787457e-03 -3.487918480338048424e-03 7.360292995199819999e-02 -2.242584108296218071e-03 -5.530203682170140717e-02 1.616197946998444712e-01 -1.656061280050185325e-01 1.922066103324131803e-01 2.165358741794841101e-05 -4.370495160160405315e-09 8.071074240313615058e-06 1.098753601667078601e-04 3.160679569418397511e-07 1.430495409874118704e-02 -9.369454527918353852e-08 3.404294211985694386e-06 9.567371995958591664e-06 4.925933232216632386e-05 -2.267171904288924119e-07 1.055006916946360938e-05 -5.160206153945781673e-07 1.956191845669787033e-06 1.673354888931383858e-09 1.569616278750602268e-03 5.102627669609325223e-05 9.189457410472203234e-06 -3.751731377901110210e-05 2.935393970576089017e-04 -3.635792684822345962e-05 -1.140466115981932311e-04 -4.276579279394529401e-05 -7.684609912284078373e-06 -1.949467763311161866e-04 -1.375906226786714716e-04
-7.732611698237990341e-05 -7.750195390553914166e-05 -2.235468732541865712e-03 -7.016209561879277403e-05 -2.301475836605353011e-03 -7.780860550366332272e-04 8.283018792319932384e-04 4.387800371217524462e-04 1.348186602691698981e-03 9.782487188918086336e-04 -7.762930798596345871e-05 2.289335509184538264e-04 3.374934301500543722e-04 -1.222952152112308233e-02 1.998938031628405554e-02 4.677909209593883108e-03 -6.700788315265149980e-03 -1.935439620212044132e-02 4.243401630883008452e-02 -1.392797122241837791e-02 -2.242584108296218071e-03 8.027110322459243275e-01 -1.655952348864950796e+00 6.066802488299116725e-01 -6.089818036229450726e-01 3.982449605960834416e-01 4.309212494995817645e-06 -6.142248526816288351e-09 -3.771505759722641651e-04 1.673565793103597350e-04 7.807036483718040477e-07 1.770021140742208954e-02 -1.602534673475591372e-07 5.685760870668893010e-06 1.669178462587742664e-05 3.597314755233013608e-04 -4.485900933537237003e-07 2.098811487781155108e-05 -3.060107016435177337e-06 1.243084456749130203e-05 7.188334023605053133e-09 1.431835688244838950e-03 7.055449530529309327e-05 7.102346695065079490e-06 -2.820092072448616288e-05 3.532362436283277888e-04 -2.698580296376375763e-05 -4.174903251305795392e-04 -3.884771611960993027e-05 -2.178225426834829522e-04 -3.185422903370807666e-04 5.048493538322896060e-03
3.380267866720880563e-03 3.379613741971341200e-03 8.115700429196263943e-02 3.398702377779718505e-03 8.117464175261024373e-02 3.546960212627409213e-03 -5.035592785202192001e-02 -4.949176527751811272e-02 -5.319128287783661535e-02 -5.166880760327059036e-02 3.369702776879866021e-03 6.785853122012053262e-02 7.561756914315473149e-04 5.026433464287606290e-01 1.656188735926480859e+00 -2.307246055530171036e-01 3.290723650594283567e-02 1.044225656200777480e-01 -1.881617986798837516e-01 5.781395556404334696e-02 -5.530203682170140717e-02 -1.655952348864950796e+00 6.014511445038465354e+00 -7.855696235975204722e+00 1.591668680712442274e+00 -1.154168399585352445e+00 7.166703683223352855e-04 1.608518808751776532e-08 -1.499491250741412894e-02 -1.105815461946410821e-03 -7.497722587350258183e-07 -9.539217033449917671e-02 1.067656756951478467e-06 -3.946655123614493048e-05 -4.358173492048574319e-05 1.209794237910458625e-03 -8.423628856689897089e-06 4.014078256055855797e-04 -1.196894850628957188e-04 4.986810283210806743e-04 2.342060975444348811e-07 -7.260176401526778622e-02 -5.798308214981759455e-04 7.269469939910563905e-05 -3.571843259604545111e-04 -5.654532817612642178e-04 -2.936594151634993244e-04 -2.475537780477179289e-02 -7.355577922183520814e-04 1.500315555297204815e-03 9.789546888979252289e-04 2.364608307749631582e-03
-8.313689042238347343e-03 -8.311381612861757501e-03 -1.965916875261091157e-01 -8.304184229424152464e-03 -1.967839204383267648e-01 -7.535916777494453510e-03 1.241151445757618099e-01 1.211263053794656430e-01 1.298912298831889356e-01 1.261252057467641963e-01 -8.287108791833357191e-03 -1.681908547587819824e-01 -3.041866425590411278e-03 -1.235467028716125792e+00 -4.371482864665182433e+00 5.593974317663494844e-01 -6.649796304878310971e-02 -1.836080653583901379e-01 2.858435637405373209e-01 -8.056395790906079046e-02 1.616197946998444712e-01 6.066802488299116725e-01 -7.855696235975204722e+00 1.754019487980199088e+01 -1.069421660655397677e+00 1.009089919149011916e+00 -2.230771050866183543e-03 -3.492792767030263967e-08 3.405552287373193876e-02 2.867317727885509548e-03 5.728957863101392226e-06 1.949524174202051929e-01 -2.992487120665781885e-06 1.087427607788684204e-04 1.395058557886628622e-04 4.686424214200672622e-04 2.061964251665150002e-05 -9.825848034648706954e-04 2.824904217639856484e-04 -1.177270064441562339e-03 -5.504177660981012621e-07 1.765408988367089815e-01 1.412916687443341573e-03 -2.775562006140001132e-04 1.300397276258208812e-03 2.524375842049857068e-04 1.128040361797898140e-03 6.130905398866009354e-02 2.251423114615258916e-03 -2.806823890428820478e-03 -1.111990795337773055e-03 -3.226111927123585799e-02
3.935095648946890798e-04 3.935179161930211014e-04 9.658049811293017289e-03 3.944543629637606384e-04 9.678993533229977853e-03 6.859378396060849224e-04 -5.742803523448960709e-03 -5.536372339944512985e-03 -6.262152011445159053e-03 -5.969119645063546142e-03 3.924843968511366066e-04 7.247361306038552914e-03 -6.604150930726888501e-05 5.878864471634145938e-02 1.353549960368293226e-01 -2.686180925734726194e-02 6.273264051786582585e-03 6.743921863417642881e-04 -6.121341243223003825e-02 3.726356999594265806e-02 -1.656061280050185325e-01 -6.089818036229450726e-01 1.591668680712442274e+00 -1.069421660655397677e+00 3.173385202731678678e+00 -2.751374527911862877e+00 6.401242030173803039e-05 3.998533712665096554e-09 -1.569328080113780235e-03 -1.742033430298061650e-04 -2.509210589764690571e-07 -1.752927307957549696e-02 1.618763931943027499e-07 -5.950191608191146811e-06 -9.678866568692845473e-06 9.629122866396247005e-05 -7.605185474166497960e-07 3.637540361036607924e-05 -1.223068888380210046e-05 5.106191078928846202e-05 2.357747626490384289e-08 -8.425138834841996299e-03 -8.773666855922926020e-05 2.839117817264913998e-06 -1.793052225575204460e-05 -2.137220979717784064e-04 -1.188291776326418146e-05 -2.529201864905860492e-03 -5.474260322916509069e-05 5.092671106114626855e-04 -7.111949169775104787e-04 -3.648464767394268490e-03
-3.646734367904156142e-04 -3.666118975526095778e-04 -1.328565031649973048e-02 -3.142573338988947224e-04 -1.384897145888855201e-02 -7.267593612365607150e-03 2.330487399742399782e-03 -9.188447375548247642e-04 7.271710027357495415e-03 3.994042193299539301e-03 -3.688056180523518546e-04 9.696723685173241902e-03 3.615286503972967632e-03 -6.129234733509329736e-02 -1.648438523463687244e-01 2.198440383631952710e-02 -6.373843565454689886e-02 -2.178593616267787691e-02 4.794052135924239955e-02 -1.765803604126997550e-02 1.922066103324131803e-01 3.982449605960834416e-01 -1.154168399585352445e+00 1.009089919149011916e+00 -2.751374527911862877e+00 2.778927403481120884e+00 2.711225646524707193e-04 -5.704646274951650088e-08 -4.149643705983448519e-03 1.393102130473663786e-03 5.899513549264486813e-06 1.679835310258610270e-01 -1.258151398021929434e-06 4.491491438967097930e-05 1.401087358069540568e-04 2.331977402056212810e-03 -5.030348814636182917e-06 2.360943915835105240e-04 -3.712907217842708382e-05 1.518215951535743270e-04 8.304877870768020522e-08 6.372265779678806114e-03 6.004245642928569176e-04 1.066180254701544564e-04 -4.404395087628753505e-04 3.608369813539286878e-03 -4.170861908660887735e-04 -6.631344251706825475e-03 -5.861559274830266744e-04 -2.939843233300005326e-04 8.545293730447619954e-04 5.533001939187981791e-04
1.426157139818054314e-06 1.416876676920510122e-06 9.376373172977182322e-06 8.679110902992618002e-07 1.431087061876024129e-05 -4.423881958247752155e-06 -1.385989315969469950e-05 -1.888738323852424581e-05 -1.891533516628015430e-05 -1.364090560656508991e-05 1.425349854686048553e-06 3.037021525636430342e-05 7.941870512685528230e-06 1.853355850732102709e-04 6.032637497048810079e-04 -3.881251021884351378e-05 -6.740997501644823971e-05 -2.507870813822814642e-05 -9.931083408844996297e-06 2.193399150650444102e-05 2.165358741794841101e-05 4.309212494995817645e-06 7.166703683223352855e-04 -2.230771050866183543e-03 6.401242030173803039e-05 2.711225646524707193e-04 9.644930395042511579e-05 2.519866774935470204e-10 -2.245675108692930493e-05 -8.911762568022252098e-07 -3.601627624612055775e-09 1.694378441419750001e-05 5.037198892537107938e-08 -8.792990360354264542e-08 -2.996162265706666373e-07 -2.539608327787513416e-05 4.674513628350143812e-07 -1.513855194816041720e-07 5.783183355699034092e-07 -5.203566416112547356e-07 -2.213213307635192901e-10 -9.156784501684637822e-06 -5.264051186778853239e-07 9.330254979591774177e-06 -4.108199201922448387e-06 2.983859489351892803e-05 -5.082633404667329711e-06 3.524454583915737809e-05 -4.915339323240574086e-06 4.146570012628347559e-07 3.588272058198836521e-08 4.292360269673507613e-06
4.451253947722344511e-11 3.947246376827348214e-11 9.735605888746170940e-11 -6.954381648895883764e-12 8.638695876964782553e-10 1.523771459872990648e-09 5.577041500880048278e-09 -2.622361535914264474e-10 -3.649966200735755637e-09 2.321939675783452172e-10 4.252951537732035437e-11 -4.034665445053210421e-09 -2.869422537620214970e-10 3.227046193962447138e-09 8.854596258291440138e-09 8.941912148418467118e-10 1.184005989300472518e-08 5.974531785431759779e-09 -2.980727305083512354e-09 -1.523503388991738557e-09 -4.370495160160405315e-09 -6.142248526816288351e-09 1.608518808751776532e-08 -3.492792767030263967e-08 3.998533712665096554e-09 -5.704646274951650088e-08 2.519866774935470204e-10 3.623149660842374453e-13 -8.171188630361177749e-09 -8.506251782604495344e-10 1.689230966825389192e-11 -1.034845351589681365e-07 1.143306591390400816e-12 -4.452272468377201958e-11 -5.539901580661532965e-11 -1.910874347563975203e-09 3.131036796856109974e-12 -1.507966472798182654e-10 3.660268035714598695e-11 -1.513571989078591366e-10 -6.921503629492946218e-14 3.915916068730678452e-09 -1.636472164545620552e-10 9.156513846374263981e-11 -4.961015422866915943e-10 4.541602353055892873e-10 -5.711966199936499312e-10 -1.160816037926165424e-09 -5.966699044053696971e-10 -1.699145391843009467e-12 7.689718443677728107e-12 4.891433084477899080e-11
-1.847176825659649918e-05 -1.806878526956297827e-05 -3.537240170889831455e-04 -1.907806320622418598e-05 -3.786428308253838031e-04 1.353331156851901736e-04 3.144168577312411554e-04 5.504255973123087751e-04 4.613166950801975814e-04 3.549990564576609685e-04 -1.805565897026357867e-05 -8.293931953773114353e-04 -3.548079842212742299e-05 -2.218454865279626074e-03 -8.534780292832767207e-03 1.688207915587687860e-03 1.128380934338111445e-03 1.297789436903976253e-04 4.337016100456293961e-04 -3.617695668963708954e-04 8.071074240313615058e-06 -3.771505759722641651e-04 -1.499491250741412894e-02 3.405552287373193876e-02 -1.569328080113780235e-03 -4.149643705983448519e-03 -2.245675108692930493e-05 -8.171188630361177749e-09 1.701879694838029887e-03 -4.495886258169312416e-05 1.415342851491798697e-07 2.509666244605591665e-03 3.033358901463525052e-08 -2.682048240522216544e-07 -3.416891254108881098e-06 -1.124860020122388660e-04 3.179982650054668779e-07 -7.740801582076245338e-06 1.601065515458916693e-06 -5.944701376042775094e-06 -2.271553417309841571e-09 4.302800609463670466e-04 -1.050606907389437958e-05 -7.303075876829404241e-06 2.968701494087104220e-05 -2.017207062014446666e-04 3.328617408670757333e-05 6.083130525904060712e-04 4.587782336465521155e-05 -7.734660750422208612e-06 -8.359941012235419579e-07 -5.794108533303633855e-05
-1.909510161247467034e-06 -1.261461117919224503e-06 -4.270309850512673166e-05 -1.420182370636311915e-05 6.990637397885860068e-05 2.463515475138791644e-05 -6.628624656658733310e-06 7.178331520943259810e-05 3.148511387934108444e-05 3.896047954205859228e-06 -1.269141004447245609e-06 1.234653377738259832e-04 -3.218828691437940507e-05 -2.404657242783939694e-04 -7.508850918740111839e-04 1.975539417734595551e-05 -2.786675392335529041e-04 -1.515986908291163998e-04 9.627931841748923873e-05 2.455117084740121103e-05 1.098753601667078601e-04 1.673565793103597350e-04 -1.105815461946410821e-03 2.867317727885509548e-03 -1.742033430298061650e-04 1.393102130473663786e-03 -8.911762568022252098e-07 -8.506251782604495344e-10 -4.495886258169312416e-05 1.273168356764222200e-03 -2.029208511721202016e-08 4.452120684430562955e-03 1.510428373478046551e-05 1.601499226135048081e-05 -3.592049773059607937e-06 -4.709420058700571716e-04 2.806355882551913564e-05 1.473825184891896110e-05 2.614028700346295074e-05 8.767183757397786097e-06 1.476577619970490113e-07 4.577675107536637381e-05 1.202434460026507665e-05 3.739765108226306264e-07 -2.049069621480419531e-06 -2.272877461423369969e-03 -2.772087252455048996e-05 -5.746293590140020158e-05 -3.465559693323579836e-06 -3.163437690797326931e-07 -2.520182032350926668e-07 -4.907588176144007163e-06
