par.Ct_1S0nn = 0.491583098454708
par.c_D = -0.581207399968818
par.c_E = -0.666635210487111
par.Ct_1S0nn = 0.491473610784519
par.c_D = -1.34635495769597
par.c_E = 5.13116209478048
par.Ct_1S0nn = 0.492339738815447
par.c_D = -1.55063892039561
par.c_E = 5.07445221010528
par.Ct_1S0nn = 0.492339817439214
par.c_D = -1.33393649917386
par.c_E = 5.13941659637590
