par.Ct_1S0np = -0.146422077106651
par.Ct_1S0pp = -0.145450455817858
par.C_1S0 = 2.51211670191203
par.Ct_3S1 = -0.157057582389212
par.C_3S1 = 0.618542697984463
par.C_3S1-3D1 = 0.533028782068824
par.C_3P0 = 1.26060830117753
par.C_1P1 = 0.433479974734329
par.C_3P1 = -0.832549565285547
par.C_3P2 = -0.648824006326999
par.Ct_1S0nn = -0.146408280845076
par.c_D = -0.194646438777864
par.c_E = -0.901235324083123
par.c1 = 0.210441346211094
par.c2 = 5.06400108412955
par.c3 = -3.52432948796130
par.c4 = 3.52308826792978
par.d1+d2 = 5.09569683387837
par.d3 = -4.71664845968303
par.d5 = -0.180909564611922
par.d14-d15 = -10.0586225853511
par.e14 = -0.836250378713167E-01
par.e15 = -9.84905680715658
par.e16 = 0.477827856830669
par.e17 = 1.34804475889999
par.e18 = 0.836384178031268
par.Ct_1S0np = -0.148173733264271
par.Ct_1S0pp = -0.147255352832804
par.C_1S0 = 2.45923937284643
par.Ct_3S1 = -0.157473812335135
par.C_3S1 = 0.566410462937265
par.C_3S1-3D1 = 0.483368550061849
par.C_3P0 = 1.31065251839006
par.C_1P1 = 0.393324714310471
par.C_3P1 = -0.781809713212310
par.C_3P2 = -0.645006219975654
par.Ct_1S0nn = -0.148216426514407
par.c_D = -0.182182004117580
par.c_E = -0.888614813375748
par.c1 = -0.110470510466347
par.c2 = 4.07007374937637
par.c3 = -3.50490115588531
par.c4 = 3.17028032007613
par.d1+d2 = 4.90543536797020
par.d3 = -4.59607654615770
par.d5 = -0.150035283870673
par.d14-d15 = -9.92408486095141
par.e14 = 0.130328768091918
par.e15 = -11.2659519356902
par.e16 = 4.24923822685236
par.e17 = 1.10768389565175
par.e18 = 2.61664623296397
par.Ct_1S0np = -0.148131980860100
par.Ct_1S0pp = -0.147209765119098
par.C_1S0 = 2.46105436607694
par.Ct_3S1 = -0.157531559633410
par.C_3S1 = 0.567989376148709
par.C_3S1-3D1 = 0.486153685284039
par.C_3P0 = 1.30846640064639
par.C_1P1 = 0.395684735200490
par.C_3P1 = -0.782860084575090
par.C_3P2 = -0.644608916919067
par.Ct_1S0nn = -0.148170372278055
par.c_D = -0.181145917695415
par.c_E = -0.888013781150998
par.c1 = -0.100854919035735
par.c2 = 4.09796772789620
par.c3 = -3.50342377864761
par.c4 = 3.18794174065269
par.d1+d2 = 4.91430582131283
par.d3 = -4.60149630173224
par.d5 = -0.151565654779798
par.d14-d15 = -9.92802961529369
par.e14 = 0.119499798952983
par.e15 = -11.2255317024266
par.e16 = 4.14266892069246
par.e17 = 1.12983572968739
par.e18 = 2.52063847060264
par.Ct_1S0np = -0.148133305123016
par.Ct_1S0pp = -0.147211026017042
par.C_1S0 = 2.46095616293557
par.Ct_3S1 = -0.157540964047763
par.C_3S1 = 0.567899969683466
par.C_3S1-3D1 = 0.486235846963358
par.C_3P0 = 1.30837777933982
par.C_1P1 = 0.395864999865636
par.C_3P1 = -0.782941166581631
par.C_3P2 = -0.644517227003105
par.Ct_1S0nn = -0.148196743205408
par.c_D = 0.251411101574857
par.c_E = -0.887049713710352
par.c1 = -0.101008674233407
par.c2 = 4.09702952444382
par.c3 = -3.50294773558854
par.c4 = 3.18815531518647
par.d1+d2 = 4.91428656856632
par.d3 = -4.60132035174711
par.d5 = -0.151669711410653
par.d14-d15 = -9.92808232579778
par.e14 = 0.119879239845317
par.e15 = -11.2294952036541
par.e16 = 4.14749590494895
par.e17 = 1.12763437737659
par.e18 = 2.52125341137921
