3.823621989071437221e-06 3.821263827460787954e-06 8.721720932501426037e-05 3.791421319428339233e-06 8.716452427907721810e-05 2.028413554048145106e-06 -5.762989336613931165e-05 -5.592115540869471783e-05 -5.851260642496455697e-05 -5.699182140947922290e-05 3.796619408959835172e-06 9.946784471781657054e-05 -1.100357890851803481e-04 5.678730950665506491e-04 1.989026908480052980e-03 -2.484036767647756355e-04 1.582027876328875957e-05 7.578777426317670973e-05 -1.290592476700051089e-04 4.174344626111504655e-05 -6.528398482912519687e-05 -6.362938314761614291e-05 3.103391427472435536e-03 -7.724528407393831814e-03 3.736420025658294779e-04 -3.195148791337098582e-04 1.474716501560426934e-06 8.107710287726654109e-12 -8.354776315073392639e-06 -2.700129028140061179e-06 -2.604790621130581702e-09 -4.634883052481326700e-05 2.087635578963894862e-09 -6.425922253163393402e-08 -6.858204574860916410e-08 -1.873339542474703519e-06 -1.356098139126869388e-08 7.221530760674668946e-07 -1.673467333644162656e-07 7.114251503567679953e-07 2.598923910366261722e-10 -1.472321587804700706e-04 -1.621067456753034663e-06 2.174098750910546215e-07 -9.850838655216186864e-07 4.450160665115399885e-06 -8.445799555827393500e-07 -5.580708417506206507e-05 -1.849612572778115716e-06 1.466637823082426417e-06 2.939465372486434442e-07 1.374229388535505023e-05
3.821263827460787954e-06 3.820567945275498712e-06 8.729110313407036374e-05 3.795443325308134541e-06 8.716034264139553437e-05 2.051727788819263593e-06 -5.765828546805685633e-05 -5.589993841257066717e-05 -5.848648363832848444e-05 -5.698731344205947962e-05 3.795741591014231558e-06 9.943025800019774578e-05 -1.101356784516321024e-04 5.678536931392620234e-04 1.989009776262282234e-03 -2.484411036744058271e-04 1.622355025925946998e-05 7.601024230306237901e-05 -1.291717571698694739e-04 4.168650835107395029e-05 -6.545749909121210454e-05 -6.380228746519949531e-05 3.103909012318047805e-03 -7.724720923278452847e-03 3.737860466216066154e-04 -3.214693136089261626e-04 1.469237481831381010e-06 5.231653959613679766e-12 -8.026465952622488206e-06 -1.955604914772724652e-06 -2.728816286914806472e-09 -4.740213482584097342e-05 1.944962528188403086e-09 -6.787474548983446039e-08 -6.787915922890675262e-08 -1.714163358921969419e-06 -1.355053815483028898e-08 7.217258590311607588e-07 -1.679661863313679410e-07 7.140946072640315980e-07 2.609945853004642574e-10 -1.472474843420521775e-04 -1.619580310372854441e-06 2.128447529200353270e-07 -9.576442796262950512e-07 2.738208231427065431e-07 -8.592539997167431555e-07 -5.568857656488670799e-05 -1.816758423155179156e-06 1.466505802442006924e-06 2.941927333889691532e-07 1.374158993392804538e-05
8.721720932501426037e-05 8.729110313407036374e-05 2.086520857592978964e-03 8.851125357623484589e-05 2.070318671975544030e-03 9.861368568222290043e-05 -1.320066860184497147e-03 -1.262627286829270295e-03 -1.342274015991613270e-03 -1.316524659107635997e-03 8.666182360586693998e-05 2.248417128333777149e-03 -2.597810208693088294e-03 1.306610965704072501e-02 4.589205384939707560e-02 -5.831149545047567724e-03 9.339975519013344165e-04 2.075522008021262257e-03 -3.151106074427882132e-03 8.844398691802286524e-04 -1.766751166528345365e-03 -1.702227103724875644e-03 7.256194527830223118e-02 -1.786891184474370398e-01 8.851123651844441942e-03 -1.014873856161971170e-02 1.676996549198876509e-05 -3.663356736605526019e-10 -1.129372462983017336e-04 -5.505186686845779952e-05 -1.965594865598180139e-08 -1.990733753806534726e-03 4.375102845098358966e-08 -1.567486552902172623e-06 -1.412204684257270433e-06 4.267291665246938416e-05 -3.242094302586272826e-07 1.725672803387640533e-05 -4.407972185147349199e-06 1.871528190142873386e-05 7.036897894486388875e-09 -3.537711490698558850e-03 -3.814161447828258737e-05 1.059286087138374053e-06 -6.237313869447160337e-06 -6.235732785630236825e-05 -3.922877565576869242e-06 -1.296634243314212162e-03 -2.508651723318911325e-05 3.374132615039721799e-05 7.150161232930985492e-06 3.161539206394634884e-04
3.791421319428339233e-06 3.795443325308134541e-06 8.851125357623484589e-05 5.186747905737845593e-06 8.019193294461928237e-05 -5.650765263598531325e-06 -5.709413354200394480e-05 -6.246411914834314584e-05 -5.749181696553965431e-05 -5.759757706931421312e-05 3.761742029293583964e-06 1.073321351437980299e-04 -1.181592519565180050e-04 5.648379385022377292e-04 1.985018960262317864e-03 -2.531858593489530636e-04 1.777296551600026235e-05 7.814297485989540274e-05 -1.308741260986803876e-04 4.150926113117625116e-05 -6.773728122230732824e-05 -6.313928832206512263e-05 3.121876334841498270e-03 -7.721641934419109371e-03 3.762165518655651453e-04 -3.303719627188877756e-04 1.029185265589506181e-06 -1.688713449083947184e-11 -9.074282155412052994e-06 -1.518871440254048102e-05 1.105529058045223193e-08 -1.155287642768581050e-04 1.052665120324928478e-08 -3.082570263317348889e-07 7.491048089548259648e-07 6.389416468359203501e-05 -1.093759353868115204e-08 6.165084491043314749e-07 -1.988288401922143430e-07 8.528223773751638917e-07 3.214150284975665213e-10 -1.570476174708594934e-04 -1.592570334142771605e-06 1.233932731776886753e-07 -5.929260767801877633e-07 -9.656804259476195053e-06 -5.854157555696905546e-07 -7.267621396640956558e-05 -1.704827706179612162e-06 1.471248953818125416e-06 2.965693278918781093e-07 1.370122517843677070e-05
8.716452427907721810e-05 8.716034264139553437e-05 2.070318671975544030e-03 8.019193294461928237e-05 2.115267877357690507e-03 1.415535359727222232e-04 -1.316251253976271490e-03 -1.218066846029344742e-03 -1.342841494587361083e-03 -1.308346330042050058e-03 8.658851138061293641e-05 2.215459238058224093e-03 -2.586442364523255759e-03 1.304141741784143119e-02 4.576636754321777856e-02 -5.784158413795186665e-03 9.322378671606447627e-04 2.061659331184618766e-03 -3.133434875146512161e-03 8.811216662480309296e-04 -1.751692149710513523e-03 -1.705335827005693191e-03 7.222945518662435282e-02 -1.781305429264828377e-01 8.811264095707470670e-03 -1.011337149782331676e-02 2.119299637411345411e-05 -6.364467515987269001e-11 -1.278755218377292287e-04 7.188393363393150756e-05 -8.126478402914070351e-08 -1.282463374905736409e-03 -5.080275620383607994e-08 1.226121855996630377e-06 -5.509256715386413601e-06 -3.099642480154002930e-04 -3.673535811709390149e-07 1.924510677580667129e-05 -4.428026657394247491e-06 1.871562970467417319e-05 7.100410898102160816e-09 -3.460908841112535043e-03 -3.658620652560525026e-05 1.997573247707800410e-06 -1.004086649896829937e-05 7.014471462985630615e-05 -6.700371183709432035e-06 -1.229377592058399516e-03 -2.824788779986987710e-05 3.359884355958482057e-05 7.118898628713393422e-06 3.153510578940888929e-04
2.028413554048145106e-06 2.051727788819263593e-06 9.861368568222290043e-05 -5.650765263598531325e-06 1.415535359727222232e-04 1.091708015375806250e-04 -2.926350455337081171e-05 5.473622384731896225e-05 -4.727995937404086836e-05 -1.797026832990605708e-05 2.075025185530784538e-06 -8.932892338289126315e-05 7.634230169988850999e-06 3.871980159229814139e-04 1.313730160736872312e-03 -1.286954227824655989e-04 5.959963349324095020e-04 3.481948589062869889e-04 -2.225130364525636532e-04 -5.689202665535255705e-05 -2.642655559670558860e-04 -3.159570318380786253e-04 2.437459523536890382e-03 -5.269969867001180266e-03 4.130610113042577089e-04 -3.017742569223627776e-03 -4.662313589345050180e-06 3.028557842795109699e-10 8.817917530459168168e-05 4.659545000896691565e-05 -1.355584014329449569e-07 -7.382155084830210618e-04 -2.294973290538288736e-08 6.362007570060553714e-07 -5.767033836977501787e-06 -3.695926289745731300e-04 -1.289265115003477353e-09 -6.442882553752332436e-08 5.455134760812908922e-08 -2.665826057356892177e-07 -1.484815651327659321e-10 -9.712174445730147629e-05 -3.381678391622191675e-06 -1.482318710162916710e-06 6.151149781777593523e-06 -7.764957064527850902e-06 6.386717488105764873e-06 8.508323587678686458e-05 8.015479733815518898e-06 6.466862656921860399e-07 5.188542373302512983e-07 8.418111626183522771e-06
-5.762989336613931165e-05 -5.765828546805685633e-05 -1.320066860184497147e-03 -5.709413354200394480e-05 -1.316251253976271490e-03 -2.926350455337081171e-05 9.733064709178496999e-04 8.305461486097916136e-04 8.623450245043977900e-04 8.595110182429246178e-04 -5.725875206567002064e-05 -1.519890794956408947e-03 1.716086223513876808e-03 -8.569968499327120307e-03 -3.001635964779205898e-02 3.748111581023425270e-03 -2.225186510454369077e-04 -1.135028459430284563e-03 1.943372846025287004e-03 -6.322513784460799362e-04 9.785541281502221737e-04 9.530029588992500363e-04 -4.681586404809610913e-02 1.165626134874803987e-01 -5.633236631949553250e-03 4.743460843255907500e-03 -1.872122299814880526e-05 3.596405477237048959e-09 1.566899828293071462e-04 2.059197076700445444e-05 4.255635040623621777e-07 5.006345103166800993e-04 -2.135882540387060984e-08 7.337708354838029288e-07 9.928597644259339079e-07 3.077249025263457287e-05 2.195861596124561320e-07 -1.163534834271167669e-05 2.673450072038590871e-06 -1.135186676860395677e-05 -4.202459060491464329e-09 2.253153310575349653e-03 2.414024165125625555e-05 -2.615369176051807051e-06 1.196091521394628587e-05 -1.010883525227151394e-05 9.939871274034089784e-06 8.261877990699002371e-04 2.422900068160979581e-05 -2.213948018706689334e-05 -4.426347258384322975e-06 -2.074060314675783660e-04
-5.592115540869471783e-05 -5.589993841257066717e-05 -1.262627286829270295e-03 -6.246411914834314584e-05 -1.218066846029344742e-03 5.473622384731896225e-05 8.305461486097916136e-04 1.102542349141326502e-03 8.500122782745195629e-04 8.616568177083225267e-04 -5.549278723467369960e-05 -1.587081532569848200e-03 1.722456177677964169e-03 -8.253672969425958003e-03 -2.905800769685655191e-02 3.748791397669944733e-03 1.859373697456374332e-04 -9.210741046744379788e-04 1.815869572298810892e-03 -6.723812935233463607e-04 8.283782025498156272e-04 7.118636449753466475e-04 -4.547207686990694525e-02 1.129412898988010339e-01 -5.388576155438478885e-03 2.703581198507035502e-03 -2.154576049742466568e-05 -3.022841029134398000e-10 2.533470394623907242e-04 8.125694321399412818e-05 -1.927330780114850267e-07 3.668559213381893808e-03 -6.508387574023900565e-08 2.091167702064516309e-06 -3.730447357848757557e-06 -2.944598568643937370e-04 1.945198169620069678e-07 -1.060073302094051989e-05 2.755210946869519981e-06 -1.175882914123758820e-05 -4.346063529022495432e-09 2.247674586423646041e-03 2.309672781348094813e-05 -3.629449040643190177e-06 1.614841982600330594e-05 7.911495750814170544e-05 1.607014635129822738e-05 9.750625530660541728e-04 3.179013560314225285e-05 -2.180734254213622994e-05 -4.100076203955307582e-06 -2.010371495237388967e-04
-5.851260642496455697e-05 -5.848648363832848444e-05 -1.342274015991613270e-03 -5.749181696553965431e-05 -1.342841494587361083e-03 -4.727995937404086836e-05 8.623450245043977900e-04 8.500122782745195629e-04 9.619107179172840631e-04 8.701655348497443557e-04 -5.812017308835635041e-05 -1.487003677973484407e-03 1.662254133247609940e-03 -8.705729513559514951e-03 -3.048418968245598937e-02 3.800080248341964565e-03 -3.544504540002386852e-04 -1.218491069282814010e-03 2.004168680797947279e-03 -6.236081808247299690e-04 1.042768719297335143e-03 1.027640885521860070e-03 -4.763627384331795001e-02 1.184191376572880233e-01 -5.758185442956286967e-03 5.433639893498327933e-03 -2.185430739601080418e-05 -2.147976504930257820e-09 2.311668535916723772e-04 4.249907199981635425e-05 8.584040402659645349e-08 1.575251701195256541e-03 -4.467933364447608513e-08 1.524659659600374706e-06 1.824794877117446021e-06 6.465504340044736303e-05 1.898910655189245579e-07 -1.018227885519692580e-05 2.425220220253233799e-06 -1.032740876692301290e-05 -3.710139105474209633e-09 2.263900214693579868e-03 2.605054630224982253e-05 -3.313208783695236688e-06 1.513092399931609382e-05 9.441567695657797921e-06 1.398957082949008884e-05 8.560992255911436697e-04 2.853076116922635233e-05 -2.241599795510197988e-05 -4.567086406360287894e-06 -2.104914485030790644e-04
-5.699182140947922290e-05 -5.698731344205947962e-05 -1.316524659107635997e-03 -5.759757706931421312e-05 -1.308346330042050058e-03 -1.797026832990605708e-05 8.595110182429246178e-04 8.616568177083225267e-04 8.701655348497443557e-04 8.654871041094882450e-04 -5.659798190698871472e-05 -1.530846020184062741e-03 1.695124650212388381e-03 -8.466831386128461853e-03 -2.974769118212117203e-02 3.788571906607562587e-03 -1.805793578100425747e-04 -1.124373622924497917e-03 1.937944920533376993e-03 -6.341594327402246467e-04 9.790299429647286202e-04 9.086856523130618611e-04 -4.668079702577700857e-02 1.156683030947035645e-01 -5.608098757038616419e-03 4.535871344735081107e-03 -1.761349506466254567e-05 1.240422638301965000e-10 1.525073059914939654e-04 2.250855445037877248e-05 -4.733126489014174303e-08 6.481424844972822350e-04 -2.055028809996865936e-08 7.409779572269143651e-07 1.842168888263423991e-07 -2.472726823527616964e-05 2.197285173336032810e-07 -1.168138385803078391e-05 2.777923210000091724e-06 -1.179529224220898334e-05 -4.407231493486462584e-09 2.257265926625786571e-03 2.367128207374794908e-05 -2.449294334986554079e-06 1.134792506433051785e-05 -1.941285637272586892e-06 9.843638149727990382e-06 8.640608579604342962e-04 2.456432146519861467e-05 -2.207801783425020792e-05 -4.392598527037942354e-06 -2.054468171854442293e-04
3.796619408959835172e-06 3.795741591014231558e-06 8.666182360586693998e-05 3.761742029293583964e-06 8.658851138061293641e-05 2.075025185530784538e-06 -5.725875206567002064e-05 -5.549278723467369960e-05 -5.812017308835635041e-05 -5.659798190698871472e-05 3.994869124852430118e-06 9.771209436714555624e-05 -1.009768766036462967e-04 5.641230488442927930e-04 1.975819567702001046e-03 -2.466957493418981654e-04 1.597324643176756791e-05 7.540401251973741529e-05 -1.282499817963448372e-04 4.142796579228271759e-05 -6.493335977505570447e-05 -6.333783185401682886e-05 3.082769361830131356e-03 -7.673214594453116322e-03 3.712122941349245290e-04 -3.186142230848357021e-04 1.479463259312037413e-06 7.078216487789433744e-12 -8.100205146972934864e-06 -1.915273267801119331e-06 -2.780617500316766632e-09 -4.712783204693364212e-05 1.991597885555538239e-09 -6.771621771682288886e-08 -7.314952560343586760e-08 -2.148213344327977243e-06 1.078389723191602718e-05 1.017802458700036353e-06 -5.337489972918782332e-06 1.360073454445578199e-07 2.064487963167706543e-09 -1.512312822963257631e-04 -1.874355149754700680e-06 2.157101087316639483e-07 -9.685850923955123503e-07 3.503065952877220057e-07 -8.718724997061954527e-07 4.350955461188322658e-04 6.217944149830693007e-06 1.456688534594912617e-06 2.921209838523798595e-07 1.365084202211819666e-05
9.946784471781657054e-05 9.943025800019774578e-05 2.248417128333777149e-03 1.073321351437980299e-04 2.215459238058224093e-03 -8.932892338289126315e-05 -1.519890794956408947e-03 -1.587081532569848200e-03 -1.487003677973484407e-03 -1.530846020184062741e-03 9.771209436714555624e-05 3.698639359695264119e-03 -3.376906675786593183e-03 1.468019273102632097e-02 5.166616624311595046e-02 -6.651995040773918053e-03 -3.824362336931806878e-04 1.606704424088829190e-03 -3.211577208442176895e-03 1.202575491293798610e-03 -1.447663783313864368e-03 -1.245439577332622776e-03 8.074458265838327375e-02 -2.007614877748169768e-01 9.557857859625106672e-03 -4.552495095130313502e-03 3.249202600590292964e-05 -1.575674375665321165e-09 -3.553122039696472593e-04 4.284524312226021246e-05 2.141426918182728481e-07 8.639513368903760111e-04 -5.882149919450942134e-08 1.590185415199071554e-06 6.593847281316122189e-06 4.325838326369393786e-04 -2.246093061464978592e-05 2.792990562878203557e-05 3.557478748018714663e-05 3.099844508269323910e-05 -3.109285113149182369e-05 -3.952591264385864854e-03 -2.976779131356028263e-05 5.200895995958377567e-06 -2.384485386398020707e-05 1.317470726644386862e-04 -1.971118818442900585e-05 -3.764552001464515144e-03 -8.395703736871930735e-05 3.877609770457557305e-05 7.254832375181801858e-06 3.575437478993161969e-04
-1.100357890851803481e-04 -1.101356784516321024e-04 -2.597810208693088294e-03 -1.181592519565180050e-04 -2.586442364523255759e-03 7.634230169988850999e-06 1.716086223513876808e-03 1.722456177677964169e-03 1.662254133247609940e-03 1.695124650212388381e-03 -1.009768766036462967e-04 -3.376906675786593183e-03 4.630906377508959594e-03 -1.639080425368687893e-02 -5.773255379557681866e-02 7.467452729793057006e-03 -4.186899712228333605e-04 -2.249825396677021961e-03 3.812481861802720709e-03 -1.223895099368301365e-03 1.966217710389109655e-03 1.767037655478237608e-03 -9.115618792699342610e-02 2.247683429905478203e-01 -1.096408862528437667e-02 9.173780571311771631e-03 -1.526013485417104584e-05 2.975252105320995096e-09 2.634529280251264832e-04 -2.052558122568341932e-04 -7.947237720948096517e-08 9.335765016549530185e-06 3.413494897518307009e-07 -5.114175196494043305e-06 -6.864353848804591683e-06 -5.009978319205190059e-04 4.576587099309392594e-06 -5.308184798678322505e-05 -5.511552479429931810e-04 -9.371031067160443158e-05 5.004872776331214936e-06 2.558925913392681023e-03 -1.039940038447213831e-05 -1.116934884236451965e-06 8.020930939251780798e-06 -2.196241487916311257e-05 3.546630310168961157e-06 1.991058402834162966e-02 3.311059740786283538e-04 -4.300078684199766678e-05 -8.609284674396333476e-06 -3.983968807793479734e-04
5.678730950665506491e-04 5.678536931392620234e-04 1.306610965704072501e-02 5.648379385022377292e-04 1.304141741784143119e-02 3.871980159229814139e-04 -8.569968499327120307e-03 -8.253672969425958003e-03 -8.705729513559514951e-03 -8.466831386128461853e-03 5.641230488442927930e-04 1.468019273102632097e-02 -1.639080425368687893e-02 8.451762131880610762e-02 2.960678248777777744e-01 -3.700263681600032828e-02 3.193392443513482209e-03 1.172969511592303511e-02 -1.943044096722292002e-02 6.094553715873735240e-03 -1.006083796129189287e-02 -9.844863757625735290e-03 4.628361608060635457e-01 -1.150216594199812592e+00 5.589498201872285243e-02 -5.160813126547435237e-02 2.012706248696983591e-04 6.856442035726493314e-10 -1.070570904477649533e-03 -3.105285209224089606e-04 -4.566308009498391064e-07 -8.303548715825913307e-03 2.995676832442193329e-07 -1.047165069010267024e-05 -1.114373638126093726e-05 -2.293711830918871342e-04 -2.006020050335265416e-06 1.068654690287439450e-04 -2.525264105004515437e-05 1.073495789217127246e-04 3.933355324058842574e-08 -2.201454749408467138e-02 -2.429925225438048914e-04 2.789546934229966411e-05 -1.281526540539804928e-04 -3.460356783264658553e-05 -1.135733968508531962e-04 -8.268190816322268377e-03 -2.545919917395762333e-04 2.179741762005874429e-04 4.424974146622034747e-05 2.044444039064590834e-03
1.989026908480052980e-03 1.989009776262282234e-03 4.589205384939707560e-02 1.985018960262317864e-03 4.576636754321777856e-02 1.313730160736872312e-03 -3.001635964779205898e-02 -2.905800769685655191e-02 -3.048418968245598937e-02 -2.974769118212117203e-02 1.975819567702001046e-03 5.166616624311595046e-02 -5.773255379557681866e-02 2.960678248777777744e-01 1.052897952112580748e+00 -1.301444540651335857e-01 1.115366680928461980e-02 3.853131491532400810e-02 -6.078128443589785046e-02 1.812304848870998145e-02 -3.695835581139900183e-02 2.661148392058036716e-02 1.511079870567275218e+00 -4.057635338922065849e+00 1.280082624202798502e-01 -1.386952966860679481e-01 6.769809290278816288e-04 1.166949728827773635e-09 -3.945351949197431311e-03 -1.056987610331109120e-03 -1.125185187435669904e-06 -2.939032740535785573e-02 1.003528382744036329e-06 -3.521722301546247307e-05 -3.428187562072048837e-05 -4.728934301031073183e-04 -7.127512120692038488e-06 3.795878494013902845e-04 -9.018648076342363948e-05 3.832929318792312537e-04 1.410500697056862776e-07 -7.753736203921458847e-02 -8.494075615414129182e-04 9.235318368117922277e-05 -4.261673386921485196e-04 -1.582739306770548254e-04 -3.750735920028258489e-04 -2.916798627541507261e-02 -8.713440599812825524e-04 6.755799790590959935e-04 1.649074197802380751e-04 8.538442017537468259e-03
-2.484036767647756355e-04 -2.484411036744058271e-04 -5.831149545047567724e-03 -2.531858593489530636e-04 -5.784158413795186665e-03 -1.286954227824655989e-04 3.748111581023425270e-03 3.748791397669944733e-03 3.800080248341964565e-03 3.788571906607562587e-03 -2.466957493418981654e-04 -6.651995040773918053e-03 7.467452729793057006e-03 -3.700263681600032828e-02 -1.301444540651335857e-01 1.668318190862601996e-02 -1.354316635516327220e-03 -5.245878810661820484e-03 8.653139348102625514e-03 -2.696606155342462681e-03 4.544722397715646178e-03 4.205405836069502426e-03 -2.052172323129606013e-01 5.065235025491351406e-01 -2.476824469239304743e-02 2.260144133529897598e-02 -6.237529026856982579e-05 8.434010465939640179e-10 6.508170114801447833e-04 1.071785184408517413e-04 -2.393104688725581201e-07 3.892385951875613429e-03 -8.858611670623561742e-08 3.223950533460059157e-06 4.650142707666022828e-07 -2.047803236999567599e-04 9.712504729970558593e-07 -5.163706185708846904e-05 1.264754772284320831e-05 -5.368019178882723870e-05 -2.023040793301198993e-08 1.002446548585765249e-02 1.046803197165263729e-04 -7.306700726562088682e-06 3.529642117196716379e-05 4.825776636588672121e-05 2.888875823690419071e-05 3.808961811321192985e-03 9.275629127982823745e-05 -9.650808201163544350e-05 -1.958605608604978068e-05 -8.978895538894589518e-04
1.582027876328875957e-05 1.622355025925946998e-05 9.339975519013344165e-04 1.777296551600026235e-05 9.322378671606447627e-04 5.959963349324095020e-04 -2.225186510454369077e-04 1.859373697456374332e-04 -3.544504540002386852e-04 -1.805793578100425747e-04 1.597324643176756791e-05 -3.824362336931806878e-04 -4.186899712228333605e-04 3.193392443513482209e-03 1.115366680928461980e-02 -1.354316635516327220e-03 5.472721251030655300e-03 3.245755546085804522e-03 -2.071289876751180800e-03 -5.353181722335900337e-04 -2.496853610055673345e-03 -2.807101814961542041e-03 2.221012400070034726e-02 -4.550324320517234317e-02 3.770728631727210574e-03 -2.770438277893470802e-02 -6.408540062312455276e-05 1.390060921913142011e-09 7.441309997883636083e-04 -1.446588706853762650e-04 -4.999484379855681717e-07 -9.290887513854382065e-03 9.876308923877546532e-08 -3.483672139470105022e-06 -9.822928755656530815e-06 7.744412671132575726e-06 5.635422305896584577e-08 -2.752528061319355507e-06 -1.607791567153471881e-06 6.811042940936023928e-06 2.806517649559949032e-09 -1.329757699562137590e-03 -2.502849354045270610e-05 -1.798665704151182856e-05 7.487138812742135155e-05 -4.425015809784165637e-04 7.372261966823464945e-05 -1.228535249628969622e-04 7.834779619804494073e-05 5.722778030486543987e-06 4.746130014888954302e-06 7.041501146539553690e-05
7.578777426317670973e-05 7.601024230306237901e-05 2.075522008021262257e-03 7.814297485989540274e-05 2.061659331184618766e-03 3.481948589062869889e-04 -1.135028459430284563e-03 -9.210741046744379788e-04 -1.218491069282814010e-03 -1.124373622924497917e-03 7.540401251973741529e-05 1.606704424088829190e-03 -2.249825396677021961e-03 1.172969511592303511e-02 3.853131491532400810e-02 -5.245878810661820484e-03 3.245755546085804522e-03 8.305454044935088945e-03 -1.011516756727497482e-02 1.588259892430660038e-03 -1.637756791931756044e-03 -1.682940554130637340e-02 9.085268830983130040e-02 -1.574030060062007186e-01 -2.100031668027696127e-03 -2.392183235346269365e-03 -1.688476283421888111e-05 4.964614075283656505e-10 2.136965856042334893e-04 -1.050488896478901342e-04 -1.958129498663885846e-07 -5.944551719858964280e-03 7.579594645448247804e-08 -2.701186606159464520e-06 -5.270982962157717368e-06 6.116093213553224438e-05 -2.346115743471186545e-07 1.260089804494068771e-05 -4.288395672214058635e-06 1.819414917722595365e-05 6.985208736422533895e-09 -3.423924780487567435e-03 -4.158656907574239878e-05 -7.498259503172397477e-06 2.988830989129503447e-05 -2.459794031497502479e-04 3.102467240242965415e-05 -1.100069833955623702e-03 1.609978053101630813e-05 8.426617460714767892e-05 -1.930004400953318157e-05 4.092950892928498650e-06
-1.290592476700051089e-04 -1.291717571698694739e-04 -3.151106074427882132e-03 -1.308741260986803876e-04 -3.133434875146512161e-03 -2.225130364525636532e-04 1.943372846025287004e-03 1.815869572298810892e-03 2.004168680797947279e-03 1.937944920533376993e-03 -1.282499817963448372e-04 -3.211577208442176895e-03 3.812481861802720709e-03 -1.943044096722292002e-02 -6.078128443589785046e-02 8.653139348102625514e-03 -2.071289876751180800e-03 -1.011516756727497482e-02 4.972199199568470840e-02 -2.819829196244769479e-02 8.036244450479585605e-03 4.123921260913786246e-02 -1.741977527819723037e-01 2.551873074860385726e-01 -6.217404886223549393e-02 4.036426421237163803e-02 -1.978425224108645614e-05 -1.295581454504185052e-10 1.073374712980738291e-04 9.558070681046977493e-05 8.378171033705824139e-08 4.259422454028432593e-03 -7.708346441613174107e-08 2.743911228561127318e-06 3.498107268970018019e-06 -5.083034083010372285e-05 4.581055506621189000e-07 -2.443359604445824375e-05 6.489072845383996366e-06 -2.755157986604534189e-05 -1.035653164369369921e-08 5.312669756865044494e-03 5.930984312429535976e-05 -7.161950635527072147e-09 2.555558092464635432e-06 1.301417329885396423e-04 -3.750825667347694090e-07 1.914568343156744078e-03 3.022485596742915275e-05 -7.772374260163390260e-04 2.489142843963991535e-05 1.243055586685437933e-03
4.174344626111504655e-05 4.168650835107395029e-05 8.844398691802286524e-04 4.150926113117625116e-05 8.811216662480309296e-04 -5.689202665535255705e-05 -6.322513784460799362e-04 -6.723812935233463607e-04 -6.236081808247299690e-04 -6.341594327402246467e-04 4.142796579228271759e-05 1.202575491293798610e-03 -1.223895099368301365e-03 6.094553715873735240e-03 1.812304848870998145e-02 -2.696606155342462681e-03 -5.353181722335900337e-04 1.588259892430660038e-03 -2.819829196244769479e-02 1.895418628222014790e-02 -3.661818922267851342e-03 -1.460154793527464537e-02 5.656841006687329115e-02 -7.567234594391976377e-02 3.968892820706691749e-02 -2.413778707757664732e-02 2.356379958293466104e-05 -1.975145989894547368e-10 -1.974697845104274622e-04 -2.110674949484037447e-06 5.603829587267545359e-08 6.702598472724245098e-04 7.178063121508537314e-09 -2.522739687417532265e-07 7.397850885539364707e-07 -4.915518676861669863e-06 -1.677632207370366089e-07 8.896788043504653788e-06 -1.800541358080413342e-06 7.653646027785014963e-06 2.785686261545835967e-09 -1.534096140694566224e-03 -1.518320423771425521e-05 4.503602814131818448e-06 -1.966170173171363772e-05 5.893581912660090979e-05 -1.836677292424206899e-05 -6.319131073868702354e-04 -3.005305996740905130e-05 5.146133286349249651e-04 -1.211498698051324759e-05 -8.183744836126723371e-04
-6.528398482912519687e-05 -6.545749909121210454e-05 -1.766751166528345365e-03 -6.773728122230732824e-05 -1.751692149710513523e-03 -2.642655559670558860e-04 9.785541281502221737e-04 8.283782025498156272e-04 1.042768719297335143e-03 9.790299429647286202e-04 -6.493335977505570447e-05 -1.447663783313864368e-03 1.966217710389109655e-03 -1.006083796129189287e-02 -3.695835581139900183e-02 4.544722397715646178e-03 -2.496853610055673345e-03 -1.637756791931756044e-03 8.036244450479585605e-03 -3.661818922267851342e-03 7.241205889712586108e-02 -3.142494122864908368e-03 -4.551514486432902545e-02 1.390819826342805654e-01 -1.643653337046954710e-01 1.790510190482434150e-01 1.297443290457136328e-05 -2.521015242591272659e-10 -1.256048333369722079e-04 8.051396061652616387e-05 1.034118154756108300e-07 4.646549675198113384e-03 -5.660510108044377654e-08 2.032651265461406126e-06 3.631622398161151222e-06 -7.868906467693652742e-05 2.164818987335252844e-07 -1.159807094116401471e-05 3.784992818360852306e-06 -1.605300535468931120e-05 -6.188743885690707920e-09 2.944727581684407954e-03 3.467986768405294197e-05 5.859455194040169972e-06 -2.326532264029935988e-05 1.905748488555783526e-04 -2.433214374466934217e-05 9.703735955865133364e-04 -1.081503476319679434e-05 -3.772474221221567160e-06 -1.926366914598257474e-04 -9.908974858871620172e-05
-6.362938314761614291e-05 -6.380228746519949531e-05 -1.702227103724875644e-03 -6.313928832206512263e-05 -1.705335827005693191e-03 -3.159570318380786253e-04 9.530029588992500363e-04 7.118636449753466475e-04 1.027640885521860070e-03 9.086856523130618611e-04 -6.333783185401682886e-05 -1.245439577332622776e-03 1.767037655478237608e-03 -9.844863757625735290e-03 2.661148392058036716e-02 4.205405836069502426e-03 -2.807101814961542041e-03 -1.682940554130637340e-02 4.123921260913786246e-02 -1.460154793527464537e-02 -3.142494122864908368e-03 7.949004441600433513e-01 -1.631346456118698995e+00 5.767808247510252118e-01 -5.987689501070703191e-01 3.757009542847982164e-01 4.545373937690251739e-06 -8.995988741197207291e-10 -2.631553829270567597e-04 1.015177264976185173e-04 3.493242695273014436e-07 4.993632690727660417e-03 -8.203743107687883821e-08 2.859512206356211999e-06 6.338150097575464306e-06 7.292357399542857312e-05 1.573841074483226997e-07 -8.515668448077287893e-06 2.958176911515335376e-06 -1.257943569727138216e-05 -4.651469273302552635e-09 2.722271248137579994e-03 3.579161215094353192e-05 4.524129130670064068e-06 -1.756845895780487156e-05 1.983146747356834489e-04 -1.849148233180395568e-05 8.438985586452494615e-04 -6.953681152746646246e-06 -2.170837270026568005e-04 -3.143599207521577356e-04 5.085321854051059326e-03
3.103391427472435536e-03 3.103909012318047805e-03 7.256194527830223118e-02 3.121876334841498270e-03 7.222945518662435282e-02 2.437459523536890382e-03 -4.681586404809610913e-02 -4.547207686990694525e-02 -4.763627384331795001e-02 -4.668079702577700857e-02 3.082769361830131356e-03 8.074458265838327375e-02 -9.115618792699342610e-02 4.628361608060635457e-01 1.511079870567275218e+00 -2.052172323129606013e-01 2.221012400070034726e-02 9.085268830983130040e-02 -1.741977527819723037e-01 5.656841006687329115e-02 -4.551514486432902545e-02 -1.631346456118698995e+00 5.711234316842103809e+00 -7.261525153053108639e+00 1.551147874540072413e+00 -1.085447159093142711e+00 8.959434431572537967e-04 -1.192010053199114730e-09 -6.124608638225906287e-03 -1.667436433456859386e-03 -5.624288067009464430e-07 -5.518775888778915117e-02 1.490344810711594359e-06 -5.281697537205763400e-05 -4.576664619613462842e-05 4.167323414441903660e-04 -1.136798719428792277e-05 6.052675171416287180e-04 -1.475393506911496476e-04 6.267105589831047530e-04 2.329692355856874217e-07 -1.231157479324116594e-01 -1.336109266745899495e-03 1.084682022544377180e-04 -5.148897351316290014e-04 -7.782055763114414070e-04 -4.364915964314629261e-04 -4.612953113332239619e-02 -1.211073003206103362e-03 1.396711152440835262e-03 9.326989006441748333e-04 1.632899544983749691e-03
-7.724528407393831814e-03 -7.724720923278452847e-03 -1.786891184474370398e-01 -7.721641934419109371e-03 -1.781305429264828377e-01 -5.269969867001180266e-03 1.165626134874803987e-01 1.129412898988010339e-01 1.184191376572880233e-01 1.156683030947035645e-01 -7.673214594453116322e-03 -2.007614877748169768e-01 2.247683429905478203e-01 -1.150216594199812592e+00 -4.057635338922065849e+00 5.065235025491351406e-01 -4.550324320517234317e-02 -1.574030060062007186e-01 2.551873074860385726e-01 -7.567234594391976377e-02 1.390819826342805654e-01 5.767808247510252118e-01 -7.261525153053108639e+00 1.627419388530827149e+01 -1.034017890030565878e+00 9.004803783244806903e-01 -2.550072231601353996e-03 -2.898032421797917383e-09 1.534889099378299732e-02 4.106785388986648397e-03 3.725750355804120125e-06 1.184618294173250819e-01 -3.853261256787427323e-06 1.354896537190569987e-04 1.286155075420829068e-04 1.240295317348726490e-03 2.781427546857316875e-05 -1.481203390348984203e-03 3.537247337574731605e-04 -1.503161072793726813e-03 -5.543508808551097771e-07 3.021874585714003913e-01 3.303314704765918271e-03 -3.412795523992108427e-04 1.581820572021000936e-03 8.648731566194760127e-04 1.383991238984633079e-03 1.136025177664215929e-01 3.311908562758411612e-03 -2.552925858410776214e-03 -1.006453389534834328e-03 -3.073223368822495388e-02
3.736420025658294779e-04 3.737860466216066154e-04 8.851123651844441942e-03 3.762165518655651453e-04 8.811264095707470670e-03 4.130610113042577089e-04 -5.633236631949553250e-03 -5.388576155438478885e-03 -5.758185442956286967e-03 -5.608098757038616419e-03 3.712122941349245290e-04 9.557857859625106672e-03 -1.096408862528437667e-02 5.589498201872285243e-02 1.280082624202798502e-01 -2.476824469239304743e-02 3.770728631727210574e-03 -2.100031668027696127e-03 -6.217404886223549393e-02 3.968892820706691749e-02 -1.643653337046954710e-01 -5.987689501070703191e-01 1.551147874540072413e+00 -1.034017890030565878e+00 3.140569305266285749e+00 -2.716922491604915724e+00 9.395569615742413753e-05 1.479465136053041865e-10 -5.778352656368175144e-04 -2.287578094113957151e-04 -1.716509023052078562e-07 -8.486358486495875972e-03 1.983020335442344827e-07 -7.023595060172979640e-06 -7.494594094686541551e-06 4.976531293528099580e-05 -1.344819019640995871e-06 7.165364912181780707e-05 -1.793031697745962988e-05 7.616016841073428110e-05 2.836477651793410892e-08 -1.496451644061590203e-02 -1.646000051264198943e-04 9.291475372621864402e-06 -4.624334664413379150e-05 -1.832415146937224322e-04 -3.712130401280775219e-05 -5.529944884594149845e-03 -1.286141411281609549e-04 5.582822027091008128e-04 -7.235703206320493255e-04 -3.582438731754263375e-03
-3.195148791337098582e-04 -3.214693136089261626e-04 -1.014873856161971170e-02 -3.303719627188877756e-04 -1.011337149782331676e-02 -3.017742569223627776e-03 4.743460843255907500e-03 2.703581198507035502e-03 5.433639893498327933e-03 4.535871344735081107e-03 -3.186142230848357021e-04 -4.552495095130313502e-03 9.173780571311771631e-03 -5.160813126547435237e-02 -1.386952966860679481e-01 2.260144133529897598e-02 -2.770438277893470802e-02 -2.392183235346269365e-03 4.036426421237163803e-02 -2.413778707757664732e-02 1.790510190482434150e-01 3.757009542847982164e-01 -1.085447159093142711e+00 9.004803783244806903e-01 -2.716922491604915724e+00 2.589176795102694939e+00 2.339452010674634573e-04 -6.472623738002188051e-09 -3.042545283944163119e-03 8.167824720455393222e-04 2.405384680936409527e-06 4.841781203955287244e-02 -5.848441873442607481e-07 2.065197990312335453e-05 5.009211605511733323e-05 -7.654003415054295772e-05 6.304361303636082848e-07 -3.474005095155995666e-05 1.928503405123781125e-05 -8.182868350184923853e-05 -3.173296047952342781e-08 1.601470845060674539e-02 2.239245666068222175e-04 7.687284715522229315e-05 -3.150072456903572882e-04 2.160731146384198536e-03 -3.157358006345439448e-04 4.221119109687296311e-03 -2.766007449543607323e-04 -3.423641061884335384e-04 8.890171479300048099e-04 5.982773936662145672e-04
1.474716501560426934e-06 1.469237481831381010e-06 1.676996549198876509e-05 1.029185265589506181e-06 2.119299637411345411e-05 -4.662313589345050180e-06 -1.872122299814880526e-05 -2.154576049742466568e-05 -2.185430739601080418e-05 -1.761349506466254567e-05 1.479463259312037413e-06 3.249202600590292964e-05 -1.526013485417104584e-05 2.012706248696983591e-04 6.769809290278816288e-04 -6.237529026856982579e-05 -6.408540062312455276e-05 -1.688476283421888111e-05 -1.978425224108645614e-05 2.356379958293466104e-05 1.297443290457136328e-05 4.545373937690251739e-06 8.959434431572537967e-04 -2.550072231601353996e-03 9.395569615742413753e-05 2.339452010674634573e-04 9.872782822788399944e-05 -5.958610136100969428e-11 -2.016198947383065861e-05 -8.328211037996222829e-07 -7.771897501002586374e-09 5.633409256038354501e-05 8.250633834587634145e-08 -1.451641243211091466e-08 -1.569023658261250886e-07 -1.942599357607456559e-05 7.290751398511707661e-07 -4.019817165877010600e-08 7.887506709916296908e-07 -3.237254198025019436e-07 -6.377218933772391530e-10 -2.531418859061878058e-05 -7.598847609634266108e-07 9.364610734478756004e-06 -2.840605319714885944e-06 2.995966823318737716e-05 -3.751157163041766678e-06 4.484665362801245003e-05 -3.417829720863558921e-06 4.951376038115900833e-07 5.120014579149699891e-08 4.812009983688791257e-06
8.107710287726654109e-12 5.231653959613679766e-12 -3.663356736605526019e-10 -1.688713449083947184e-11 -6.364467515987269001e-11 3.028557842795109699e-10 3.596405477237048959e-09 -3.022841029134398000e-10 -2.147976504930257820e-09 1.240422638301965000e-10 7.078216487789433744e-12 -1.575674375665321165e-09 2.975252105320995096e-09 6.856442035726493314e-10 1.166949728827773635e-09 8.434010465939640179e-10 1.390060921913142011e-09 4.964614075283656505e-10 -1.295581454504185052e-10 -1.975145989894547368e-10 -2.521015242591272659e-10 -8.995988741197207291e-10 -1.192010053199114730e-09 -2.898032421797917383e-09 1.479465136053041865e-10 -6.472623738002188051e-09 -5.958610136100969428e-11 1.671596319146332667e-13 -2.195043450054577547e-09 -4.747199081647676718e-10 1.011620115197962325e-11 -2.492208242575662043e-08 2.463277273095648298e-13 -2.083127357951440928e-11 -2.461112954596288091e-11 -1.359446538708119026e-09 -1.003902623306735128e-12 -5.345397815452503756e-11 1.103301557311136536e-11 -5.456365215403659623e-11 -2.573661470530502635e-14 1.614524952483438201e-09 -4.703012506534281502e-11 2.471013784587488091e-11 -2.220338834959425279e-10 9.899913238004442022e-11 -2.493105499871069529e-10 -7.820192503557607893e-10 -2.644076632674457122e-10 -1.350502758395797514e-12 5.835467715894269269e-13 8.371555010906782158e-12
-8.354776315073392639e-06 -8.026465952622488206e-06 -1.129372462983017336e-04 -9.074282155412052994e-06 -1.278755218377292287e-04 8.817917530459168168e-05 1.566899828293071462e-04 2.533470394623907242e-04 2.311668535916723772e-04 1.525073059914939654e-04 -8.100205146972934864e-06 -3.553122039696472593e-04 2.634529280251264832e-04 -1.070570904477649533e-03 -3.945351949197431311e-03 6.508170114801447833e-04 7.441309997883636083e-04 2.136965856042334893e-04 1.073374712980738291e-04 -1.974697845104274622e-04 -1.256048333369722079e-04 -2.631553829270567597e-04 -6.124608638225906287e-03 1.534889099378299732e-02 -5.778352656368175144e-04 -3.042545283944163119e-03 -2.016198947383065861e-05 -2.195043450054577547e-09 8.541310885425317575e-04 -2.541469574755925000e-05 2.701025330735901629e-07 1.242801327393216028e-03 3.417479326454238217e-08 -2.126730498001492041e-07 -2.068185464653479304e-06 -5.840220428042101680e-05 7.588524985792382974e-08 -2.008418275153907180e-06 9.267246776900866373e-08 -2.221582194018599821e-07 -9.934485634730227640e-11 3.851406441400149431e-04 4.844478989660713510e-06 -5.562779614092244723e-06 2.305530651926299333e-05 -1.481158220530538164e-04 2.451738999194340486e-05 3.098016853844705971e-04 3.136995798933529068e-05 -3.513946419764246776e-06 -1.965579764440567822e-07 -2.790209972349671792e-05
-2.700129028140061179e-06 -1.955604914772724652e-06 -5.505186686845779952e-05 -1.518871440254048102e-05 7.188393363393150756e-05 4.659545000896691565e-05 2.059197076700445444e-05 8.125694321399412818e-05 4.249907199981635425e-05 2.250855445037877248e-05 -1.915273267801119331e-06 4.284524312226021246e-05 -2.052558122568341932e-04 -3.105285209224089606e-04 -1.056987610331109120e-03 1.071785184408517413e-04 -1.446588706853762650e-04 -1.050488896478901342e-04 9.558070681046977493e-05 -2.110674949484037447e-06 8.051396061652616387e-05 1.015177264976185173e-04 -1.667436433456859386e-03 4.106785388986648397e-03 -2.287578094113957151e-04 8.167824720455393222e-04 -8.328211037996222829e-07 -4.747199081647676718e-10 -2.541469574755925000e-05 1.583308203212163310e-03 -2.741136425064891084e-09 2.703163640963133010e-03 4.391039972053749026e-05 2.499107587730906279e-05 -2.396632031741335832e-06 -5.193875224661333515e-04 7.949499738086398268e-05 1.425102562824847014e-05 7.757855600672527475e-05 8.670493504482689750e-06 4.683878937798484717e-07 4.065270768773939425e-04 1.387696941422017317e-05 2.935814688742722998e-07 -1.879774394719152844e-06 -2.378011600612207725e-03 -2.805509816285353225e-05 4.182813262764350712e-05 -1.547223589557629003e-06 -6.779324080566501289e-07 -2.252775363322258285e-07 -7.181361433266677036e-06
