theo_error.scale_from_amplitudes = yes
scaling_form = 1
eft_nu = 4.0
eft_C = 1.0237
eft_nu.piN = 5.0
eft_C.piN = 3.6305
residual_list.load = no
residual_list.load.prefix = N2LOsim-450-290.theo
eft_C = 0.82342319190502167
eft_C.piN = 3.62049810588359833
eft_C = 0.82342319190502167
eft_C.piN = 3.62049810588359833
eft_C = 0.82342319190502167
eft_C.piN = 3.62049810588359833
eft_C = 0.82342319190502167
eft_C.piN = 3.62049810588359833
eft_C = 0.79895369708538055
eft_C.piN = 3.62082801759243011
eft_C = 0.79769425094127655
eft_C.piN = 3.62091086804866791
