3.895879813497657882e-06 3.893352923115502552e-06 8.915291071774922315e-05 3.865201098830538914e-06 8.909709934526273347e-05 2.119636365023886424e-06 -5.901785885440692604e-05 -5.706650323946321551e-05 -5.980354748365619862e-05 -5.822396779451217465e-05 3.868889941269061883e-06 1.014040210989761024e-04 -1.164073279954114828e-04 5.787280222104909666e-04 2.027472433415360674e-03 -2.541708378017007506e-04 1.677047628150667269e-05 7.823516322508416380e-05 -1.322925349948445408e-04 4.239291736300393010e-05 -6.649965996624189512e-05 -6.751495179700616410e-05 3.173867703382799409e-03 -7.877593107424481211e-03 3.773481974861503776e-04 -3.236389125147436790e-04 1.457016837968835406e-06 4.552008235164140804e-12 -9.747041601394639901e-06 -2.589534020612926274e-06 -3.012424919780738224e-09 -4.790601771405275720e-05 2.009194646590556730e-09 -6.197132056094108648e-08 -6.808380352066905110e-08 -1.758025922878072844e-06 -1.335203412368718240e-08 7.228066268072480099e-07 -1.673647878215858922e-07 7.139920559113662043e-07 2.516033999522308241e-10 -1.484743368834925937e-04 -1.664141998124655476e-06 2.130449338131540726e-07 -9.665694247848721975e-07 4.449040304186070876e-06 -8.263435782775628853e-07 -5.605551570221442993e-05 -1.833664945614961498e-06 1.493375061685767641e-06 3.060561159685777991e-07 1.399581004519105063e-05
3.893352923115502552e-06 3.892499753815270752e-06 8.922409443349136606e-05 3.869138642322835735e-06 8.908576548866126025e-05 2.142245591412032721e-06 -5.905661998773871805e-05 -5.704359435650835521e-05 -5.976703912347341459e-05 -5.821620032479716894e-05 3.867845317748022851e-06 1.013611777283607903e-04 -1.165019515906608172e-04 5.786904414539218973e-04 2.027381283609211611e-03 -2.541908445904791556e-04 1.716868990978873778e-05 7.845025001911987812e-05 -1.323968813798914723e-04 4.233497245363471260e-05 -6.666675116031241959e-05 -6.768654095386524125e-05 3.174232495367067166e-03 -7.877478831328931300e-03 3.774725698469815665e-04 -3.255566314879390459e-04 1.450122188712791474e-06 1.216271570863440733e-12 -9.381662254404761448e-06 -1.858804527999779992e-06 -3.158697718268580736e-09 -4.892129619528055699e-05 1.873680737020670459e-09 -6.576782387604684675e-08 -6.743194053302549744e-08 -1.600108904069676342e-06 -1.333804077499451851e-08 7.222038254213233466e-07 -1.679762820434222560e-07 7.166370594366107716e-07 2.526801949380496938e-10 -1.484812490059593288e-04 -1.662617500132987698e-06 2.081520999512913063e-07 -9.378402214520495659e-07 2.937308993670162021e-07 -8.394066459080342778e-07 -5.591949524749500935e-05 -1.798964065037838906e-06 1.493179354041059730e-06 3.062885337991222729e-07 1.399457990820042428e-05
8.915291071774922315e-05 8.922409443349136606e-05 2.147407018956840920e-03 9.084745776433816031e-05 2.129279161069514911e-03 1.063012305704451262e-04 -1.360078144701846233e-03 -1.295854865423616380e-03 -1.374709568767407521e-03 -1.350542808349877635e-03 8.859463213693907931e-05 2.296401879549016950e-03 -2.752991446546529126e-03 1.336726294278939992e-02 4.697083086517667844e-02 -5.999600263330621963e-03 1.026167982120980817e-03 2.178792012850353302e-03 -3.259294277600350512e-03 8.940867440759882063e-04 -1.833100210562844555e-03 -1.828969631092453637e-03 7.460558619691654014e-02 -1.830217809045244504e-01 9.000102868135139572e-03 -1.060912973879006224e-02 1.515690442287397012e-05 -5.291750091128380689e-10 -1.465797350061701109e-04 -5.521965395410549508e-05 -2.861275824738912290e-08 -2.178189102165149250e-03 4.343636695079115820e-08 -1.564646891974902070e-06 -1.317995730150264166e-06 6.141349336188607004e-05 -3.195517713315138640e-07 1.729891922142270654e-05 -4.459671083218599803e-06 1.899243114527253651e-05 6.937814637555074597e-09 -3.595834742335187253e-03 -3.953812867245163368e-05 6.646995499488236707e-07 -4.559710980247621783e-06 -6.864179644814881486e-05 -2.317224017487490973e-06 -1.313102418403221377e-03 -2.359969643351491096e-05 3.448947281504440151e-05 7.507876034581733579e-06 3.231546558141127896e-04
3.865201098830538914e-06 3.869138642322835735e-06 9.084745776433816031e-05 5.464275827110598800e-06 8.153290603417146702e-05 -6.700337627994642253e-06 -5.833001622823352501e-05 -6.527529199616781939e-05 -5.858278729510518989e-05 -5.906210597003652251e-05 3.834188349316789102e-06 1.106070821798610946e-04 -1.281498011399581746e-04 5.760759235644082217e-04 2.026227852987473859e-03 -2.604423302346450743e-04 1.915047363674983035e-05 8.122950848986958627e-05 -1.347327631196143039e-04 4.218735026248908497e-05 -6.959322752648626790e-05 -6.706048450893107508e-05 3.202084532835056899e-03 -7.888193851006421523e-03 3.812516758919182657e-04 -3.373829969088228565e-04 9.450382747789649392e-07 -2.274623319117308049e-11 -1.104527827256950419e-05 -1.576796469610925402e-05 1.318353026882982939e-08 -1.222310262305926652e-04 1.054632863580255683e-08 -3.081095110221404325e-07 8.724341901533902981e-07 7.364668415001933042e-05 -1.098664975054278705e-08 6.368053395094121550e-07 -2.095373358963983217e-07 9.015596372948605213e-07 3.339733071910066153e-10 -1.602459707663158792e-04 -1.607663742837421300e-06 1.048078073587211887e-07 -5.139930742856486722e-07 -9.800180172669780570e-06 -5.081754196384395900e-07 -7.610642746990501988e-05 -1.677924960367462135e-06 1.501686819161852853e-06 3.097971134393783742e-07 1.397046564737739035e-05
8.909709934526273347e-05 8.908576548866126025e-05 2.129279161069514911e-03 8.153290603417146702e-05 2.178704212712495678e-03 1.554656720499870341e-04 -1.356371401539091786e-03 -1.241563963918340327e-03 -1.376738047431242274e-03 -1.340856010629385905e-03 8.852129111810378695e-05 2.256836570603747323e-03 -2.727552736220136345e-03 1.334105407360255090e-02 4.683133225125037796e-02 -5.943981133985025422e-03 1.029512242162057122e-03 2.165186025781758172e-03 -3.239958395443307687e-03 8.895746479646734171e-04 -1.817393790095200249e-03 -1.835294164699859554e-03 7.422561765861035443e-02 -1.823961213835221806e-01 8.955449608944966375e-03 -1.059405202370614432e-02 2.006815412044320236e-05 -1.774202952157548524e-10 -1.595361690419311404e-04 7.952299229165485221e-05 -1.019135222027624641e-07 -1.416166165135945235e-03 -5.562356549051954514e-08 1.365281052630635046e-06 -5.972034406513402164e-06 -3.361561047270362861e-04 -3.635936431094084088e-07 1.930114853701994757e-05 -4.442873374587964991e-06 1.882915396854564164e-05 6.931519768454204654e-09 -3.507566428766366318e-03 -3.798764488702243894e-05 1.704801716843706275e-06 -8.791908737013414760e-06 7.113872578956360372e-05 -5.468315956695917698e-06 -1.232777234829654641e-03 -2.701458560588870767e-05 3.432359695629197128e-05 7.474456621374914835e-06 3.222660407239184670e-04
2.119636365023886424e-06 2.142245591412032721e-06 1.063012305704451262e-04 -6.700337627994642253e-06 1.554656720499870341e-04 1.261317484306539614e-04 -3.508419006625857422e-05 6.550094598596933372e-05 -5.212924439105198022e-05 -1.615956458920238796e-05 2.175339625960541515e-06 -1.105437899727413985e-04 4.202292442218003802e-05 4.125581908137664696e-04 1.386941876988267638e-03 -1.255758106905171612e-04 6.895436571588959120e-04 3.968022071247037002e-04 -2.476149536772026972e-04 -6.878860918939819192e-05 -3.000661483073531434e-04 -3.667611682816458957e-04 2.591435391093368200e-03 -5.568315586400840976e-03 4.447347744970192129e-04 -3.466833873057607006e-03 -4.746075649650206463e-06 3.739958046758015801e-10 1.037063061026069792e-04 4.764908521749560756e-05 -1.600187672413133342e-07 -9.318254850681449968e-04 -2.079338044405802350e-08 5.537510790611011339e-07 -6.658114081046563501e-06 -4.254566252851253272e-04 4.657526086165024312e-09 -4.043459655843820777e-07 1.347659056107931852e-07 -6.111426737252300994e-07 -3.042310330577022205e-10 -9.388659897707714091e-05 -3.990045266349916515e-06 -1.561414196665700165e-06 6.485503852507821653e-06 -1.363933564011908406e-05 6.634659166044540042e-06 1.027525347655209361e-04 8.629444530581959367e-06 6.400545764025980356e-07 5.877515524958009126e-07 8.767300349521081328e-06
-5.901785885440692604e-05 -5.905661998773871805e-05 -1.360078144701846233e-03 -5.833001622823352501e-05 -1.356371401539091786e-03 -3.508419006625857422e-05 1.024754473568643184e-03 8.444698264435440607e-04 8.806374718104725049e-04 8.818055328500666330e-04 -5.865188391604494322e-05 -1.553868187070364323e-03 1.833425600928969418e-03 -8.785753598119661750e-03 -3.077414778175053406e-02 3.853761247026216575e-03 -2.671977548400436032e-04 -1.192986993296127904e-03 2.009961594030661679e-03 -6.415581084017377535e-04 1.013002563727186936e-03 1.031528994138556938e-03 -4.816833282123515053e-02 1.195666238699845813e-01 -5.729355048444764037e-03 4.971656979496141826e-03 -1.747222435127760500e-05 4.344887445858075776e-09 1.664086378519409398e-04 1.805936720564015001e-05 4.943715280646899541e-07 4.961159220393935015e-04 -1.912188118785605484e-08 6.642193290653039663e-07 1.150639921754772123e-06 3.820908086597749482e-05 2.195143039287308137e-07 -1.179916320386675025e-05 2.712208866235742637e-06 -1.155279441660853962e-05 -4.142336110425924632e-09 2.292324865045341879e-03 2.500423416133470080e-05 -2.310495159369720205e-06 1.067675863212523792e-05 -8.434548727285114394e-06 8.518707022710534987e-06 8.257069249446884933e-04 2.274884980937734761e-05 -2.265492182225497332e-05 -4.651259334835670761e-06 -2.124283770245632822e-04
-5.706650323946321551e-05 -5.704359435650835521e-05 -1.295854865423616380e-03 -6.527529199616781939e-05 -1.241563963918340327e-03 6.550094598596933372e-05 8.444698264435440607e-04 1.179461607377701440e-03 8.695164217390230184e-04 8.852434891740965962e-04 -5.662706728265918561e-05 -1.633729412991874637e-03 1.858499376042910788e-03 -8.422580421675715870e-03 -2.968324173055298179e-02 3.863123605675539227e-03 1.972946569698866802e-04 -9.518739717596274089e-04 1.867144409599625103e-03 -6.872798091506256840e-04 8.447638146050317608e-04 7.532791628521292790e-04 -4.667251735029273596e-02 1.154625208135560271e-01 -5.460891542863322706e-03 2.660629359683560138e-03 -2.071779462822168088e-05 -3.195613485662321247e-10 3.003193775974495735e-04 9.152630455627065568e-05 -2.174575261410472003e-07 4.321002591764607804e-03 -7.026738712505372494e-08 2.257789164040699809e-06 -4.728197801158665223e-06 -3.723044989197749110e-04 1.905529459389557269e-07 -1.064719095958020510e-05 2.844005713379214189e-06 -1.218615502227306225e-05 -4.377690721595919166e-09 2.296150683600032757e-03 2.375883583347503908e-05 -3.478877467355032964e-06 1.549272403901586618e-05 9.330633508810498632e-05 1.562904828636039285e-05 1.013163891239580051e-03 3.176320195012758763e-05 -2.228985050103065216e-05 -4.277128070854007905e-06 -2.052001011762482881e-04
-5.980354748365619862e-05 -5.976703912347341459e-05 -1.374709568767407521e-03 -5.858278729510518989e-05 -1.376738047431242274e-03 -5.212924439105198022e-05 8.806374718104725049e-04 8.695164217390230184e-04 9.989980581913311675e-04 8.900336797802113229e-04 -5.940837986851963998e-05 -1.512165652849091404e-03 1.751657674936741476e-03 -8.899253176571655932e-03 -3.115927375024694565e-02 3.891766163806264188e-03 -3.885767007152314588e-04 -1.267169335613420149e-03 2.061923908937890893e-03 -6.325189722036102507e-04 1.069379224661142630e-03 1.100667095378825983e-03 -4.883640294200870119e-02 1.210901151980560836e-01 -5.832580792000940928e-03 5.598135579119405819e-03 -2.229675764905618933e-05 -2.533521203819313461e-09 2.702501108365704813e-04 4.270187595283299700e-05 9.968273558422097568e-08 1.773785110363362491e-03 -4.642991737110952232e-08 1.588825470497193728e-06 2.019276722356947235e-06 7.431870377954235001e-05 1.826877077125041011e-07 -9.989437605362235713e-06 2.378229703467996096e-06 -1.016836555001803724e-05 -3.492053033531992360e-09 2.284623194472929462e-03 2.703624719339698401e-05 -3.415471683499111240e-06 1.557105258183607882e-05 9.913531844383249305e-06 1.453174740582258593e-05 8.628673596166195952e-04 2.915507478894180512e-05 -2.286911447200713383e-05 -4.774621095463708997e-06 -2.149502043204873348e-04
-5.822396779451217465e-05 -5.821620032479716894e-05 -1.350542808349877635e-03 -5.906210597003652251e-05 -1.340856010629385905e-03 -1.615956458920238796e-05 8.818055328500666330e-04 8.852434891740965962e-04 8.900336797802113229e-04 8.887619729671074461e-04 -5.782656627092737768e-05 -1.572053350660566244e-03 1.807358203087307833e-03 -8.649731245914367775e-03 -3.041051819357771732e-02 3.898647137330882653e-03 -1.771557307969896756e-04 -1.158296248955060408e-03 1.991199632375159970e-03 -6.486163333592597641e-04 9.969723016559259819e-04 9.585626529655679427e-04 -4.791152471015384245e-02 1.183198224372789681e-01 -5.682141546486284972e-03 4.529001282712375592e-03 -1.692560696029074156e-05 2.364237542080039016e-10 1.859609587475405477e-04 2.072082038585214186e-05 -5.004227658768427779e-08 6.362057452621879385e-04 -1.875069678665380767e-08 6.828070059735958153e-07 9.403642119332590088e-09 -3.667792673045625106e-05 2.194472157699626158e-07 -1.185358303747498355e-05 2.822184902656316204e-06 -1.202119225764950694e-05 -4.360084953129866592e-09 2.291684016819557895e-03 2.433444415464543675e-05 -2.315030370958786785e-06 1.077172118414034945e-05 -2.476385721788623988e-06 9.270885822632865815e-06 8.755498074460290811e-04 2.414690480276567231e-05 -2.257110716242695725e-05 -4.580945707671929578e-06 -2.098441254379579456e-04
3.868889941269061883e-06 3.867845317748022851e-06 8.859463213693907931e-05 3.834188349316789102e-06 8.852129111810378695e-05 2.175339625960541515e-06 -5.865188391604494322e-05 -5.662706728265918561e-05 -5.940837986851963998e-05 -5.782656627092737768e-05 4.065485936281581802e-06 9.965172107750837067e-05 -1.070169883994079264e-04 5.749831478249088287e-04 2.014260757769200608e-03 -2.524402468752093916e-04 1.693195363239760509e-05 7.784714653592486209e-05 -1.314767959234251218e-04 4.207624542528208859e-05 -6.614931717622071902e-05 -6.721588476965478418e-05 3.153114250227618837e-03 -7.826208275004326032e-03 3.749347724294369803e-04 -3.228050298931280223e-04 1.461806210474508070e-06 3.380425642485749022e-12 -9.455268978219461831e-06 -1.816229204274282956e-06 -3.213904858363457046e-09 -4.872240278875848154e-05 1.922389456568862357e-09 -6.569867852254358002e-08 -7.362030212223381960e-08 -2.102129996234006963e-06 1.073518643492545874e-05 1.015629818654567816e-06 -5.312850932384641768e-06 1.412610465495510767e-07 2.031450951221246916e-09 -1.524665706836885381e-04 -1.916453470435492434e-06 2.113240823611523228e-07 -9.500780169146129392e-07 3.705719089529180495e-07 -8.534430292255494953e-07 4.342372261173614578e-04 6.218138380384222310e-06 1.483403179565433508e-06 3.041911962840252584e-07 1.390440260327947136e-05
1.014040210989761024e-04 1.013611777283607903e-04 2.296401879549016950e-03 1.106070821798610946e-04 2.256836570603747323e-03 -1.105437899727413985e-04 -1.553868187070364323e-03 -1.633729412991874637e-03 -1.512165652849091404e-03 -1.572053350660566244e-03 9.965172107750837067e-05 3.793382168382685490e-03 -3.634274566609627978e-03 1.495387969074585960e-02 5.268164995412007168e-02 -6.841119779328778266e-03 -5.022080930257543903e-04 1.605193384331753690e-03 -3.270823678045812165e-03 1.241058508055158452e-03 -1.433394308801086425e-03 -1.271101302378066338e-03 8.262701761213171736e-02 -2.048237408856471153e-01 9.636434085913126585e-03 -3.984467624339980973e-03 3.121301759164884159e-05 -1.972291119842007723e-09 -4.307878978480816023e-04 5.208390316156730567e-05 2.376766787605651651e-07 1.233609647104456919e-03 -6.983209827812432474e-08 1.979331975036751377e-06 7.758607521461291810e-06 5.012902084505676181e-04 -2.354549668738301779e-05 2.864286978127028672e-05 3.333811510471017860e-05 3.159387555943312265e-05 -3.109728176592828141e-05 -4.017290587934719756e-03 -3.027083587212674962e-05 5.019396517739237554e-06 -2.305524510428001730e-05 1.475950730151990155e-04 -1.870573478292629455e-05 -3.768914215921311157e-03 -8.312215153313558919e-05 3.960385111102687782e-05 7.495962928648159865e-06 3.644236410380078360e-04
-1.164073279954114828e-04 -1.165019515906608172e-04 -2.752991446546529126e-03 -1.281498011399581746e-04 -2.727552736220136345e-03 4.202292442218003802e-05 1.833425600928969418e-03 1.858499376042910788e-03 1.751657674936741476e-03 1.807358203087307833e-03 -1.070169883994079264e-04 -3.634274566609627978e-03 5.147958904052951645e-03 -1.732455340295804141e-02 -6.108602002395036035e-02 7.972215402667019030e-03 -3.040173173949078413e-04 -2.338559297472975109e-03 4.028671158266234481e-03 -1.313796462967138905e-03 2.029707129705120728e-03 1.868868142003593004e-03 -9.680512468712060281e-02 2.379648866193596612e-01 -1.147187054681302748e-02 8.901409728043919306e-03 -1.389245309215710096e-05 3.801414810683047834e-09 3.624086869297567194e-04 -2.240280518134202302e-04 -1.073844456065642145e-07 -3.656007052373179758e-04 3.724638839041046425e-07 -5.932027048180345159e-06 -9.660350320296208341e-06 -6.877867023416383164e-04 5.210303656259503403e-06 -5.631279063005266417e-05 -5.699155903989025582e-04 -9.847911938110199919e-05 5.557217311882253988e-06 2.735542624182183465e-03 -1.081251940363353109e-05 -8.658698752570513453e-07 7.043600566536404296e-06 -4.995675945711169463e-05 2.046334915745820897e-06 2.074684010596952732e-02 3.433639249240412320e-04 -4.558802176608947121e-05 -9.226866373474768327e-06 -4.212890728603502243e-04
5.787280222104909666e-04 5.786904414539218973e-04 1.336726294278939992e-02 5.760759235644082217e-04 1.334105407360255090e-02 4.125581908137664696e-04 -8.785753598119661750e-03 -8.422580421675715870e-03 -8.899253176571655932e-03 -8.649731245914367775e-03 5.749831478249088287e-04 1.495387969074585960e-02 -1.732455340295804141e-02 8.616605949777934870e-02 3.018971891729226309e-01 -3.786814309235830150e-02 3.449556121413282096e-03 1.215637250710786821e-02 -1.994603934266476336e-02 6.177325450846474740e-03 -1.028979095074829785e-02 -1.048261262730771498e-02 4.735768767648118605e-01 -1.173451054060407728e+00 5.649742192449298817e-02 -5.278302582682482813e-02 1.974070903089411003e-04 6.662409382113457095e-11 -1.253115362438504080e-03 -2.999878645068361667e-04 -5.338809446878629594e-07 -8.766897336084874398e-03 2.919130906735041234e-07 -1.026201191685104512e-05 -1.122919851891371383e-05 -2.077278670786132805e-04 -1.970501719489936150e-06 1.067363706348774060e-04 -2.525750019633560999e-05 1.077413835870377545e-04 3.810514220757042157e-08 -2.221201820178974468e-02 -2.498612830893156460e-04 2.689891064822789226e-05 -1.239506619581571840e-04 -4.169147445150983621e-05 -1.094384105495566225e-04 -8.303770992149236280e-03 -2.506405205797592579e-04 2.219753187172244483e-04 4.613925396840023790e-05 2.082700132791782607e-03
2.027472433415360674e-03 2.027381283609211611e-03 4.697083086517667844e-02 2.026227852987473859e-03 4.683133225125037796e-02 1.386941876988267638e-03 -3.077414778175053406e-02 -2.968324173055298179e-02 -3.115927375024694565e-02 -3.041051819357771732e-02 2.014260757769200608e-03 5.268164995412007168e-02 -6.108602002395036035e-02 3.018971891729226309e-01 1.073655628980470400e+00 -1.332956343312103054e-01 1.198614230450280663e-02 4.002008456423514215e-02 -6.270536246069785546e-02 1.849972990028099507e-02 -3.778905922695056235e-02 2.475088124151260394e-02 1.548742253341983233e+00 -4.140185822219596190e+00 1.291183101020075275e-01 -1.417436422521888839e-01 6.605819028243475454e-04 -1.268329282146585390e-09 -4.670148107804630508e-03 -1.018703550961172878e-03 -1.340037768300346531e-06 -3.092246976715736645e-02 9.728247148219693473e-07 -3.434056825944774381e-05 -3.353651721851294478e-05 -3.275147369761622750e-04 -7.017353058927959861e-06 3.799682698863336640e-04 -9.045026828459067254e-05 3.857157317753585326e-04 1.371863318176701313e-07 -7.831411224769622981e-02 -8.735920550760495904e-04 8.837802169825462954e-05 -4.093217821210073698e-04 -1.836312317432314475e-04 -3.585867344834709359e-04 -2.933920181737595390e-02 -8.561729701437952554e-04 6.917957667545745863e-04 1.718305008571797726e-04 8.677246915293009358e-03
-2.541708378017007506e-04 -2.541908445904791556e-04 -5.999600263330621963e-03 -2.604423302346450743e-04 -5.943981133985025422e-03 -1.255758106905171612e-04 3.853761247026216575e-03 3.863123605675539227e-03 3.891766163806264188e-03 3.898647137330882653e-03 -2.524402468752093916e-04 -6.841119779328778266e-03 7.972215402667019030e-03 -3.786814309235830150e-02 -1.332956343312103054e-01 1.721431899802462751e-02 -1.408738582770710903e-03 -5.444551805168562630e-03 8.925263329011275809e-03 -2.756118392894370793e-03 4.665200021375834685e-03 4.460542804716730383e-03 -2.111404573488943059e-01 5.191709083791395951e-01 -2.516999676859459772e-02 2.294233967116710710e-02 -5.820486941594500626e-05 1.364294163446517891e-09 8.115098341916535509e-04 1.015409445676038278e-04 -2.573687396027743337e-07 4.017474821905940921e-03 -8.183921223451771818e-08 3.007900535697647639e-06 -4.616093326405112015e-07 -2.788745941758903201e-04 9.712628216853538848e-07 -5.247865128577545416e-05 1.290849020871417435e-05 -5.495342717031658939e-05 -2.014627117712798718e-08 1.021421651248569443e-02 1.080627811602761633e-04 -6.444353719600808109e-06 3.159377392242264219e-05 5.186913368863447734e-05 2.531252590734594219e-05 3.876909466207451548e-03 9.004010511402928206e-05 -9.885179968656132045e-05 -2.049920909910459612e-05 -9.186781888503146474e-04
1.677047628150667269e-05 1.716868990978873778e-05 1.026167982120980817e-03 1.915047363674983035e-05 1.029512242162057122e-03 6.895436571588959120e-04 -2.671977548400436032e-04 1.972946569698866802e-04 -3.885767007152314588e-04 -1.771557307969896756e-04 1.693195363239760509e-05 -5.022080930257543903e-04 -3.040173173949078413e-04 3.449556121413282096e-03 1.198614230450280663e-02 -1.408738582770710903e-03 6.348226204613682117e-03 3.723737632222971425e-03 -2.334817371056356530e-03 -6.418017961672009639e-04 -2.858372442927495545e-03 -3.271414115434502501e-03 2.416357508119205966e-02 -4.901315612409034433e-02 4.135638360587368632e-03 -3.195636643235955782e-02 -6.825529833799439425e-05 1.941446135872946861e-09 8.508298375593708121e-04 -1.685694963678239643e-04 -5.852408552068299835e-07 -1.127833589703652016e-02 1.207713626088522914e-07 -4.256993635938321032e-06 -1.132366062109263309e-05 1.601967727994082699e-05 9.489743050915481738e-08 -4.702048830804691820e-06 -1.461023379577914769e-06 6.191167410799743368e-06 2.526331177063226535e-09 -1.405593066529690080e-03 -2.899663260258992861e-05 -1.943299849796524493e-05 8.100869407996763452e-05 -5.003390616512672431e-04 7.902060940749634798e-05 -1.343550606853951418e-04 8.432040947460892966e-05 5.875348114657817791e-06 5.434693879620251057e-06 7.456483313785899469e-05
7.823516322508416380e-05 7.845025001911987812e-05 2.178792012850353302e-03 8.122950848986958627e-05 2.165186025781758172e-03 3.968022071247037002e-04 -1.192986993296127904e-03 -9.518739717596274089e-04 -1.267169335613420149e-03 -1.158296248955060408e-03 7.784714653592486209e-05 1.605193384331753690e-03 -2.338559297472975109e-03 1.215637250710786821e-02 4.002008456423514215e-02 -5.444551805168562630e-03 3.723737632222971425e-03 8.613090696599885743e-03 -1.032245723495968902e-02 1.543696288571940866e-03 -1.866524373678454113e-03 -1.725457979514533405e-02 9.403512738711600205e-02 -1.635537806150184625e-01 -1.505127321389687634e-03 -4.958006165350161559e-03 -2.012325083929959488e-05 6.431452091217542818e-10 2.249115277233073836e-04 -1.162848519335167200e-04 -2.356147816141676640e-07 -7.030713733300028405e-03 8.569610881705350968e-08 -3.054833253614594599e-06 -5.809169489284206629e-06 8.606199995359886125e-05 -2.157502690135290544e-07 1.188058473953511394e-05 -4.301062332986643820e-06 1.829484225856705418e-05 6.844431598399137719e-09 -3.530698759034866727e-03 -4.475837333857384236e-05 -8.484063888812536775e-06 3.407696040167850372e-05 -2.774988817926433982e-04 3.474616129839896978e-05 -1.130363782318517373e-03 1.984639172344772551e-05 8.494383868351684384e-05 -1.874375660358418701e-05 1.283040399145226793e-05
-1.322925349948445408e-04 -1.323968813798914723e-04 -3.259294277600350512e-03 -1.347327631196143039e-04 -3.239958395443307687e-03 -2.476149536772026972e-04 2.009961594030661679e-03 1.867144409599625103e-03 2.061923908937890893e-03 1.991199632375159970e-03 -1.314767959234251218e-04 -3.270823678045812165e-03 4.028671158266234481e-03 -1.994603934266476336e-02 -6.270536246069785546e-02 8.925263329011275809e-03 -2.334817371056356530e-03 -1.032245723495968902e-02 4.981801471501359074e-02 -2.813449627030662273e-02 8.208729596220397384e-03 4.157299155025133419e-02 -1.779146476892380369e-01 2.631458125981890328e-01 -6.204160071753720557e-02 4.131653582479793974e-02 -1.711691565447388762e-05 -5.154792249066210525e-11 1.471467934717598310e-04 9.917543251506325929e-05 1.058212185569791291e-07 4.847900342249636223e-03 -8.002696509019520286e-08 2.858851903445940375e-06 3.590987001720339447e-06 -7.877719512594957244e-05 4.464950492264901726e-07 -2.425324239074151125e-05 6.550202021459101184e-06 -2.789485547504360515e-05 -1.018259523562115923e-08 5.419925474828573078e-03 6.207527498972714719e-05 7.161239323768540694e-07 -5.204736460904832809e-07 1.467628452239388417e-04 -3.198309298026076754e-06 1.946280633029065467e-03 2.758783311962848651e-05 -7.770420273632402865e-04 2.403436688277163405e-05 1.223661603970317355e-03
4.239291736300393010e-05 4.233497245363471260e-05 8.940867440759882063e-04 4.218735026248908497e-05 8.895746479646734171e-04 -6.878860918939819192e-05 -6.415581084017377535e-04 -6.872798091506256840e-04 -6.325189722036102507e-04 -6.486163333592597641e-04 4.207624542528208859e-05 1.241058508055158452e-03 -1.313796462967138905e-03 6.177325450846474740e-03 1.849972990028099507e-02 -2.756118392894370793e-03 -6.418017961672009639e-04 1.543696288571940866e-03 -2.813449627030662273e-02 1.893422644312671085e-02 -3.639708062842238537e-03 -1.457378048201121191e-02 5.712058196475307270e-02 -7.724947898143888492e-02 3.920886854595688475e-02 -2.322545312271912660e-02 2.369625387631808501e-05 -3.347134233639715075e-10 -2.299962204206365481e-04 2.164367609225200338e-06 6.440820945550474622e-08 9.198772785222284355e-04 3.281057715568956844e-09 -1.196852954024020738e-07 9.889324581005099598e-07 -1.506216632704513998e-06 -1.708032860329807922e-07 9.183514941218522774e-06 -1.829001280806040117e-06 7.802830212856365528e-06 2.744062223629351819e-09 -1.539478434696235978e-03 -1.512891336686009896e-05 4.603894960941894298e-06 -2.008543483322792518e-05 6.648641708494214524e-05 -1.868364146428981804e-05 -6.338680272079251455e-04 -3.048768149889031457e-05 5.139524941547271488e-04 -1.183697511430103176e-05 -8.105959571879446830e-04
-6.649965996624189512e-05 -6.666675116031241959e-05 -1.833100210562844555e-03 -6.959322752648626790e-05 -1.817393790095200249e-03 -3.000661483073531434e-04 1.013002563727186936e-03 8.447638146050317608e-04 1.069379224661142630e-03 9.969723016559259819e-04 -6.614931717622071902e-05 -1.433394308801086425e-03 2.029707129705120728e-03 -1.028979095074829785e-02 -3.778905922695056235e-02 4.665200021375834685e-03 -2.858372442927495545e-03 -1.866524373678454113e-03 8.208729596220397384e-03 -3.639708062842238537e-03 7.239192870860300388e-02 -3.057493208690358066e-03 -4.702057549191377556e-02 1.424239361554568983e-01 -1.643857338870060025e-01 1.803916435854603373e-01 1.613419989618756622e-05 -3.297183671167373315e-10 -1.256007134251905231e-04 8.853228085902987944e-05 1.291605342242468952e-07 5.466514999662263133e-03 -6.334967343560009988e-08 2.274092655039714939e-06 3.931980253018273094e-06 -1.052150100412566324e-04 2.000879771069276466e-07 -1.097045316679068152e-05 3.783638021115814218e-06 -1.608756464952717458e-05 -6.055238368323462731e-09 3.005891012889793518e-03 3.685963476385500465e-05 6.730101405377328681e-06 -2.698381220921800894e-05 2.151273534033689490e-04 -2.765896727919871923e-05 9.864377856219684691e-04 -1.430463069467273387e-05 -4.356553662834068870e-06 -1.928206149317244513e-04 -1.092080200219258646e-04
-6.751495179700616410e-05 -6.768654095386524125e-05 -1.828969631092453637e-03 -6.706048450893107508e-05 -1.835294164699859554e-03 -3.667611682816458957e-04 1.031528994138556938e-03 7.532791628521292790e-04 1.100667095378825983e-03 9.585626529655679427e-04 -6.721588476965478418e-05 -1.271101302378066338e-03 1.868868142003593004e-03 -1.048261262730771498e-02 2.475088124151260394e-02 4.460542804716730383e-03 -3.271414115434502501e-03 -1.725457979514533405e-02 4.157299155025133419e-02 -1.457378048201121191e-02 -3.057493208690358066e-03 7.979075103140614855e-01 -1.640577051652721829e+00 5.862881766342276091e-01 -6.037390570164716808e-01 3.808577648532482374e-01 5.871980932297519193e-06 -1.129972441688227746e-09 -3.030494601063438717e-04 1.130869711505514503e-04 4.059900051935462503e-07 6.024343072783300800e-03 -9.319340023838170117e-08 3.259049150730732614e-06 7.246420595476192653e-06 7.719011075479897954e-05 1.425083406349211640e-07 -7.941678634699051971e-06 2.970106688206324800e-06 -1.266968720174872255e-05 -4.513527214008976752e-09 2.860782411289533762e-03 3.936061943480480973e-05 5.170136542520084637e-06 -2.025119070273784163e-05 2.268884812207336310e-04 -2.086094885603797145e-05 8.810803942493629880e-04 -9.135203421478080461e-06 -2.194910213079752305e-04 -3.153919282452715984e-04 5.102555105177660789e-03
3.173867703382799409e-03 3.174232495367067166e-03 7.460558619691654014e-02 3.202084532835056899e-03 7.422561765861035443e-02 2.591435391093368200e-03 -4.816833282123515053e-02 -4.667251735029273596e-02 -4.883640294200870119e-02 -4.791152471015384245e-02 3.153114250227618837e-03 8.262701761213171736e-02 -9.680512468712060281e-02 4.735768767648118605e-01 1.548742253341983233e+00 -2.111404573488943059e-01 2.416357508119205966e-02 9.403512738711600205e-02 -1.779146476892380369e-01 5.712058196475307270e-02 -4.702057549191377556e-02 -1.640577051652721829e+00 5.792962869047340924e+00 -7.416214333213936527e+00 1.565050862823104572e+00 -1.100967148265189488e+00 8.585938072212297980e-04 -5.411213430937385212e-09 -7.466799083270582796e-03 -1.629794951642117269e-03 -7.821475641837926535e-07 -5.926467825331776379e-02 1.453252985100667902e-06 -5.181113738533942194e-05 -4.248142837135461888e-05 8.956058477810556993e-04 -1.124101026183931763e-05 6.085839157629503856e-04 -1.490788521051659933e-04 6.352883489463833104e-04 2.288660216738345382e-07 -1.250234152545581789e-01 -1.381462874393602847e-03 9.945743563484565431e-05 -4.765907252869867623e-04 -8.765125671240012704e-04 -3.997501746898852646e-04 -4.669228661590007351e-02 -1.180145464968903506e-03 1.427115322656276764e-03 9.454647566304896257e-04 1.817468941361292337e-03
-7.877593107424481211e-03 -7.877478831328931300e-03 -1.830217809045244504e-01 -7.888193851006421523e-03 -1.823961213835221806e-01 -5.568315586400840976e-03 1.195666238699845813e-01 1.154625208135560271e-01 1.210901151980560836e-01 1.183198224372789681e-01 -7.826208275004326032e-03 -2.048237408856471153e-01 2.379648866193596612e-01 -1.173451054060407728e+00 -4.140185822219596190e+00 5.191709083791395951e-01 -4.901315612409034433e-02 -1.635537806150184625e-01 2.631458125981890328e-01 -7.724947898143888492e-02 1.424239361554568983e-01 5.862881766342276091e-01 -7.416214333213936527e+00 1.660420026523187431e+01 -1.041880178226754383e+00 9.155919336329040314e-01 -2.480135587731218359e-03 6.803856884443947059e-09 1.827515444515746129e-02 3.967359561849146364e-03 4.495918725137063134e-06 1.251419120382377681e-01 -3.737671918655734586e-06 1.322036091472506068e-04 1.245233352511652622e-04 5.467288267978321443e-04 2.740588582163254702e-05 -1.483878462031129608e-03 3.552615947494572020e-04 -1.514749605133337883e-03 -5.402328718805495640e-07 3.054949555813053497e-01 3.400256088081268779e-03 -3.244272843213499543e-04 1.510318790002906485e-03 9.899491048298838733e-04 1.314390972624639164e-03 1.143954688079695664e-01 3.248998003873620512e-03 -2.621577874561071501e-03 -1.034885516169853966e-03 -3.125563763115508931e-02
3.773481974861503776e-04 3.774725698469815665e-04 9.000102868135139572e-03 3.812516758919182657e-04 8.955449608944966375e-03 4.447347744970192129e-04 -5.729355048444764037e-03 -5.460891542863322706e-03 -5.832580792000940928e-03 -5.682141546486284972e-03 3.749347724294369803e-04 9.636434085913126585e-03 -1.147187054681302748e-02 5.649742192449298817e-02 1.291183101020075275e-01 -2.516999676859459772e-02 4.135638360587368632e-03 -1.505127321389687634e-03 -6.204160071753720557e-02 3.920886854595688475e-02 -1.643857338870060025e-01 -6.037390570164716808e-01 1.565050862823104572e+00 -1.041880178226754383e+00 3.153066401313115108e+00 -2.727203283892150054e+00 8.692196153798728325e-05 -2.608689575257650304e-10 -7.101695670114983785e-04 -2.258891841858137956e-04 -2.047773397154932768e-07 -9.276597856466783920e-03 1.951686026863990030e-07 -6.950190723366541103e-06 -7.237132136832246531e-06 1.135201560728713531e-04 -1.306470227352238017e-06 7.081867231559844207e-05 -1.788442689047654429e-05 7.620473927082634948e-05 2.752177305854844956e-08 -1.502159168428916086e-02 -1.686330198723462914e-04 7.699895686955687352e-06 -3.939566397235819899e-05 -2.053785250098762421e-04 -3.074763389627175898e-05 -5.531464452224285622e-03 -1.216503450468015717e-04 5.492111995301230797e-04 -7.206244943571555846e-04 -3.663169521163584484e-03
-3.236389125147436790e-04 -3.255566314879390459e-04 -1.060912973879006224e-02 -3.373829969088228565e-04 -1.059405202370614432e-02 -3.466833873057607006e-03 4.971656979496141826e-03 2.660629359683560138e-03 5.598135579119405819e-03 4.529001282712375592e-03 -3.228050298931280223e-04 -3.984467624339980973e-03 8.901409728043919306e-03 -5.278302582682482813e-02 -1.417436422521888839e-01 2.294233967116710710e-02 -3.195636643235955782e-02 -4.958006165350161559e-03 4.131653582479793974e-02 -2.322545312271912660e-02 1.803916435854603373e-01 3.808577648532482374e-01 -1.100967148265189488e+00 9.155919336329040314e-01 -2.727203283892150054e+00 2.615580695090438113e+00 2.587187541748953439e-04 -8.735691603038605530e-09 -3.450023691760929767e-03 9.235047534962514092e-04 2.816175993141962595e-06 5.804430088639182111e-02 -6.826509531360153903e-07 2.411267556952488109e-05 5.675272881468166177e-05 -1.591984581400519264e-04 4.187184506872809673e-07 -2.473006920840508153e-05 1.846461461097008698e-05 -7.851621993979041145e-05 -2.971473786532980911e-08 1.629895203175298762e-02 2.436857435675708465e-04 8.470566671713521839e-05 -3.483552094185991691e-04 2.441220596636074769e-03 -3.448347100219068548e-04 4.237321086793427102e-03 -3.098362311219197995e-04 -3.343048784490363344e-04 8.837999633758007907e-04 6.565214341983927060e-04
1.457016837968835406e-06 1.450122188712791474e-06 1.515690442287397012e-05 9.450382747789649392e-07 2.006815412044320236e-05 -4.746075649650206463e-06 -1.747222435127760500e-05 -2.071779462822168088e-05 -2.229675764905618933e-05 -1.692560696029074156e-05 1.461806210474508070e-06 3.121301759164884159e-05 -1.389245309215710096e-05 1.974070903089411003e-04 6.605819028243475454e-04 -5.820486941594500626e-05 -6.825529833799439425e-05 -2.012325083929959488e-05 -1.711691565447388762e-05 2.369625387631808501e-05 1.613419989618756622e-05 5.871980932297519193e-06 8.585938072212297980e-04 -2.480135587731218359e-03 8.692196153798728325e-05 2.587187541748953439e-04 1.034528609972742074e-04 -3.500744365348739327e-11 -2.014913238434604565e-05 -9.523227708354616135e-07 -7.529462317931877001e-09 6.012848489167945922e-05 1.307750577898261681e-07 3.969877195233556060e-09 -1.855227676550120752e-07 -2.237333126390131691e-05 9.501838550376131435e-07 -5.767832259771446256e-08 1.013312292019544030e-06 -3.613508427442239264e-07 -1.799367160580939207e-10 -2.051260637531081944e-05 -7.383625088510024026e-07 9.817801138928902856e-06 -3.009574259664650514e-06 3.529883505707347028e-05 -3.922181008471841440e-06 4.937254667325435440e-05 -3.578314028864062722e-06 4.801903956031113514e-07 4.683142331290231211e-08 4.713063881252535655e-06
4.552008235164140804e-12 1.216271570863440733e-12 -5.291750091128380689e-10 -2.274623319117308049e-11 -1.774202952157548524e-10 3.739958046758015801e-10 4.344887445858075776e-09 -3.195613485662321247e-10 -2.533521203819313461e-09 2.364237542080039016e-10 3.380425642485749022e-12 -1.972291119842007723e-09 3.801414810683047834e-09 6.662409382113457095e-11 -1.268329282146585390e-09 1.364294163446517891e-09 1.941446135872946861e-09 6.431452091217542818e-10 -5.154792249066210525e-11 -3.347134233639715075e-10 -3.297183671167373315e-10 -1.129972441688227746e-09 -5.411213430937385212e-09 6.803856884443947059e-09 -2.608689575257650304e-10 -8.735691603038605530e-09 -3.500744365348739327e-11 1.905078223485071752e-13 -2.718705053720632429e-09 -5.399047877408124831e-10 1.091833898793976517e-11 -3.074667162098130902e-08 1.391614051023185946e-13 -2.417892324192264391e-11 -2.749485783668457460e-11 -1.461476335614523968e-09 -1.426535362709728905e-12 -6.322992291481118757e-11 1.268942553166455605e-11 -6.411272944841697914e-11 -3.171262627423899163e-14 2.086640850029542761e-09 -5.142600918233310924e-11 3.208696812724039554e-11 -2.586384053053435141e-10 9.653561183280910147e-11 -2.916540494372298101e-10 -9.051197069147573740e-10 -3.088427843990629414e-10 -3.741483057142116183e-12 4.782664667251207506e-13 -8.837977307017836594e-12
-9.747041601394639901e-06 -9.381662254404761448e-06 -1.465797350061701109e-04 -1.104527827256950419e-05 -1.595361690419311404e-04 1.037063061026069792e-04 1.664086378519409398e-04 3.003193775974495735e-04 2.702501108365704813e-04 1.859609587475405477e-04 -9.455268978219461831e-06 -4.307878978480816023e-04 3.624086869297567194e-04 -1.253115362438504080e-03 -4.670148107804630508e-03 8.115098341916535509e-04 8.508298375593708121e-04 2.249115277233073836e-04 1.471467934717598310e-04 -2.299962204206365481e-04 -1.256007134251905231e-04 -3.030494601063438717e-04 -7.466799083270582796e-03 1.827515444515746129e-02 -7.101695670114983785e-04 -3.450023691760929767e-03 -2.014913238434604565e-05 -2.718705053720632429e-09 9.975612674036817701e-04 -3.057560511363260675e-05 2.276059993799219143e-07 1.349280011774226786e-03 5.598029189933420670e-08 -3.230603712422999733e-07 -2.700275042726919967e-06 -9.120155333714091478e-05 1.268883245934329787e-07 -2.778889365086319060e-06 2.967072568049389171e-07 -9.296479674181007569e-07 -3.934180549799323837e-10 4.867177261024671154e-04 5.563528226806815691e-06 -5.797443205470962697e-06 2.409686444233990503e-05 -1.598656946136972645e-04 2.582842129430555725e-05 3.725296200071765915e-04 3.379647317293200178e-05 -4.201117658070206110e-06 -2.726263244714851468e-07 -3.295464894223501463e-05
-2.589534020612926274e-06 -1.858804527999779992e-06 -5.521965395410549508e-05 -1.576796469610925402e-05 7.952299229165485221e-05 4.764908521749560756e-05 1.805936720564015001e-05 9.152630455627065568e-05 4.270187595283299700e-05 2.072082038585214186e-05 -1.816229204274282956e-06 5.208390316156730567e-05 -2.240280518134202302e-04 -2.999878645068361667e-04 -1.018703550961172878e-03 1.015409445676038278e-04 -1.685694963678239643e-04 -1.162848519335167200e-04 9.917543251506325929e-05 2.164367609225200338e-06 8.853228085902987944e-05 1.130869711505514503e-04 -1.629794951642117269e-03 3.967359561849146364e-03 -2.258891841858137956e-04 9.235047534962514092e-04 -9.523227708354616135e-07 -5.399047877408124831e-10 -3.057560511363260675e-05 1.753421456458362226e-03 -4.542500517861308623e-10 3.030889458088388555e-03 5.592305412958895375e-05 2.975532375366891593e-05 -2.031145886963211700e-06 -5.529317882532401281e-04 1.016849007030224989e-04 1.591742453299483840e-05 9.947920910811348884e-05 9.904687266210816741e-06 5.800400925291437196e-07 4.620837833479861552e-04 1.491855781396779184e-05 3.384551038982649926e-07 -2.232563723137966666e-06 -2.341665027966724141e-03 -2.812819044877245379e-05 4.521522852770341362e-05 -1.863422568301197654e-06 -6.366755850740730640e-07 -2.373528916937529614e-07 -6.869465422047108769e-06
