par.Ct_1S0np = -0.146611267312938
par.Ct_1S0pp = -0.145566732879348
par.C_1S0 = 2.48458881120570
par.Ct_3S1 = -0.154690894544558
par.C_3S1 = 0.582557216174106
par.C_3S1-3D1 = 0.520128060980943
par.C_3P0 = 1.35149307866431
par.C_1P1 = 0.432300160450470
par.C_3P1 = -0.755547923684373
par.C_3P2 = -0.635119810922518
par.Ct_1S0nn = -0.146683876702588
par.c_D = -0.212747319838762
par.c_E = -1.29722410111839
par.c1 = 0.102465114724103
par.c2 = 4.66902285551098
par.c3 = -3.46170855197589
par.c4 = 3.41719049799129
par.d1+d2 = 5.02294004508938
par.d3 = -4.66141516222632
par.d5 = -0.174660154440352
par.d14-d15 = -9.99909387193032
par.e14 = -0.285113773072444E-01
par.e15 = -10.6155776956096
par.e16 = 2.08332099605949
par.e17 = 1.24354215178096
par.e18 = 1.39333591673746
par.Ct_1S0np = -0.149148473578897
par.Ct_1S0pp = -0.148243381192550
par.C_1S0 = 2.41578955770005
par.Ct_3S1 = -0.155151080761359
par.C_3S1 = 0.519281130742670
par.C_3S1-3D1 = 0.404695430499781
par.C_3P0 = 1.55143093162114
par.C_1P1 = 0.341593886537368
par.C_3P1 = -0.618615953183886
par.C_3P2 = -0.668337143215802
par.Ct_1S0nn = -0.149322283526684
par.c_D = -0.583669256478388
par.c_E = -1.31130836182113
par.c1 = -0.408528903234100
par.c2 = 3.29267276334490
par.c3 = -3.62292137733374
par.c4 = 2.52694760019181
par.d1+d2 = 4.60014479856924
par.d3 = -4.44780786239404
par.d5 = -0.706062057669681E-01
par.d14-d15 = -9.71401323631578
par.e14 = 0.496863603515782
par.e15 = -12.1360438576181
par.e16 = 7.05643449225159
par.e17 = 0.906128083555041
par.e18 = 5.70030914720303
par.Ct_1S0np = -0.148823361166725
par.Ct_1S0pp = -0.147963975576138
par.C_1S0 = 2.40917745546426
par.Ct_3S1 = -0.152247930249549
par.C_3S1 = 0.513197987654085
par.C_3S1-3D1 = 0.386489789003005
par.C_3P0 = 1.55735585617011
par.C_1P1 = 0.326392295090233
par.C_3P1 = -0.651842609057958
par.C_3P2 = -0.666483290168564
par.Ct_1S0nn = -0.149075823128141
par.c_D = -0.166680031581407
par.c_E = -1.44567391105399
par.c1 = -0.376548683660934
par.c2 = 3.37439157107733
par.c3 = -3.60782883401571
par.c4 = 2.50835063318482
par.d1+d2 = 4.58541998222784
par.d3 = -4.43932150545439
par.d5 = -0.671604623202810E-01
par.d14-d15 = -9.69696822737698
par.e14 = 0.498362942089487
par.e15 = -12.1386829367097
par.e16 = 6.80233880048748
par.e17 = 0.903246700128501
par.e18 = 5.79088344060957
par.Ct_1S0np = -0.148758202928553
par.Ct_1S0pp = -0.147892751215600
par.C_1S0 = 2.41888364590172
par.Ct_3S1 = -0.147648589984162
par.C_3S1 = 0.503636684869930
par.C_3S1-3D1 = 0.367085135272207
par.C_3P0 = 1.55727662295998
par.C_1P1 = 0.295196324020646
par.C_3P1 = -0.651982906699983
par.C_3P2 = -0.669715404379359
par.Ct_1S0nn = -0.149031630948400
par.c_D = -0.179967668669615
par.c_E = -1.49102433533651
par.c1 = -0.359689690643305
par.c2 = 3.45109529541297
par.c3 = -3.63155603457299
par.c4 = 2.54779060593548
par.d1+d2 = 4.61266781931294
par.d3 = -4.45801963831058
par.d5 = -0.709165342244060E-01
par.d14-d15 = -9.72021960146939
par.e14 = 0.480653483611314
par.e15 = -11.9196525492483
par.e16 = 6.45570600330039
par.e17 = 0.935938275677611
par.e18 = 5.58737414715226
par.Ct_1S0np = -0.148748219061177
par.Ct_1S0pp = -0.147882190320493
par.C_1S0 = 2.41879734541388
par.Ct_3S1 = -0.147716701838644
par.C_3S1 = 0.503732798265753
par.C_3S1-3D1 = 0.367728150432215
par.C_3P0 = 1.55616515040636
par.C_1P1 = 0.295804326037948
par.C_3P1 = -0.653056311785966
par.C_3P2 = -0.669453997517516
par.Ct_1S0nn = -0.149064601609215
par.c_D = 0.632397844260683
par.c_E = -1.75741725101616
par.c1 = -0.357885273710271
par.c2 = 3.45485173838985
par.c3 = -3.62996716358372
par.c4 = 2.54969412134691
par.d1+d2 = 4.61332262294028
par.d3 = -4.45834342942270
par.d5 = -0.710826994793566E-01
par.d14-d15 = -9.72072450502819
par.e14 = 0.479733338093944
par.e15 = -11.9222504054205
par.e16 = 6.44556543021875
par.e17 = 0.932189863230411
par.e18 = 5.58153776211683
