theo_error.scale_from_amplitudes = yes
scaling_form = 1
eft_nu = 4.0
eft_C = 1.0237
eft_nu.piN = 5.0
eft_C.piN = 3.6305
residual_list.load = no
residual_list.load.prefix = N2LOsim-525-191.theo
eft_C = 1.91128872334957123
eft_C.piN = 3.63604821264743805
eft_C = 1.42700739204883575
eft_C.piN = 3.65056924521923065
eft_C = 1.39625392854213715
eft_C.piN = 3.65047551691532135
eft_C = 1.39490567147731781
eft_C.piN = 3.65052305161952972
