theo_error.scale_from_amplitudes = yes
scaling_form = 1
eft_nu = 4.0
eft_C = 1.0237
eft_nu.piN = 5.0
eft_C.piN = 3.6305
residual_list.load = no
residual_list.load.prefix = N2LOsim-525-257.theo
eft_C = 1.26391522586345673
eft_C.piN = 3.63605000078678131
eft_C = 1.26721002161502838
eft_C.piN = 3.63571308553218842
eft_C = 1.26699872314929962
eft_C.piN = 3.63548584282398224
eft_C = 1.26699872314929962
eft_C.piN = 3.63548584282398224
