par.Ct_1S0nn = -0.153458270203599
par.c_D = -0.581207399968818
par.c_E = -0.666635210487111
par.Ct_1S0nn = -0.157022068818404
par.c_D = 7.44881477593484
par.c_E = 4.19189272732969
par.Ct_1S0nn = -0.152213094138749
par.c_D = 14.5138056425428
par.c_E = 6.40427534191148
par.Ct_1S0nn = -0.152558046508932
par.c_D = 16.1535341793005
par.c_E = 6.83181645795967
