theo_error.scale_from_amplitudes = yes
scaling_form = 1
eft_nu = 4.0
eft_C = 1.0237
eft_nu.piN = 5.0
eft_C.piN = 3.6305
residual_list.load = no
residual_list.load.prefix = N2LOsim-575-290.theo
eft_C = 1.56550370156764984
eft_C.piN = 3.65319080650806427
eft_C = 1.55986182391643524
eft_C.piN = 3.64331431686878204
eft_C = 1.55744962394237518
eft_C.piN = 3.64298112690448761
eft_C = 1.55732966959476471
eft_C.piN = 3.64299245178699493
