theo_error.scale_from_amplitudes = yes
scaling_form = 1
eft_nu = 4.0
eft_C = 1.0237
eft_C = 1.1064
eft_nu.piN = 5.0
eft_C.piN = 3.6305
eft_C.piN = 3.6789
residual_list.load = no
residual_list.load.prefix = N2LOsim-500-125.theo
eft_C = 1.10965497791767120
eft_C.piN = 3.67706112563610077
eft_C = 1.10965497791767120
eft_C.piN = 3.67706112563610077
eft_C = 1.10859639942646027
eft_C.piN = 3.67666505277156830
