theo_error.scale_from_amplitudes = yes
scaling_form = 1
eft_nu = 4.0
eft_C = 1.0237
eft_nu.piN = 5.0
eft_C.piN = 3.6305
residual_list.load = no
residual_list.load.prefix = N2LOsim-450-257.theo
eft_C = 0.87063081562519073
eft_C.piN = 3.62091086804866791
eft_C = 0.87276630103588104
eft_C.piN = 3.62083189189434052
