theo_error.scale_from_amplitudes = yes
scaling_form = 1
eft_nu = 4.0
eft_C = 1.0237
eft_nu.piN = 5.0
eft_C.piN = 3.6305
residual_list.load = no
residual_list.load.prefix = N2LOsim-575-257.theo
eft_C = 1.66858591139316559
eft_C.piN = 3.64298112690448761
eft_C = 1.67397134006023407
eft_C.piN = 3.64395506680011749
eft_C = 1.67388238012790680
eft_C.piN = 3.64381439983844757
