4.011663180538567171e-06 4.008978429880981672e-06 9.251250911279917119e-05 3.993778492731225016e-06 9.259376964336263121e-05 2.310295845356060249e-06 -5.974447344875771982e-05 -5.850453868825571932e-05 -6.160323218740120898e-05 -6.025880720672280105e-05 3.996282749704316539e-06 8.092128667796758565e-05 4.964822570883694878e-06 5.952131924887891579e-04 2.088754636661310869e-03 -2.642690634902668365e-04 1.915440200050695218e-05 8.187873860519599776e-05 -1.371159056201103066e-04 4.348408159652102252e-05 -7.046695130292343818e-05 -6.870433378135032193e-05 3.278839085374880748e-03 -8.121030656681500412e-03 3.901629403797215708e-04 -3.443975206916161016e-04 1.425735331271049813e-06 1.505014188440527722e-11 -1.258211589955753187e-05 -2.252087137432875588e-06 -2.546642575260559619e-09 -6.241094834183102892e-05 1.759471606642352155e-09 -5.456471234803865818e-08 -6.307427688806937231e-08 -1.171746638774145895e-06 -1.232354901650432138e-08 5.409769753900444872e-07 -1.512315234258608531e-07 6.171832863022639523e-07 3.233707455552381627e-10 -7.643380878579135570e-05 -1.373439774136359780e-07 2.069868580057731783e-07 -9.373613902066343595e-07 4.499290478740763172e-06 -7.984549290494185946e-07 -3.118039974053014266e-05 -1.442715841113074814e-06 1.540710734980125434e-06 3.133615750707313182e-07 1.440379839032874570e-05
4.008978429880981672e-06 4.007620750594002669e-06 9.258359676727919276e-05 3.996770757905403802e-06 9.260470039361609325e-05 2.345655170062022774e-06 -5.974113784081752540e-05 -5.847257301264463590e-05 -6.159277429493359229e-05 -6.025252689661582059e-05 3.994863731201193520e-06 8.079664554276994547e-05 4.910057064102551026e-06 5.951885351425047124e-04 2.088717074449673774e-03 -2.643022850653018807e-04 1.960498749282463683e-05 8.212493336783999577e-05 -1.372386551212505452e-04 4.341995208127942801e-05 -7.065829517716081735e-05 -6.889861212412966718e-05 3.279361781171640997e-03 -8.121160106211014473e-03 3.903198347885078251e-04 -3.465785665743782891e-04 1.420387396266115100e-06 1.232800817348446522e-11 -1.233186132654539026e-05 -1.578491350611597355e-06 -2.660768473820257675e-09 -6.406227456502440031e-05 1.634018660467571426e-09 -5.802004699844469977e-08 -6.267723981966034247e-08 -1.059569860531476672e-06 -1.227413824611590377e-08 5.388605393443587488e-07 -1.514673299806815822e-07 6.182285619367571545e-07 3.237731776507682967e-10 -7.640866765865454995e-05 -1.390485660421160437e-07 2.026811859021514421e-07 -9.116178927381876083e-07 6.902911127934093358e-07 -8.117911840358347864e-07 -3.101230492056347639e-05 -1.410937555902934030e-06 1.540540708557769902e-06 3.136306687471701164e-07 1.440287428991978376e-05
9.251250911279917119e-05 9.258359676727919276e-05 2.259903157443805561e-03 9.380362640707129711e-05 2.249619506284931091e-03 1.292790492212958693e-04 -1.361065708592938510e-03 -1.307658146554967118e-03 -1.451980711180435356e-03 -1.408028498217843904e-03 9.228196600985494585e-05 1.713326730394685313e-03 4.000975519259182051e-05 1.386183021817081161e-02 4.880308074270571506e-02 -6.299131493577609688e-03 1.225784110624394138e-03 2.356887526855271434e-03 -3.437335460990428686e-03 9.081233657097367374e-04 -1.998874739233485066e-03 -1.929105335932764648e-03 7.786998356251421949e-02 -1.903532352186071974e-01 9.431703712784943530e-03 -1.184540600218778224e-02 1.159407366425974504e-05 -2.706853551018685445e-10 -2.178915041228207498e-04 -4.825636531517392446e-05 -2.537246530291045309e-08 -3.139648690963230300e-03 3.487464190092898631e-08 -1.291744783372533757e-06 -1.356482289076290642e-06 5.442355153178364671e-05 -2.531421901205974861e-07 1.114694716178240542e-05 -3.673841168991373849e-06 1.504621884099461635e-05 7.790230731756295557e-09 -1.887471648210264485e-03 -8.696343870356927156e-06 -1.572353082997528074e-07 -1.062793457288242450e-06 -6.894498100949113912e-05 1.343977248606104396e-06 -6.084727561223746573e-04 -9.095947272710143929e-06 3.584688813303080473e-05 7.818086555407481491e-06 3.352617852076191949e-04
3.993778492731225016e-06 3.996770757905403802e-06 9.380362640707129711e-05 4.990115528787089573e-06 8.806360529755968803e-05 -4.535249734317109228e-06 -6.036929576776772381e-05 -6.533009803776791268e-05 -6.147772293122626998e-05 -6.127812175165449913e-05 3.979909570667126104e-06 8.492031688033538708e-05 6.823087898553655342e-06 5.936142953456079001e-04 2.090790071882986465e-03 -2.706475198376057946e-04 1.477077109717865171e-05 8.134138113656269196e-05 -1.379582282715594607e-04 4.430562480099127585e-05 -7.085623446256363608e-05 -6.536899290230041917e-05 3.304627876476226751e-03 -8.140826048071094292e-03 3.925480219637659260e-04 -3.259939553561958534e-04 9.721966314724516234e-07 -1.849703846408727562e-11 -1.220791855099046802e-05 -1.383926590217119635e-05 1.077069688974269931e-08 -1.886600754703831164e-04 9.229168183816423211e-09 -2.637911330248803642e-07 7.118676141401106397e-07 5.048742749992522972e-05 -9.303972509571308159e-09 4.121727431815478159e-07 -1.736178947573061376e-07 7.145788900842375131e-07 3.648520083956543501e-10 -6.952695610166799575e-05 2.221991358551118714e-07 1.156979603964660085e-07 -5.584404237384571032e-07 -8.446513918390907637e-06 -5.362619406123820125e-07 -3.771711326942683585e-05 -1.144029605411532338e-06 1.553971925701529184e-06 3.134423326281462616e-07 1.440997690517203543e-05
9.259376964336263121e-05 9.260470039361609325e-05 2.249619506284931091e-03 8.806360529755968803e-05 2.281310455739093100e-03 1.660486347710763799e-04 -1.352582584444775738e-03 -1.266779981479826227e-03 -1.451530534057346661e-03 -1.400617923329286344e-03 9.232881720895809755e-05 1.693083463079555996e-03 2.556114605083922321e-05 1.385278148652770332e-02 4.873268063873601591e-02 -6.259231476828585813e-03 1.269691506043509272e-03 2.368959908163019955e-03 -3.434749676721488704e-03 8.995386288136085701e-04 -2.003749757894089482e-03 -1.954100774593604383e-03 7.766562216760174164e-02 -1.900287518317650692e-01 9.415453004669406198e-03 -1.203591106598110756e-02 1.575421330832629940e-05 1.421340388377345285e-10 -2.367967739461756757e-04 6.091806083853501736e-05 -7.675286007858122596e-08 -2.268719589058658826e-03 -4.342373080445907837e-08 9.971107614792539091e-07 -5.023754906218110751e-06 -2.044834217887775299e-04 -2.948907500782250111e-07 1.294993872160519789e-05 -3.703251131683999060e-06 1.511608063675119334e-05 7.911202583322092226e-09 -1.918644110231964997e-03 -9.575911622329928753e-06 7.042896036629907448e-07 -4.549959237793022631e-06 4.474401840314201064e-05 -1.317839796993224747e-06 -5.914462240590930312e-04 -1.274834208628287171e-05 3.572539318086781534e-05 7.821515716613397794e-06 3.347874110513840299e-04
2.310295845356060249e-06 2.345655170062022774e-06 1.292790492212958693e-04 -4.535249734317109228e-06 1.660486347710763799e-04 1.536489732404740412e-04 2.205272623181685546e-05 1.114766139913478643e-04 -6.024059815246901546e-05 -9.173438053530130808e-06 2.409660769066278081e-06 -2.537088668775054926e-04 -1.046372078001913281e-04 4.638043300679901447e-04 1.527076793247098040e-03 -1.103989694660659606e-04 9.846014478106393606e-04 5.473053432832787482e-04 -3.208139968730101712e-04 -1.086344444024452669e-04 -4.103120669417831420e-04 -5.089169544091759218e-04 2.932513505862687983e-03 -6.160881734975984583e-03 5.466752656588173657e-04 -4.893417109074383806e-03 -5.625348036327728409e-06 8.729694139592212064e-10 6.912905728945964304e-05 3.256981555416698466e-05 -1.742081022498054944e-07 -1.657217893222829794e-03 -4.956459149488972576e-09 2.055793226183824854e-08 -7.340541220926809352e-06 -3.740211886330675425e-04 8.344611682240516205e-08 -3.657880458135655929e-06 8.577906285052178391e-07 -3.483599864002981472e-06 -1.872990811628713509e-09 -1.898846674053615807e-04 -1.477720904671805073e-05 -1.952492947159070966e-06 8.112978185927714568e-06 -4.111892334598171348e-05 7.997809098920909967e-06 1.824677039004265393e-04 1.191915038921855365e-05 5.572141181463415717e-07 7.581436090666920923e-07 9.462747087420974814e-06
-5.974447344875771982e-05 -5.974113784081752540e-05 -1.361065708592938510e-03 -6.036929576776772381e-05 -1.352582584444775738e-03 2.205272623181685546e-05 9.718847497951136997e-04 9.288673619350098446e-04 9.009217609138356862e-04 9.189848774227731866e-04 -5.950424868982808754e-05 -1.368385619749487147e-03 -1.193707305380186322e-04 -8.838975964026577967e-03 -3.110899681058690650e-02 4.009646332079120669e-03 1.855622756368339511e-04 -9.923174306414857346e-04 1.945131611369942419e-03 -7.165847394003237733e-04 8.868336138193166213e-04 7.930185189145297700e-04 -4.872008080757328496e-02 1.209179337303575436e-01 -5.702738308770653741e-03 2.891157218268016610e-03 -1.809203659894107705e-05 3.226980514577485113e-09 2.453694008030659767e-04 4.937202641581131177e-06 2.345453134717506431e-07 -4.192880610374933930e-04 -5.209682896614646544e-09 2.001672568029592527e-07 -5.471463878961134729e-07 -2.451348329187812971e-05 2.572153320704969415e-07 -1.128291841680959822e-05 2.965209386216416875e-06 -1.208012696743675206e-05 -6.374578334550333712e-09 1.124547904860316279e-03 -5.363761356448571077e-06 -2.837765989841785089e-06 1.286837848677023120e-05 -3.528802683440864223e-05 1.067077677048409519e-05 5.304777408690011407e-04 2.115158510968879972e-05 -2.327641318139981214e-05 -4.423135934703068013e-06 -2.149676429395025988e-04
-5.850453868825571932e-05 -5.847257301264463590e-05 -1.307658146554967118e-03 -6.533009803776791268e-05 -1.266779981479826227e-03 1.114766139913478643e-04 9.288673619350098446e-04 1.189309414247342314e-03 8.894741105939874340e-04 9.256290903814641102e-04 -5.820765450639384575e-05 -1.499605132533819631e-03 -1.666424852545827671e-04 -8.553320395076776522e-03 -3.027045367832061074e-02 4.035657294854859932e-03 6.419223427569774884e-04 -7.601463959334605605e-04 1.816035979773655568e-03 -7.663641206877188890e-04 7.244990816392205338e-04 5.318165618872308133e-04 -4.756491174175927344e-02 1.177649158150450986e-01 -5.477361412711862984e-03 6.450314804303386440e-04 -2.113761437017719347e-05 3.000324986005191961e-10 3.156488530435217496e-04 6.921154486860321047e-05 -2.464122787899954418e-07 3.699158842761054652e-03 -4.604171862886869196e-08 1.450250658686032800e-06 -6.036513862754965787e-06 -3.467178059213414567e-04 2.614939758876507322e-07 -1.149243278552756695e-05 3.338240699262293924e-06 -1.363501709681769604e-05 -7.142267299133511305e-09 9.854032911248166750e-04 -1.360244460696639917e-05 -3.962369876465222633e-06 1.745560368824658319e-05 4.471469818798411096e-05 1.708328157852024453e-05 6.757270752555390950e-04 2.920810012187255981e-05 -2.307088584640699187e-05 -4.088295312231712039e-06 -2.094713364408942150e-04
-6.160323218740120898e-05 -6.159277429493359229e-05 -1.451980711180435356e-03 -6.147772293122626998e-05 -1.451530534057346661e-03 -6.024059815246901546e-05 9.009217609138356862e-04 8.894741105939874340e-04 9.846029567726905917e-04 9.297918930044107768e-04 -6.140422987558552331e-05 -1.192004632175174168e-03 -5.121743946256295974e-05 -9.164157960200506811e-03 -3.220620321571916744e-02 4.111581729876258827e-03 -5.187765597277247624e-04 -1.390200461199056232e-03 2.181581196493249334e-03 -6.395323856652716929e-04 1.188075524585279104e-03 1.152069721087088834e-03 -5.092272062807714356e-02 1.253939855240229495e-01 -6.107102006174779107e-03 6.401265632087307575e-03 -1.688617624582800468e-05 -1.703024597366769778e-09 2.955602399865713556e-04 3.450166588967112176e-05 4.463616093252837811e-08 2.115257052176649014e-03 -3.458813657786020547e-08 1.213003126346390080e-06 1.396300188724985581e-06 1.904540949856381324e-05 1.667875743378386816e-07 -7.332666946398964655e-06 2.237772722464056245e-06 -9.151283751840399812e-06 -4.760499809800907173e-09 1.198479874392054329e-03 4.167254231908756654e-06 -2.188337320256442758e-06 1.032711363628781301e-05 1.597447658855721670e-05 9.111406796767300257e-06 4.549424171791658419e-04 1.748843232548317510e-05 -2.371429195663249151e-05 -4.974634687822706081e-06 -2.217206408184555486e-04
-6.025880720672280105e-05 -6.025252689661582059e-05 -1.408028498217843904e-03 -6.127812175165449913e-05 -1.400617923329286344e-03 -9.173438053530130808e-06 9.189848774227731866e-04 9.256290903814641102e-04 9.297918930044107768e-04 9.293566571815218723e-04 -6.003265578669086450e-05 -1.303484886846307048e-03 -9.315573333225139437e-05 -8.929624228961381693e-03 -3.147948701299650709e-02 4.097581269711056753e-03 -1.288714798882342055e-04 -1.181797191583813323e-03 2.060244413368577786e-03 -6.809707792338900133e-04 1.037230076076093655e-03 9.366431929723161021e-04 -4.976761972215881097e-02 1.225817867528102428e-01 -5.893259618294016330e-03 4.466915295031993749e-03 -1.520932025026935371e-05 3.454350713357893196e-10 2.117261371086859756e-04 1.412798857933585307e-05 -6.165648773152477094e-08 5.549097763338123627e-04 -1.115210858860129010e-08 4.287183170322148597e-07 -4.442563463293287018e-07 -5.089179563090665557e-05 2.273986964103117256e-07 -9.986013633066073215e-06 2.813301105301396250e-06 -1.148121339375299626e-05 -6.021971745586034569e-09 1.149754043069978584e-03 -2.447004146675874309e-06 -2.038888769431202765e-06 9.572458623914665752e-06 -9.910534684109477581e-06 7.911734491447440772e-06 5.073047047535160503e-04 1.750829641141971705e-05 -2.347527807251117551e-05 -4.673844968545035742e-06 -2.170308847587974223e-04
3.996282749704316539e-06 3.994863731201193520e-06 9.228196600985494585e-05 3.979909570667126104e-06 9.232881720895809755e-05 2.409660769066278081e-06 -5.950424868982808754e-05 -5.820765450639384575e-05 -6.140422987558552331e-05 -6.003265578669086450e-05 4.119342852389113922e-06 7.986692531026426650e-05 6.888874616597511917e-06 5.932926678031811727e-04 2.081937252621907184e-03 -2.633422332178492350e-04 1.993412198616924247e-05 8.203657594232331848e-05 -1.368620279572192950e-04 4.322048892915382603e-05 -7.055086484635619902e-05 -6.887638023332594067e-05 3.268634938594338398e-03 -8.094735857010201124e-03 3.891205605836109589e-04 -3.473042815806952777e-04 1.425405829542680471e-06 1.410559439301174069e-11 -1.233342748968542036e-05 -1.586961977223544107e-06 -2.734038884249843651e-09 -6.492436821339223497e-05 1.696792020440180020e-09 -5.887385111058000282e-08 -6.695711365506124946e-08 -1.291001995398433013e-06 8.452402349190505870e-06 8.327844001288166081e-07 -4.196038496620984446e-06 1.571272858648426384e-07 1.583300443924572476e-09 -8.118380248248832263e-05 -4.066004824866753822e-07 2.037525231243913162e-07 -9.155345396147847658e-07 6.919859152848895222e-07 -8.170568735741079446e-07 2.797098438570927111e-04 4.047907083537174102e-06 1.535200245963414928e-06 3.128007523202389871e-07 1.435584325077500532e-05
8.092128667796758565e-05 8.079664554276994547e-05 1.713326730394685313e-03 8.492031688033538708e-05 1.693083463079555996e-03 -2.537088668775054926e-04 -1.368385619749487147e-03 -1.499605132533819631e-03 -1.192004632175174168e-03 -1.303484886846307048e-03 7.986692531026426650e-05 2.967778538783418830e-03 4.041119172445010229e-04 1.171162014076726314e-02 4.150355473881883750e-02 -5.580429375482818914e-03 -2.045077903921809544e-03 4.426997763858735169e-04 -2.209684219876729624e-03 1.218005700217625288e-03 -5.450149644785494581e-04 -1.906495627126587877e-04 6.434586984084367245e-02 -1.610808294267861429e-01 7.167190610211673224e-03 4.707667881885577166e-03 3.552323513587579554e-05 -2.724451813702035700e-09 -4.702498425368671544e-04 8.736115899533623071e-05 3.134847202412132196e-07 4.965155613302130178e-03 -7.994398741772655034e-08 2.581528853544823586e-06 7.607245960205007012e-06 2.630557445471793298e-04 -1.976049245059988428e-05 2.716800819823988910e-05 1.760973518355680089e-05 2.882177772983120350e-05 -2.583384543036176665e-05 -1.250827060460241559e-03 4.112339383529316634e-05 7.597252045715439271e-06 -3.322124008673519371e-05 2.154626879935045381e-04 -2.943227673458904273e-05 -2.209455985367476775e-03 -7.209164953608191437e-05 3.223204309583724129e-05 4.950680875310860313e-06 2.886013366764938505e-04
4.964822570883694878e-06 4.910057064102551026e-06 4.000975519259182051e-05 6.823087898553655342e-06 2.556114605083922321e-05 -1.046372078001913281e-04 -1.193707305380186322e-04 -1.666424852545827671e-04 -5.121743946256295974e-05 -9.315573333225139437e-05 6.888874616597511917e-06 4.041119172445010229e-04 2.005060596341000205e-04 6.308254782729895774e-04 2.270561962551573970e-03 -3.349217034301012370e-04 -8.550993120970762709e-04 -3.584025776807168626e-04 5.805876780692566979e-05 1.733261723640992444e-04 2.563762796909408717e-04 3.330304612819193471e-04 2.963149847645995920e-03 -8.565285363352978520e-03 1.731568441986997085e-04 3.825393265040334147e-03 9.448957236498838839e-06 -6.084219778457567642e-10 -5.579706772607005369e-05 -2.369242090377577425e-05 1.187655615097836180e-07 2.112878788478132503e-03 5.814075107348141280e-08 5.013667469808247102e-08 2.723035585066031124e-06 9.180602137985744684e-05 -2.222886918507354642e-06 -1.844879300640697828e-06 -1.819510451854318325e-04 -1.675042418188010885e-05 -3.059764481547686977e-06 -7.039540785150838823e-04 -7.151941917066047807e-06 2.349991596678789712e-06 -9.596600734513121615e-06 1.185177185979748569e-04 -8.366764425966124194e-06 4.449344464535568908e-03 6.820985028600556931e-05 2.145226618634731776e-06 -1.470550711537124537e-07 1.668101220324222638e-05
5.952131924887891579e-04 5.951885351425047124e-04 1.386183021817081161e-02 5.936142953456079001e-04 1.385278148652770332e-02 4.638043300679901447e-04 -8.838975964026577967e-03 -8.553320395076776522e-03 -9.164157960200506811e-03 -8.929624228961381693e-03 5.932926678031811727e-04 1.171162014076726314e-02 6.308254782729895774e-04 8.860218776503317462e-02 3.108324333667191741e-01 -3.924764080031374613e-02 3.939996963695392880e-03 1.273567947913100372e-02 -2.065634220812065033e-02 6.313675970020377753e-03 -1.089391284190180040e-02 -1.073572568192916396e-02 4.885941027110059509e-01 -1.208792170855534920e+00 5.836236594694220459e-02 -5.646693530327757948e-02 1.877122776588923867e-04 5.844818387131442222e-10 -1.583770501398905437e-03 -2.724166360858878890e-04 -5.817395430281165736e-07 -1.120595380518996272e-02 2.617596591716067739e-07 -9.317178699131178557e-06 -1.139612063189285576e-05 -1.832571933622103417e-04 -1.738288624135356892e-06 7.635334436468937133e-05 -2.212400981454607418e-05 9.036718243257285687e-05 4.720208542931101812e-08 -1.150755773439470810e-02 -3.295468463981698323e-05 2.462964818899552750e-05 -1.143303333408945852e-04 -2.976399164078324727e-05 -9.871396711466949104e-05 -4.392609878232161050e-03 -1.821546508708838188e-04 2.286603097658799350e-04 4.723130815177133449e-05 2.142232851828519604e-03
2.088754636661310869e-03 2.088717074449673774e-03 4.880308074270571506e-02 2.090790071882986465e-03 4.873268063873601591e-02 1.527076793247098040e-03 -3.110899681058690650e-02 -3.027045367832061074e-02 -3.220620321571916744e-02 -3.147948701299650709e-02 2.081937252621907184e-03 4.150355473881883750e-02 2.270561962551573970e-03 3.108324333667191741e-01 1.106705073485086954e+00 -1.385806021387936959e-01 1.339645312964410015e-02 4.200685280706606406e-02 -6.530611246829649830e-02 1.907836745193357969e-02 -3.996125434470215732e-02 2.390615567948427278e-02 1.604983793393804703e+00 -4.271340772028425548e+00 1.355128607828519072e-01 -1.530731796915509313e-01 6.203350431102608743e-04 8.928964037589677951e-11 -5.833298066105605147e-03 -8.998042157804376053e-04 -1.408657352313976100e-06 -3.874671841201005051e-02 8.394733251077086865e-07 -3.007916409248610089e-05 -3.176432299529060492e-05 -1.935873885519736649e-04 -6.312488022080317443e-06 2.772961793420552676e-04 -8.053499717207196398e-05 3.289556101571474876e-04 1.718546225214664418e-07 -4.042970848280529744e-02 -9.349564792841537310e-05 7.957916495263640745e-05 -3.718680413938095747e-04 -1.138396770619763275e-04 -3.170443660142610500e-04 -1.562300281837622311e-02 -6.122661272087143560e-04 7.174670702574000025e-04 1.765650002511956582e-04 8.896932907544390090e-03
-2.642690634902668365e-04 -2.643022850653018807e-04 -6.299131493577609688e-03 -2.706475198376057946e-04 -6.259231476828585813e-03 -1.103989694660659606e-04 4.009646332079120669e-03 4.035657294854859932e-03 4.111581729876258827e-03 4.097581269711056753e-03 -2.633422332178492350e-04 -5.580429375482818914e-03 -3.349217034301012370e-04 -3.924764080031374613e-02 -1.385806021387936959e-01 1.821274291051479602e-02 -1.329351812512624123e-03 -5.651611591468461843e-03 9.314034279721283144e-03 -2.893476392040564369e-03 4.928933234057282162e-03 4.428432290667411522e-03 -2.205515216588097849e-01 5.403482241273962483e-01 -2.628168308545748844e-02 2.340499437116067005e-02 -4.801007567985710506e-05 1.572112698595920565e-09 9.598320483313587531e-04 6.848294079575618551e-05 -3.291829176558449919e-07 4.388317429090970306e-03 -4.263554651295876512e-08 1.701388011087502052e-06 -2.600728367597980724e-06 -3.353123415040678537e-04 9.704883762310765589e-07 -4.264948883141469582e-05 1.251900898655859801e-05 -5.113775532637986732e-05 -2.674020314565867917e-08 5.150141396187561497e-03 -6.138320708623155685e-06 -4.651839115353705490e-06 2.384658840830539855e-05 2.038900129271496947e-05 1.688442993095731707e-05 2.146395307392735992e-03 5.624388741271033537e-05 -1.032792671865146784e-04 -2.108134098311280211e-05 -9.540573611794369614e-04
1.915440200050695218e-05 1.960498749282463683e-05 1.225784110624394138e-03 1.477077109717865171e-05 1.269691506043509272e-03 9.846014478106393606e-04 1.855622756368339511e-04 6.419223427569774884e-04 -5.187765597277247624e-04 -1.288714798882342055e-04 1.993412198616924247e-05 -2.045077903921809544e-03 -8.550993120970762709e-04 3.939996963695392880e-03 1.339645312964410015e-02 -1.329351812512624123e-03 8.728152550876337040e-03 4.949057610327640619e-03 -2.944622031472643106e-03 -9.569935293174580866e-04 -3.757983492723789617e-03 -4.422555834708175732e-03 2.738108807015490059e-02 -5.489526218120484302e-02 5.024877008588174952e-03 -4.350987944065547175e-02 -7.426043727513627693e-05 6.211342027407981081e-09 6.179233877217111138e-04 -1.940007055687249457e-04 -7.047729865499959191e-07 -2.079358907341568100e-02 1.505016043696923468e-07 -5.368621378668913760e-06 -1.808980766883667995e-05 -2.498135470141562902e-04 7.743896651936739149e-07 -3.377444473724179033e-05 5.353498412174786338e-06 -2.143218216205451150e-05 -1.204569960886922011e-08 -1.303754993311275747e-03 -1.058663559807020073e-04 -2.231978399733374583e-05 9.304432200679889603e-05 -5.948946418590229631e-04 9.026033589393769776e-05 1.188796427495417314e-03 1.206814778482697206e-04 5.423907523930648799e-06 6.839833989332569363e-06 8.209849149960155587e-05
8.187873860519599776e-05 8.212493336783999577e-05 2.356887526855271434e-03 8.134138113656269196e-05 2.368959908163019955e-03 5.473053432832787482e-04 -9.923174306414857346e-04 -7.601463959334605605e-04 -1.390200461199056232e-03 -1.181797191583813323e-03 8.203657594232331848e-05 4.426997763858735169e-04 -3.584025776807168626e-04 1.273567947913100372e-02 4.200685280706606406e-02 -5.651611591468461843e-03 4.949057610327640619e-03 9.310837308848721530e-03 -1.073547412514969449e-02 1.407548617257557786e-03 -2.398806289806440419e-03 -1.775968115045110929e-02 9.780988763033411637e-02 -1.715628583623542980e-01 -7.887557694732164060e-04 -1.110489690435557952e-02 -2.617984849743003323e-05 2.830237191694759520e-09 6.289057471768692278e-05 -1.203705761809949930e-04 -2.782973409830174526e-07 -1.212430994223523059e-02 9.036884132235544689e-08 -3.273571458084363527e-06 -8.768745292309839545e-06 -3.821788256223103723e-05 1.425608500686200585e-07 -6.129696497992727109e-06 -5.995585672634843086e-07 2.678287206692612712e-06 9.595526668867140278e-10 -2.085183734602277447e-03 -5.390268248772826483e-05 -1.050423876864547656e-05 4.258212429205615970e-05 -3.184150312614913948e-04 4.300996226095115847e-05 4.098761531346579393e-05 4.830175757231297741e-05 8.565782499750982488e-05 -1.819277638987506330e-05 2.587778539604032786e-05
-1.371159056201103066e-04 -1.372386551212505452e-04 -3.437335460990428686e-03 -1.379582282715594607e-04 -3.434749676721488704e-03 -3.208139968730101712e-04 1.945131611369942419e-03 1.816035979773655568e-03 2.181581196493249334e-03 2.060244413368577786e-03 -1.368620279572192950e-04 -2.209684219876729624e-03 5.805876780692566979e-05 -2.065634220812065033e-02 -6.530611246829649830e-02 9.314034279721283144e-03 -2.944622031472643106e-03 -1.073547412514969449e-02 5.019585399288447464e-02 -2.814909249331248170e-02 8.576261188406809205e-03 4.159587936233632988e-02 -1.820931267546583854e-01 2.733335045120590112e-01 -6.258904470278645049e-02 4.459942944382114249e-02 -1.145854973895873570e-05 -1.103795170935401318e-09 2.792878886126415024e-04 9.249960871076835117e-05 1.163110633764718719e-07 7.553975082270620103e-03 -7.227134153339301044e-08 2.635167466017659073e-06 4.612424316929814951e-06 -3.166510576619403685e-05 2.552405506003199747e-07 -1.127893080104200939e-05 4.440723105633589919e-06 -1.824923799202427541e-05 -9.326683064705882078e-09 2.900111468613952252e-03 2.732103100891843662e-05 2.210372942107898383e-06 -6.858340974827262167e-06 1.592785973513591346e-04 -9.634597760202823278e-06 7.395537343386307007e-04 1.973279757156428738e-06 -7.796353716238902829e-04 2.428201131993673698e-05 1.203285830346269075e-03
4.348408159652102252e-05 4.341995208127942801e-05 9.081233657097367374e-04 4.430562480099127585e-05 8.995386288136085701e-04 -1.086344444024452669e-04 -7.165847394003237733e-04 -7.663641206877188890e-04 -6.395323856652716929e-04 -6.809707792338900133e-04 4.322048892915382603e-05 1.218005700217625288e-03 1.733261723640992444e-04 6.313675970020377753e-03 1.907836745193357969e-02 -2.893476392040564369e-03 -9.569935293174580866e-04 1.407548617257557786e-03 -2.814909249331248170e-02 1.902945855308939282e-02 -3.573101188082775451e-03 -1.428161014215700159e-02 5.767348075288849379e-02 -7.937090250769632260e-02 3.912287582321605228e-02 -2.177205308891352539e-02 2.355782902289382265e-05 -9.227603276289503098e-10 -2.226520919138855691e-04 8.872503104194280138e-06 8.187285325883212340e-08 2.119910830092223281e-03 -4.456785664930120501e-09 1.519683245748713735e-07 2.040098423728372162e-06 4.024028163780165668e-05 -2.543241463653517485e-07 1.113778073147421647e-05 -2.602795691627608665e-06 1.056951240595909052e-05 5.643423648398287025e-09 -7.095235474535756259e-04 1.346925795979413787e-05 4.808691430375128711e-06 -2.091837956704163803e-05 8.214537523757528558e-05 -1.930782986821966482e-05 -5.193542592531255608e-04 -3.022654429050355572e-05 5.154266151064953961e-04 -1.230614601831386855e-05 -8.044355841034059882e-04
-7.046695130292343818e-05 -7.065829517716081735e-05 -1.998874739233485066e-03 -7.085623446256363608e-05 -2.003749757894089482e-03 -4.103120669417831420e-04 8.868336138193166213e-04 7.244990816392205338e-04 1.188075524585279104e-03 1.037230076076093655e-03 -7.055086484635619902e-05 -5.450149644785494581e-04 2.563762796909408717e-04 -1.089391284190180040e-02 -3.996125434470215732e-02 4.928933234057282162e-03 -3.757983492723789617e-03 -2.398806289806440419e-03 8.576261188406809205e-03 -3.573101188082775451e-03 7.308763197648837640e-02 -2.790509571170454728e-03 -5.071060619584304152e-02 1.510745736634541148e-01 -1.644175850179902809e-01 1.848012168129426480e-01 2.127155178550082907e-05 -1.941600263798886019e-09 4.378123156682366558e-06 8.901425030663786913e-05 1.512512688250299181e-07 9.279406374727934906e-03 -6.368551086636779904e-08 2.331247194208816603e-06 5.921532880623333052e-06 -1.659676753125944378e-05 -6.051582553666727511e-08 2.555459013984651880e-06 1.078642825236621572e-06 -4.579953304549481497e-06 -2.062610729256150720e-09 1.747695772945907430e-03 3.891776027379208305e-05 8.339080350555870875e-06 -3.376701047018638080e-05 2.425726951335758987e-04 -3.431527605950767724e-05 5.367934440675956650e-05 -3.687937248332748399e-05 -5.866221822603242056e-06 -1.938165861922646802e-04 -1.246857161824202562e-04
-6.870433378135032193e-05 -6.889861212412966718e-05 -1.929105335932764648e-03 -6.536899290230041917e-05 -1.954100774593604383e-03 -5.089169544091759218e-04 7.930185189145297700e-04 5.318165618872308133e-04 1.152069721087088834e-03 9.366431929723161021e-04 -6.887638023332594067e-05 -1.906495627126587877e-04 3.330304612819193471e-04 -1.073572568192916396e-02 2.390615567948427278e-02 4.428432290667411522e-03 -4.422555834708175732e-03 -1.775968115045110929e-02 4.159587936233632988e-02 -1.428161014215700159e-02 -2.790509571170454728e-03 7.959844921153090835e-01 -1.637327331772868044e+00 5.876382365653451956e-01 -6.042443189833006656e-01 3.871221546823924164e-01 8.797582583735041937e-06 -3.180313626499061032e-09 -1.632794244402027174e-04 1.241685734579776044e-04 4.764519846547490619e-07 1.065030888423090100e-02 -1.069222343795897003e-07 3.780294035639852186e-06 1.062968695967839448e-05 2.014983807537800277e-04 -2.088832667522845735e-07 9.069824383520490741e-06 -6.464114432403824143e-07 2.443889683092988511e-06 1.666955028546710860e-09 1.744394484103913446e-03 5.477330635610957402e-05 6.576651271871182720e-06 -2.611965264450174054e-05 2.713542462179626487e-04 -2.642824968586429484e-05 -1.285441075017995302e-04 -3.218530121372548884e-05 -2.147099678177377560e-04 -3.125959854344038751e-04 5.070096622574730115e-03
3.278839085374880748e-03 3.279361781171640997e-03 7.786998356251421949e-02 3.304627876476226751e-03 7.766562216760174164e-02 2.932513505862687983e-03 -4.872008080757328496e-02 -4.756491174175927344e-02 -5.092272062807714356e-02 -4.976761972215881097e-02 3.268634938594338398e-03 6.434586984084367245e-02 2.963149847645995920e-03 4.885941027110059509e-01 1.604983793393804703e+00 -2.205515216588097849e-01 2.738108807015490059e-02 9.780988763033411637e-02 -1.820931267546583854e-01 5.767348075288849379e-02 -5.071060619584304152e-02 -1.637327331772868044e+00 5.881414400386819175e+00 -7.636424699046891362e+00 1.577347328975492458e+00 -1.126209638792359913e+00 7.672486164564675751e-04 -1.022588383771801424e-09 -9.503037622137599019e-03 -1.386398137821303906e-03 -6.401025185671176184e-07 -7.745240938734251901e-02 1.172721360868049944e-06 -4.275417239993833723e-05 -3.746384036852000817e-05 1.034145884963982073e-03 -9.889120597927119881e-06 4.347126323154779939e-04 -1.309429283931369927e-04 5.352645520098396701e-04 2.789587913445993797e-07 -6.447849396429798652e-02 -1.654538826836131891e-04 8.005201504775711989e-05 -3.936516886657962259e-04 -7.529848494819315740e-04 -3.105132664706044794e-04 -2.403403004157535910e-02 -7.521026937318601958e-04 1.460600773592199246e-03 9.468462499655973686e-04 2.246231369718033541e-03
-8.121030656681500412e-03 -8.121160106211014473e-03 -1.903532352186071974e-01 -8.140826048071094292e-03 -1.900287518317650692e-01 -6.160881734975984583e-03 1.209179337303575436e-01 1.177649158150450986e-01 1.253939855240229495e-01 1.225817867528102428e-01 -8.094735857010201124e-03 -1.610808294267861429e-01 -8.565285363352978520e-03 -1.208792170855534920e+00 -4.271340772028425548e+00 5.403482241273962483e-01 -5.489526218120484302e-02 -1.715628583623542980e-01 2.733335045120590112e-01 -7.937090250769632260e-02 1.510745736634541148e-01 5.876382365653451956e-01 -7.636424699046891362e+00 1.712365387777082049e+01 -1.066961916211210282e+00 9.621069255047234314e-01 -2.309713344264126885e-03 5.866566291065479512e-10 2.289431110108190379e-02 3.474973049019371152e-03 4.629806754640572751e-06 1.581160435424454336e-01 -3.181404453818685825e-06 1.143726795203876942e-04 1.161501777748213439e-04 4.969529662234145324e-05 2.457735687799069958e-05 -1.079781097484530140e-03 3.157772397889221667e-04 -1.290021487111772279e-03 -6.736363593787336991e-07 1.576619501676198576e-01 3.674841909332068608e-04 -2.875191228072527258e-04 1.353039366073372678e-03 7.065968003338547266e-04 1.141214809227352649e-03 6.056093889808625980e-02 2.279560168725009578e-03 -2.719292326364584553e-03 -1.052239342470258484e-03 -3.215162789389185843e-02
3.901629403797215708e-04 3.903198347885078251e-04 9.431703712784943530e-03 3.925480219637659260e-04 9.415453004669406198e-03 5.466752656588173657e-04 -5.702738308770653741e-03 -5.477361412711862984e-03 -6.107102006174779107e-03 -5.893259618294016330e-03 3.891205605836109589e-04 7.167190610211673224e-03 1.731568441986997085e-04 5.836236594694220459e-02 1.355128607828519072e-01 -2.628168308545748844e-02 5.024877008588174952e-03 -7.887557694732164060e-04 -6.258904470278645049e-02 3.912287582321605228e-02 -1.644175850179902809e-01 -6.042443189833006656e-01 1.577347328975492458e+00 -1.066961916211210282e+00 3.156637878062177549e+00 -2.733844415673483574e+00 7.362764567177685943e-05 1.104385955635263773e-09 -1.000135504213170001e-03 -2.017175161899870421e-04 -2.004707435821850045e-07 -1.342555195847700868e-02 1.667308240688958958e-07 -6.063004261321733090e-06 -7.894498624361610708e-06 8.509353921708076932e-05 -1.010944512822676972e-06 4.449577911727529381e-05 -1.440759265016878417e-05 5.898865783190754318e-05 3.056188889077240185e-08 -7.866885275503075758e-03 -4.074543922646394639e-05 4.556293928723938625e-06 -2.602701778615343657e-05 -2.126776454323937122e-04 -1.681301722068007174e-05 -2.590635545839298226e-03 -6.258057565132057066e-05 5.496962979480613139e-04 -7.243560406738861358e-04 -3.629707702361235390e-03
-3.443975206916161016e-04 -3.465785665743782891e-04 -1.184540600218778224e-02 -3.259939553561958534e-04 -1.203591106598110756e-02 -4.893417109074383806e-03 2.891157218268016610e-03 6.450314804303386440e-04 6.401265632087307575e-03 4.466915295031993749e-03 -3.473042815806952777e-04 4.707667881885577166e-03 3.825393265040334147e-03 -5.646693530327757948e-02 -1.530731796915509313e-01 2.340499437116067005e-02 -4.350987944065547175e-02 -1.110489690435557952e-02 4.459942944382114249e-02 -2.177205308891352539e-02 1.848012168129426480e-01 3.871221546823924164e-01 -1.126209638792359913e+00 9.621069255047234314e-01 -2.733844415673483574e+00 2.673352488914918723e+00 2.950726141008302018e-04 -2.929065249180767346e-08 -2.182814316441906034e-03 1.024773424411812208e-03 3.360314211665342501e-06 1.046245500176743309e-01 -8.006382204714805113e-07 2.864201977716642717e-05 8.829992065507174007e-05 1.081725070614059699e-03 -2.898728166509814925e-06 1.261578858327169718e-04 -1.512587327124495051e-05 5.968806831871243767e-05 3.526189886482520744e-08 1.117411175629523697e-02 5.139659213755011936e-04 1.000804229408401775e-04 -4.126113409558325885e-04 2.881518966439593297e-03 -4.058303226490397918e-04 -3.771692698932055561e-03 -5.159110890491445511e-04 -3.337201272683180324e-04 8.782286107786641850e-04 6.017723396047865506e-04
1.425735331271049813e-06 1.420387396266115100e-06 1.159407366425974504e-05 9.721966314724516234e-07 1.575421330832629940e-05 -5.625348036327728409e-06 -1.809203659894107705e-05 -2.113761437017719347e-05 -1.688617624582800468e-05 -1.520932025026935371e-05 1.425405829542680471e-06 3.552323513587579554e-05 9.448957236498838839e-06 1.877122776588923867e-04 6.203350431102608743e-04 -4.801007567985710506e-05 -7.426043727513627693e-05 -2.617984849743003323e-05 -1.145854973895873570e-05 2.355782902289382265e-05 2.127155178550082907e-05 8.797582583735041937e-06 7.672486164564675751e-04 -2.309713344264126885e-03 7.362764567177685943e-05 2.950726141008302018e-04 8.971431099013200451e-05 4.680922306291731069e-11 -1.950277797027726712e-05 3.965544822286061390e-07 -8.190858611841704186e-09 9.600730496574856783e-05 2.494396565066716552e-08 -6.819100070396093469e-08 -2.291848931999920818e-07 -2.067427950170695790e-05 2.356740885920136126e-07 -1.521973448642289867e-08 3.154123076030870821e-07 -3.544851399894323036e-07 -3.706908460915868579e-10 -9.763288043599583401e-06 -1.373700986558077453e-07 8.648972764879568750e-06 -3.596254751631307269e-06 2.210972142994777816e-05 -4.534774579073781210e-06 2.930049471377058385e-05 -4.372076696408151498e-06 4.448686973444297724e-07 3.536535851886403535e-08 4.448977448283472730e-06
1.505014188440527722e-11 1.232800817348446522e-11 -2.706853551018685445e-10 -1.849703846408727562e-11 1.421340388377345285e-10 8.729694139592212064e-10 3.226980514577485113e-09 3.000324986005191961e-10 -1.703024597366769778e-09 3.454350713357893196e-10 1.410559439301174069e-11 -2.724451813702035700e-09 -6.084219778457567642e-10 5.844818387131442222e-10 8.928964037589677951e-11 1.572112698595920565e-09 6.211342027407981081e-09 2.830237191694759520e-09 -1.103795170935401318e-09 -9.227603276289503098e-10 -1.941600263798886019e-09 -3.180313626499061032e-09 -1.022588383771801424e-09 5.866566291065479512e-10 1.104385955635263773e-09 -2.929065249180767346e-08 4.680922306291731069e-11 2.159638821505718030e-13 -3.587934373639896061e-09 -6.800599624153285674e-10 1.148192747084530512e-11 -5.203266472088284701e-08 8.014018877482182794e-13 -3.040971812890776876e-11 -4.072609550431203693e-11 -1.613375999410595797e-09 1.852441400314884527e-12 -9.561602014718030288e-11 2.370789493739560550e-11 -9.771382132490963628e-11 -4.702375235260029313e-14 1.313262188868601494e-09 -1.462494381680161612e-10 4.189571541834991026e-11 -2.816667586611011739e-10 -2.094481341429742979e-12 -3.223498741032901936e-10 -2.904056992879132022e-10 -3.283245765550495795e-10 -5.259403149055691932e-12 2.999641449817672065e-12 -3.891150225721947490e-12
-1.258211589955753187e-05 -1.233186132654539026e-05 -2.178915041228207498e-04 -1.220791855099046802e-05 -2.367967739461756757e-04 6.912905728945964304e-05 2.453694008030659767e-04 3.156488530435217496e-04 2.955602399865713556e-04 2.117261371086859756e-04 -1.233342748968542036e-05 -4.702498425368671544e-04 -5.579706772607005369e-05 -1.583770501398905437e-03 -5.833298066105605147e-03 9.598320483313587531e-04 6.179233877217111138e-04 6.289057471768692278e-05 2.792878886126415024e-04 -2.226520919138855691e-04 4.378123156682366558e-06 -1.632794244402027174e-04 -9.503037622137599019e-03 2.289431110108190379e-02 -1.000135504213170001e-03 -2.182814316441906034e-03 -1.950277797027726712e-05 -3.587934373639896061e-09 1.054106911095645943e-03 -1.257314850099965401e-05 4.440700910855993410e-07 2.296808954077623338e-03 2.855132885594463452e-09 3.471895116437812509e-07 -1.129674217233349875e-06 -1.827562595533762247e-05 1.597641848443858960e-07 -3.341017847740075041e-06 5.760150887011532950e-07 -1.974679846636551899e-06 -5.875138051350567398e-10 1.003022010893517431e-04 -8.943053311799381116e-06 -5.551725217435048011e-06 2.276539357172760325e-05 -1.285300550787149088e-04 2.464314669369737184e-05 3.283640119033872273e-04 3.194085536237946643e-05 -4.959359547326949011e-06 -5.714518519534040755e-07 -4.060084067573348519e-05
-2.252087137432875588e-06 -1.578491350611597355e-06 -4.825636531517392446e-05 -1.383926590217119635e-05 6.091806083853501736e-05 3.256981555416698466e-05 4.937202641581131177e-06 6.921154486860321047e-05 3.450166588967112176e-05 1.412798857933585307e-05 -1.586961977223544107e-06 8.736115899533623071e-05 -2.369242090377577425e-05 -2.724166360858878890e-04 -8.998042157804376053e-04 6.848294079575618551e-05 -1.940007055687249457e-04 -1.203705761809949930e-04 9.249960871076835117e-05 8.872503104194280138e-06 8.901425030663786913e-05 1.241685734579776044e-04 -1.386398137821303906e-03 3.474973049019371152e-03 -2.017175161899870421e-04 1.024773424411812208e-03 3.965544822286061390e-07 -6.800599624153285674e-10 -1.257314850099965401e-05 1.201780492363181642e-03 -2.411031737800892110e-08 3.955561087844659297e-03 1.105079997916093897e-05 1.402038139498170579e-05 -3.959811377158487334e-06 -4.405815997677324427e-04 2.075395561334901365e-05 1.366665799780621776e-05 1.898783179396362549e-05 8.023888361426776680e-06 1.182116030134219145e-07 8.735857817913228332e-05 1.279703476505575451e-05 4.261271734359030933e-07 -1.860764726522048625e-06 -2.329161616317341078e-03 -2.781924466060937772e-05 -5.056311372669884500e-05 -3.120575982404346998e-06 -5.076729848836487694e-07 -2.250788147614610073e-07 -6.064654081780392961e-06
