par.Ct_1S0np = -0.147355583336988
par.Ct_1S0pp = -0.146525827514611
par.C_1S0 = 2.54768376685878
par.Ct_3S1 = -0.168718941891471
par.C_3S1 = 0.705217297418910
par.C_3S1-3D1 = 0.597481847610272
par.C_3P0 = 1.16049707503831
par.C_1P1 = 0.520011536493719
par.C_3P1 = -0.955365086625806
par.C_3P2 = -0.657504189537127
par.Ct_1S0nn = -0.147117838042339
par.c_D = -0.324454678210943
par.c_E = -0.520920162607190
par.c1 = 0.223841596775856
par.c2 = 5.13909990880424
par.c3 = -3.55540680296936
par.c4 = 3.93345114706229
par.d1+d2 = 5.32041229230724
par.d3 = -4.83272634136342
par.d5 = -0.236681892905630
par.d14-d15 = -10.2303444604801
par.e14 = -0.262951238750409
par.e15 = -9.26682019219822
par.e16 = -0.312140896816817E-01
par.e17 = 1.49976203396132
par.e18 = -1.15350307424070
par.Ct_1S0np = -0.147361164133027
par.Ct_1S0pp = -0.146532278671364
par.C_1S0 = 2.54750090492940
par.Ct_3S1 = -0.168684912770119
par.C_3S1 = 0.704691988124603
par.C_3S1-3D1 = 0.597211190339301
par.C_3P0 = 1.16067999295259
par.C_1P1 = 0.519639125561916
par.C_3P1 = -0.955216837187357
par.C_3P2 = -0.657476421846120
par.Ct_1S0nn = -0.147137480652736
par.c_D = -0.324311591170070
par.c_E = -0.521101713290909
par.c1 = 0.222656138757634
par.c2 = 5.13538448507693
par.c3 = -3.55527939663643
par.c4 = 3.93253452431572
par.d1+d2 = 5.31990929096072
par.d3 = -4.83234252922374
par.d5 = -0.236645327503893
par.d14-d15 = -10.2300174783773
par.e14 = -0.262057413464359
par.e15 = -9.27259530969834
par.e16 = -0.168993174061809E-01
par.e17 = 1.49805448259435
par.e18 = -1.14808425239423
par.Ct_1S0np = -0.147359116133106
par.Ct_1S0pp = -0.146530188425892
par.C_1S0 = 2.54755672960055
par.Ct_3S1 = -0.168684266479419
par.C_3S1 = 0.704745929816225
par.C_3S1-3D1 = 0.597273957645171
par.C_3P0 = 1.16066311035532
par.C_1P1 = 0.519704539233959
par.C_3P1 = -0.955261760467750
par.C_3P2 = -0.657477149437654
par.Ct_1S0nn = -0.147135363426519
par.c_D = -0.324452456838502
par.c_E = -0.521172059288592
par.c1 = 0.223042507553219
par.c2 = 5.13655118538694
par.c3 = -3.55527553554377
par.c4 = 3.93295049345966
par.d1+d2 = 5.32012744425009
par.d3 = -4.83248433129179
par.d5 = -0.236678137013486
par.d14-d15 = -10.2301566999990
par.e14 = -0.262326447359442
par.e15 = -9.27102033821111
par.e16 = -0.212806151842727E-01
par.e17 = 1.49842900761282
par.e18 = -1.15025145475681
par.Ct_1S0np = -0.147358533548060
par.Ct_1S0pp = -0.146529610336421
par.C_1S0 = 2.54756323828791
par.Ct_3S1 = -0.168683396306600
par.C_3S1 = 0.704745802403914
par.C_3S1-3D1 = 0.597284750512321
par.C_3P0 = 1.16066561100483
par.C_1P1 = 0.519709493205157
par.C_3P1 = -0.955271784355231
par.C_3P2 = -0.657477027847735
par.Ct_1S0nn = -0.147140556621897
par.c_D = -0.184359443906639
par.c_E = -0.499882051460862
par.c1 = 0.223125530249736
par.c2 = 5.13679848968053
par.c3 = -3.55527146701855
par.c4 = 3.93302378240992
par.d1+d2 = 5.32016413551071
par.d3 = -4.83250555902940
par.d5 = -0.236685282936772
par.d14-d15 = -10.2301832277199
par.e14 = -0.262371644527917
par.e15 = -9.27072784584011
par.e16 = -0.221888826355847E-01
par.e17 = 1.49846237482992
par.e18 = -1.15061000208541
par.Ct_1S0np = -0.147357270271591
par.Ct_1S0pp = -0.146528346023470
par.C_1S0 = 2.54759102269424
par.Ct_3S1 = -0.168682343049066
par.C_3S1 = 0.704775975054180
par.C_3S1-3D1 = 0.597277423826393
par.C_3P0 = 1.16063755514288
par.C_1P1 = 0.519681149764964
par.C_3P1 = -0.955290833468129
par.C_3P2 = -0.657500211186166
par.Ct_1S0nn = -0.147133410325357
par.c_D = -0.324635160802756
par.c_E = -0.521434299320049
par.c1 = 0.223309589869521
par.c2 = 5.13746374312487
par.c3 = -3.55537096648384
par.c4 = 3.93295519875811
par.d1+d2 = 5.32015490154658
par.d3 = -4.83253457055927
par.d5 = -0.236660433734138
par.d14-d15 = -10.2301819801250
par.e14 = -0.262355445498283
par.e15 = -9.26968763240094
par.e16 = -0.247779345356382E-01
par.e17 = 1.49857229339179
par.e18 = -1.15036794140452
