theo_error.scale_from_amplitudes = yes
scaling_form = 1
eft_nu = 4.0
eft_C = 1.0237
eft_nu.piN = 5.0
eft_C.piN = 3.6305
residual_list.load = no
residual_list.load.prefix = N2LOsim-575-158.theo
eft_C = 3.21682505309581757
eft_C.piN = 3.64298112690448761
eft_C = 2.17714197933673859
eft_C.piN = 3.66273649036884308
eft_C = 2.13004298508167267
eft_C.piN = 3.66237573325634003
eft_C = 2.10796244442462921
eft_C.piN = 3.66013340651988983
