theo_error.scale_from_amplitudes = yes
scaling_form = 1
eft_nu = 4.0
eft_C = 1.0237
eft_nu.piN = 5.0
eft_C.piN = 3.6305
residual_list.load = no
residual_list.load.prefix = N2LOsim-600-191.theo
eft_C = 2.73979343473911285
eft_C.piN = 3.64584527909755707
eft_C = 2.16818191111087799
eft_C.piN = 3.66108931601047516
eft_C = 2.14913122355937958
eft_C.piN = 3.65862183272838593
eft_C = 2.13543228805065155
eft_C.piN = 3.65679793059825897
