theo_error.scale_from_amplitudes = yes
scaling_form = 1
eft_nu = 4.0
eft_C = 1.0237
eft_nu.piN = 5.0
eft_C.piN = 3.6305
residual_list.load = no
residual_list.load.prefix = N2LOsim-525-158.theo
eft_C = 2.54022233188152313
eft_C.piN = 3.63604821264743805
eft_C = 1.70202068984508514
eft_C.piN = 3.65005634725093842
eft_C = 1.65515445172786713
eft_C.piN = 3.65282587707042694
eft_C = 1.65210984647274017
eft_C.piN = 3.65326441824436188
