3.999881504341128388e-06 3.997224254037536822e-06 9.213987321162162871e-05 3.979901088562896095e-06 9.223686487735612298e-05 2.223023990077993660e-06 -5.935152511945533292e-05 -5.823176412128225864e-05 -6.132000989305503268e-05 -6.006376156002031806e-05 3.987657931264319940e-06 7.417027823873767630e-05 1.294532815961568595e-05 5.933559252566723320e-04 2.082679918831319230e-03 -2.632871888019960795e-04 1.825901087960794030e-05 8.078355475568704163e-05 -1.361218226320527888e-04 4.350909982681597552e-05 -6.998271060429054745e-05 -6.478483641269655808e-05 3.260271140038050082e-03 -8.094316522736788588e-03 3.915450154343656786e-04 -3.432936584055219916e-04 1.440908475872882887e-06 2.044268471369461297e-11 -1.114172973013263397e-05 -2.187643079982429171e-06 -2.173547576672790249e-09 -5.860073067967844581e-05 1.703294262127878463e-09 -5.279014216724068368e-08 -6.549412372752406307e-08 -1.395350396540303118e-06 -1.101021761545499347e-08 4.516423473468014176e-07 -1.353958111236651753e-07 5.439929836703832309e-07 3.048145181323917975e-10 -4.794635399989798986e-05 6.033575232905172517e-07 2.107246073189831911e-07 -9.529145648714864840e-07 4.653283220776430735e-06 -8.108604101352169527e-07 -2.367695913299680197e-05 -1.339129968723741681e-06 1.538408922460844716e-06 3.048413912448193476e-07 1.446504021674793409e-05
3.997224254037536822e-06 3.995844185726924112e-06 9.220949113677615700e-05 3.982502713845068236e-06 9.225076981773144467e-05 2.260286315888746566e-06 -5.933725061678737114e-05 -5.819897873914607898e-05 -6.131688636217748237e-05 -6.005830686943088058e-05 3.986239112102494005e-06 7.403112373516645072e-05 1.288201597225186143e-05 5.933242937542315514e-04 2.082628557078670516e-03 -2.633270805996570972e-04 1.871315204069755908e-05 8.103337224454552608e-05 -1.362466300590274354e-04 4.344409348517712523e-05 -7.017671427312677007e-05 -6.497591367304254547e-05 3.260807315694415169e-03 -8.094410810586972344e-03 3.917064355393116678e-04 -3.454950441534281177e-04 1.436889398460906239e-06 1.821850475038305317e-11 -1.094701154754789144e-05 -1.518288333762966052e-06 -2.260149849580024532e-09 -6.051267025230083063e-05 1.580034004383663514e-09 -5.625483747767239941e-08 -6.520034654145460088e-08 -1.301558613138568940e-06 -1.094679329571711916e-08 4.490589586955777961e-07 -1.354914187896006323e-07 5.444701281391126601e-07 3.049006394351704814e-10 -4.797902089764251256e-05 5.984907578462547365e-07 2.067657679832926380e-07 -9.286232923634630986e-07 8.679914705926367305e-07 -8.256572183294454342e-07 -2.351544490192289017e-05 -1.309138336700248101e-06 1.538236203431916373e-06 3.051065973039942494e-07 1.446403665097645756e-05
9.213987321162162871e-05 9.220949113677615700e-05 2.247398561825141809e-03 9.307031360213079694e-05 2.237931420477056246e-03 1.263468497106577648e-04 -1.344760220794385779e-03 -1.292969321968478504e-03 -1.448367275673062820e-03 -1.401938603111275473e-03 9.198875070239288202e-05 1.534381344551069776e-03 2.136237674291440207e-04 1.380202587651122893e-02 4.860243746356714134e-02 -6.267644801027857059e-03 1.188606801206133594e-03 2.320212960653684087e-03 -3.405156294249695684e-03 9.092555616404490813e-04 -1.976954493100878223e-03 -1.824220136395309205e-03 7.731557066143618373e-02 -1.894881798025981612e-01 9.448994196794782349e-03 -1.173588884068183479e-02 1.204043351225397051e-05 -4.862451740038191127e-12 -1.841180928358628185e-04 -4.623341573653759880e-05 -7.631719372382834865e-09 -3.104066719115974177e-03 3.296772892375623916e-08 -1.225446203999535031e-06 -1.458150859985708344e-06 3.392852866160619540e-05 -2.087579665027555635e-07 8.624540820914077747e-06 -3.159725108684265429e-06 1.277348612101390545e-05 7.017759506037218870e-09 -1.325732957891843141e-03 3.680294568127377591e-06 -3.546948919216963231e-08 -1.590009526677917799e-06 -6.240890450960870828e-05 9.507689924754214144e-07 -4.219565858799535166e-04 -6.535201013453770681e-06 3.574811833021231832e-05 7.588265842400458773e-06 3.363823037088363248e-04
3.979901088562896095e-06 3.982502713845068236e-06 9.307031360213079694e-05 4.734368957473617503e-06 8.837754143242467603e-05 -3.567706662218037693e-06 -6.007928156922105571e-05 -6.364900679917548040e-05 -6.127569498634826816e-05 -6.087945805957244101e-05 3.970364864557486328e-06 7.709559991405498980e-05 1.573954622674743331e-05 5.914458639217255124e-04 2.082366403060099177e-03 -2.683569030957231802e-04 1.339443865824934985e-05 7.963029274448609070e-05 -1.363978088451615184e-04 4.432681320132939718e-05 -6.978220768004272251e-05 -6.138657930762240556e-05 3.277511829475388428e-03 -8.102514664008903314e-03 3.926965776216434370e-04 -3.218111731188907226e-04 1.045030501357136565e-06 -1.213524596458937231e-11 -9.583086541817846711e-06 -1.279592762504941115e-05 8.893437727982472437e-09 -1.917762718236047778e-04 8.778944930273972685e-09 -2.501312142960614544e-07 6.013934725583192349e-07 3.907730428396039284e-05 -7.537233472197648888e-09 3.049047403281157081e-07 -1.464245875670054695e-07 5.932207690512370737e-07 3.158807270919329165e-10 -3.965707449634475171e-05 9.031868332172985496e-07 1.318248266699623590e-07 -6.267135387888138858e-07 -7.664508374471451065e-06 -5.951173414205625925e-07 -2.695523471244879574e-05 -1.039506804540943691e-06 1.548599526638293388e-06 3.039526203043609542e-07 1.445799314270002721e-05
9.223686487735612298e-05 9.225076981773144467e-05 2.237931420477056246e-03 8.837754143242467603e-05 2.265417105696658495e-03 1.580886580193560935e-04 -1.336522581136139788e-03 -1.258344112600501188e-03 -1.447120368988684316e-03 -1.395460354277096434e-03 9.204670640230513273e-05 1.520108338358525709e-03 1.960896747011961299e-04 1.379398865347773902e-02 4.854016739945648390e-02 -6.232510144596304681e-03 1.226376561352832432e-03 2.330390931217256410e-03 -3.402617499014681714e-03 9.017846648859843611e-04 -1.980774687969344503e-03 -1.845907261380209073e-03 7.713478346148501530e-02 -1.892010932272004675e-01 9.434800207658777457e-03 -1.189963094776517148e-02 1.598437347807357280e-05 3.824695579354677520e-10 -2.055408191824630883e-04 5.872890046294251603e-05 -5.121085423325158624e-08 -2.149133942041414613e-03 -4.295181645640557909e-08 9.924244321438551246e-07 -4.745374197333425009e-06 -1.787791399023234539e-04 -2.543317612289313638e-07 1.053828499053803146e-05 -3.240484603604454872e-06 1.306065350967861143e-05 7.277016225232385018e-09 -1.365766596725208337e-03 3.075823561804678412e-06 7.832724482446232059e-07 -4.898960333797109691e-06 4.801166264715670819e-05 -1.549394704231277896e-06 -4.193710891880431070e-04 -1.024177288291915232e-05 3.564081888276951997e-05 7.590605178309423410e-06 3.359608449490605366e-04
2.223023990077993660e-06 2.260286315888746566e-06 1.263468497106577648e-04 -3.567706662218037693e-06 1.580886580193560935e-04 1.481818709818426348e-04 3.340514360148563852e-05 1.150129792195110759e-04 -5.776350738417043387e-05 -8.727748997437313858e-06 2.317529574573477480e-06 -2.695913543756300380e-04 -1.392546252448948992e-04 4.475489801296276648e-04 1.474555186526952744e-03 -1.070736794458009011e-04 9.643063393552750613e-04 5.353450093655252873e-04 -3.121318025725838005e-04 -1.074180319465626714e-04 -3.992742959966945207e-04 -4.908924261065774741e-04 2.833122665593902460e-03 -5.950657354576034154e-03 5.395710745100429665e-04 -4.798536139068981105e-03 -5.682394866074228693e-06 9.902111636976708739e-10 3.245013540162493282e-05 3.158813086335121188e-05 -1.532764861429874647e-07 -1.562954907375292170e-03 -4.927456061500666608e-09 2.229348479237344325e-08 -7.142142999666165580e-06 -3.344739915790226207e-04 9.731847033389827941e-08 -3.959962055293118598e-06 9.589041396507293786e-07 -3.838662303259491435e-06 -2.016729867389855941e-09 -3.619863707087332010e-04 -2.130068702445781748e-05 -1.956693628891484401e-06 8.120392656856190898e-06 -4.102580922479940755e-05 8.035030350182818004e-06 1.673710568569762472e-04 1.177022753178869737e-05 5.244998180581723102e-07 7.213249597494229803e-07 9.258626358373586284e-06
-5.935152511945533292e-05 -5.933725061678737114e-05 -1.344760220794385779e-03 -6.007928156922105571e-05 -1.336522581136139788e-03 3.340514360148563852e-05 9.592641268988502971e-04 9.426597972521194536e-04 8.972692340265786244e-04 9.160734366864030712e-04 -5.914884380536730463e-05 -1.298785054568390822e-03 -2.742797096159956243e-04 -8.765540947185325449e-03 -3.087613566320685649e-02 3.991721718223515541e-03 2.801705833775414742e-04 -9.325428241444126166e-04 1.905746861449735593e-03 -7.261294808498380826e-04 8.494416502559248849e-04 6.927033574625628305e-04 -4.821471430421789273e-02 1.199677756060631428e-01 -5.675874773480511434e-03 2.468403277978528307e-03 -1.899687351108948936e-05 2.666349538452393069e-09 2.115918330312005664e-04 4.593026841297506946e-06 1.686287182799224491e-07 -6.333860156301744518e-04 -4.798844695576339614e-09 1.845862139528324059e-07 -8.225597256809538044e-07 -3.115719026036185444e-05 2.538509823501101387e-07 -1.042893098347276684e-05 2.871789938211344781e-06 -1.152925587399488192e-05 -6.384116403155637959e-09 5.549477412734300872e-04 -2.247910576982428135e-05 -3.116277982969707553e-06 1.403296768757899057e-05 -3.980696723741717881e-05 1.190637243762503907e-05 4.312035834399804762e-04 2.094697345250074236e-05 -2.320227977191255197e-05 -4.242367545311108993e-06 -2.149266908323637488e-04
-5.823176412128225864e-05 -5.819897873914607898e-05 -1.292969321968478504e-03 -6.364900679917548040e-05 -1.258344112600501188e-03 1.150129792195110759e-04 9.426597972521194536e-04 1.163925325842057445e-03 8.832066846695593157e-04 9.222383548051361467e-04 -5.798692576393203605e-05 -1.436656070573912080e-03 -3.403787297004443957e-04 -8.503957866805911259e-03 -3.010418458608299028e-02 4.011906889123173503e-03 7.339242891713669212e-04 -7.002392356860285974e-04 1.777866463237126517e-03 -7.769616160126971817e-04 6.865244873462468967e-04 4.405357345576045580e-04 -4.710904725263137527e-02 1.170446917798000225e-01 -5.451145204397092256e-03 2.325032898899247885e-04 -2.172885022872089608e-05 5.764662482831388892e-10 2.300277277234930636e-04 6.380363040723213870e-05 -2.237896700102990619e-07 3.060408134986041580e-03 -4.343686113449751534e-08 1.360392469846632966e-06 -5.555062352218441528e-06 -2.813714538579282229e-04 2.652059781774609187e-07 -1.083801690319816447e-05 3.242031742150450621e-06 -1.304219066702985830e-05 -7.100214029824916255e-09 3.188080153114297103e-04 -3.391074778678697231e-05 -4.160038414063179120e-06 1.828661538520360446e-05 3.225273871500132169e-05 1.772648711780667541e-05 5.432031557786238564e-04 2.798862181834332039e-05 -2.302635165905296452e-05 -3.921663443500624981e-06 -2.098576268410804867e-04
-6.132000989305503268e-05 -6.131688636217748237e-05 -1.448367275673062820e-03 -6.127569498634826816e-05 -1.447120368988684316e-03 -5.776350738417043387e-05 8.972692340265786244e-04 8.832066846695593157e-04 9.726461715424146838e-04 9.277081431052888651e-04 -6.117461301622101734e-05 -1.086088130488815310e-03 -1.704918949368698275e-04 -9.122670479837377555e-03 -3.208307429979445624e-02 4.105113168951905929e-03 -5.033317031062842228e-04 -1.374812920460069055e-03 2.167431493315294909e-03 -6.396816042393833716e-04 1.182702179146587641e-03 1.085808818279209321e-03 -5.064011185211982763e-02 1.248937278610072199e-01 -6.129625982297801784e-03 6.378251136609227115e-03 -1.598613426443363928e-05 -1.435931903992427147e-09 2.597477420077905566e-04 3.181853991780766647e-05 3.028858264983440596e-08 1.972564418038848331e-03 -3.086436759061113842e-08 1.089589919892692975e-06 1.281357065947846942e-06 1.587791303036953770e-05 1.468976982648087434e-07 -6.032932929444301598e-06 2.013329621988634878e-06 -8.113284856988794936e-06 -4.508150569964808681e-09 7.847518337505688920e-04 -6.356241642530423347e-06 -1.993558220472878504e-06 9.498958165032065907e-06 1.395394181001301400e-05 8.142308804175512975e-06 3.333351825838770871e-04 1.457817300841720688e-05 -2.367550873258504276e-05 -4.839050214239629008e-06 -2.224578213210211372e-04
-6.006376156002031806e-05 -6.005830686943088058e-05 -1.401938603111275473e-03 -6.087945805957244101e-05 -1.395460354277096434e-03 -8.727748997437313858e-06 9.160734366864030712e-04 9.222383548051361467e-04 9.277081431052888651e-04 9.257684731132425834e-04 -5.988978409172275163e-05 -1.200315852102990140e-03 -2.267564505898019022e-04 -8.899464600467334868e-03 -3.137857928394258145e-02 4.080019083815510789e-03 -1.177237604633867311e-04 -1.165739824274055099e-03 2.044952198568946063e-03 -6.809007231464397729e-04 1.030527115441357477e-03 8.787510386595405107e-04 -4.946825081865503099e-02 1.221404788088739229e-01 -5.910079799954014862e-03 4.458004064520501575e-03 -1.542804155878655872e-05 2.718442452331655189e-10 1.669711991521805028e-04 1.454307026308716727e-05 -6.141992321813664837e-08 4.998527550586061990e-04 -1.157014938616443482e-08 4.411400298063918209e-07 -3.613039339054173524e-07 -4.008212672641174026e-05 2.087697025538996864e-07 -8.585221721162903812e-06 2.574171232315655401e-06 -1.035895044350299544e-05 -5.714870486743195175e-09 6.577201946058784882e-04 -1.555399900870099120e-05 -2.097299664665251490e-06 9.820220316119573120e-06 -1.056004793269171286e-05 8.120863123406589149e-06 3.850157579981231979e-04 1.579550159371654071e-05 -2.343212909138657593e-05 -4.546290180470865985e-06 -2.178887877691951572e-04
3.987657931264319940e-06 3.986239112102494005e-06 9.198875070239288202e-05 3.970364864557486328e-06 9.204670640230513273e-05 2.317529574573477480e-06 -5.914884380536730463e-05 -5.798692576393203605e-05 -6.117461301622101734e-05 -5.988978409172275163e-05 4.097936591503590351e-06 7.328357727196382887e-05 1.439942733027553937e-05 5.919012164539726216e-04 2.077529765061134938e-03 -2.625987081119627925e-04 1.905813060283660974e-05 8.101724298469661347e-05 -1.359864930620416303e-04 4.327967378461172613e-05 -7.013121021695714651e-05 -6.501174048385133762e-05 3.252817897257818253e-03 -8.074569488889779545e-03 3.908274953786264154e-04 -3.465003339874358178e-04 1.440391326687500950e-06 1.971239404820536996e-11 -1.096430411552951756e-05 -1.535178330441122996e-06 -2.317216594682675130e-09 -6.144970022947558654e-05 1.640596490161450537e-09 -5.715745689912289270e-08 -6.852235016589890241e-08 -1.455898381922150010e-06 7.960412342737791249e-06 7.465317312855207058e-07 -3.939427950196801210e-06 1.090948995763951898e-07 1.348591796681870798e-09 -5.405120059125438289e-05 2.958521120603555217e-07 2.074372073344335319e-07 -9.309758897380227241e-07 8.587513634394938489e-07 -8.291533208027940139e-07 2.479237673680763539e-04 3.575201079622890541e-06 1.534156397108153164e-06 3.045483565646990545e-07 1.442832886386841013e-05
7.417027823873767630e-05 7.403112373516645072e-05 1.534381344551069776e-03 7.709559991405498980e-05 1.520108338358525709e-03 -2.695913543756300380e-04 -1.298785054568390822e-03 -1.436656070573912080e-03 -1.086088130488815310e-03 -1.200315852102990140e-03 7.328357727196382887e-05 2.752606589857945797e-03 6.818379066982838610e-04 1.068572182538158125e-02 3.789505426773449870e-02 -5.106940261753307314e-03 -2.247605802653855015e-03 2.013170473473021964e-04 -1.921821501849932043e-03 1.169015452154894500e-03 -3.593798018938360039e-04 5.195700687684635943e-05 5.833777878104214054e-02 -1.469094976657437379e-01 6.467763691363351622e-03 6.066880152446930269e-03 3.685428723500581662e-05 -2.855750675325507147e-09 -3.291467799237375136e-04 8.652943053899087684e-05 2.786670446405330552e-07 5.675364740730818279e-03 -7.380799482102911482e-08 2.415952141686131166e-06 7.188257857097129456e-06 2.096157646790278530e-04 -1.718052783055996208e-05 2.568351500092354376e-05 1.464095087128083490e-05 2.727075912252068429e-05 -2.482169976879539092e-05 5.472260475241795194e-05 8.002590301395439061e-05 8.171432692706004318e-06 -3.546699214958553995e-05 2.162347618967465292e-04 -3.203870592141860386e-05 -1.796090357930048200e-03 -6.831878325923380403e-05 2.968531829724175503e-05 4.213395325866833247e-06 2.656482804198601316e-04
1.294532815961568595e-05 1.288201597225186143e-05 2.136237674291440207e-04 1.573954622674743331e-05 1.960896747011961299e-04 -1.392546252448948992e-04 -2.742797096159956243e-04 -3.403787297004443957e-04 -1.704918949368698275e-04 -2.267564505898019022e-04 1.439942733027553937e-05 6.818379066982838610e-04 2.890360001717928663e-04 1.788405955023237215e-03 6.403147415305046955e-03 -9.128425093701966015e-04 -1.089807465555601594e-03 -3.254055602080085279e-04 -1.609460521890959813e-04 3.004541112122805077e-04 2.034354117126527597e-04 3.387069193105162000e-04 9.425368935038220403e-03 -2.463851203435834733e-02 8.920246094336044349e-04 4.428599750554657564e-03 1.125837848720729190e-05 -1.293954925778910262e-09 -5.981506782911612588e-05 -7.926638291169639246e-06 1.443656278017035629e-07 2.699488085821816121e-03 3.316653193230081047e-08 5.988371065982967640e-07 4.470358495545114309e-06 1.635909639496375024e-04 -2.554700921872656255e-06 2.749382729453947634e-06 -1.554935151339912464e-04 -1.008754634720965767e-05 -3.726347572876465641e-06 -4.657960945927251293e-04 1.006101789069532277e-05 2.808016185146292542e-06 -1.167976148002659471e-05 1.407837391738862268e-04 -9.995005890324056168e-06 3.360534708445072662e-03 4.846592461799775764e-05 5.422510108994913885e-06 3.312444661037759829e-07 4.563970317125887871e-05
5.933559252566723320e-04 5.933242937542315514e-04 1.380202587651122893e-02 5.914458639217255124e-04 1.379398865347773902e-02 4.475489801296276648e-04 -8.765540947185325449e-03 -8.503957866805911259e-03 -9.122670479837377555e-03 -8.899464600467334868e-03 5.919012164539726216e-04 1.068572182538158125e-02 1.788405955023237215e-03 8.832120983751332033e-02 3.099014952695418046e-01 -3.908961527594801560e-02 3.776305501196910129e-03 1.255324345645063983e-02 -2.049538493475302689e-02 6.320238661463106235e-03 -1.080314438587972811e-02 -1.013525249266663056e-02 4.857150198410995490e-01 -1.204676307935626856e+00 5.855432768005491839e-02 -5.615487601469414114e-02 1.899404444866349044e-04 1.513441771387968457e-09 -1.422072624551696737e-03 -2.622575564653998616e-04 -5.133224244140491319e-07 -1.068494754043863154e-02 2.515393319380653744e-07 -8.982820980935774126e-06 -1.172237494135486894e-05 -2.223887273538628347e-04 -1.527728580233169661e-06 6.272567717470938018e-05 -1.964848367211073014e-05 7.902992367979004920e-05 4.419686029249612398e-08 -7.503285734718053920e-03 6.836663531923073878e-05 2.517264548695562619e-05 -1.166532445987594557e-04 -1.680829985549212664e-06 -1.004269356516732223e-04 -3.282714799363290348e-03 -1.666813777968762878e-04 2.282870719691852278e-04 4.592345320451589482e-05 2.151292743976852741e-03
2.082679918831319230e-03 2.082628557078670516e-03 4.860243746356714134e-02 2.082366403060099177e-03 4.854016739945648390e-02 1.474555186526952744e-03 -3.087613566320685649e-02 -3.010418458608299028e-02 -3.208307429979445624e-02 -3.137857928394258145e-02 2.077529765061134938e-03 3.789505426773449870e-02 6.403147415305046955e-03 3.099014952695418046e-01 1.103582190228524329e+00 -1.380513498037088393e-01 1.282618690620586366e-02 4.139130390245004953e-02 -6.468033934884484526e-02 1.904246735508580840e-02 -3.967330937518896705e-02 2.563171122851690131e-02 1.595953815206698101e+00 -4.257758395816070518e+00 1.366614214523775850e-01 -1.522728985913302524e-01 6.282604423012898374e-04 3.384182337668946586e-09 -5.112895412865796352e-03 -8.704922511716612146e-04 -1.193040868417350358e-06 -3.693165415902308069e-02 8.099946958046148079e-07 -2.910378062888749524e-05 -3.319907723542627105e-05 -3.832468977033932390e-04 -5.573061428338981211e-06 2.289459209675349927e-04 -7.175615552259860606e-05 2.887224789923873575e-04 1.609441721356465597e-07 -2.605323934337935854e-02 2.712719401577689225e-04 8.154414279145496072e-05 -3.802856304798629878e-04 -2.283640780854478275e-05 -3.233396065623664849e-04 -1.166498291403976137e-02 -5.570679758127987944e-04 7.146721741594344503e-04 1.720451679050649164e-04 8.932070862169232128e-03
-2.632871888019960795e-04 -2.633270805996570972e-04 -6.267644801027857059e-03 -2.683569030957231802e-04 -6.232510144596304681e-03 -1.070736794458009011e-04 3.991721718223515541e-03 4.011906889123173503e-03 4.105113168951905929e-03 4.080019083815510789e-03 -2.625987081119627925e-04 -5.106940261753307314e-03 -9.128425093701966015e-04 -3.908961527594801560e-02 -1.380513498037088393e-01 1.812725773082950187e-02 -1.257433574902793632e-03 -5.566477141669960715e-03 9.235556890234756372e-03 -2.894194025718117846e-03 4.886743138264256631e-03 4.155468110571269857e-03 -2.190814839614529386e-01 5.380677949989972619e-01 -2.633503403673834870e-02 2.324796459343828059e-02 -4.898322214243507739e-05 1.128586177163935242e-09 7.443103430465770193e-04 6.971277339921759259e-05 -3.360917508055126454e-07 4.157795036952091280e-03 -4.393171360477998619e-08 1.732969124106505696e-06 -2.186908364324231964e-06 -2.691714775544123712e-04 8.751245181341231092e-07 -3.604723133236104521e-05 1.131548195944856303e-05 -4.560947238563209941e-05 -2.502458588734780213e-08 3.061012355679636459e-03 -5.970304606526643642e-05 -4.936261088097355374e-06 2.506500311780367494e-05 1.494517324416089433e-05 1.786611753239214533e-05 1.591918458389608715e-03 4.843817513059682538e-05 -1.030341258833508792e-04 -2.048282756966115343e-05 -9.573448100694149226e-04
1.825901087960794030e-05 1.871315204069755908e-05 1.188606801206133594e-03 1.339443865824934985e-05 1.226376561352832432e-03 9.643063393552750613e-04 2.801705833775414742e-04 7.339242891713669212e-04 -5.033317031062842228e-04 -1.177237604633867311e-04 1.905813060283660974e-05 -2.247605802653855015e-03 -1.089807465555601594e-03 3.776305501196910129e-03 1.282618690620586366e-02 -1.257433574902793632e-03 8.537413429039459115e-03 4.825506684641647434e-03 -2.849633911499105214e-03 -9.476004360086811391e-04 -3.642950590956353998e-03 -4.259707330496840562e-03 2.619512521778355127e-02 -5.255396855619521440e-02 4.918223710017334202e-03 -4.258845885491580052e-02 -7.346395496705324091e-05 7.193629961778213253e-09 3.811208407073112046e-04 -1.721026886952045296e-04 -5.683021618483369849e-07 -2.100012309863303131e-02 1.295854366843369221e-07 -4.669551705757787629e-06 -1.802384947708577387e-05 -2.885849362917965221e-04 9.146353369802711887e-07 -3.733663779265485386e-05 6.704493355806048058e-06 -2.653701277524288634e-05 -1.474948769988605442e-08 -2.752485099740079738e-03 -1.664071393969906488e-04 -2.207409397639562397e-05 9.189193528932637937e-05 -5.503671594865439370e-04 8.989928992601464784e-05 1.226860229803656329e-03 1.210832968695873228e-04 5.015905997028862818e-06 6.479042380112478489e-06 7.966832627077685865e-05
8.078355475568704163e-05 8.103337224454552608e-05 2.320212960653684087e-03 7.963029274448609070e-05 2.330390931217256410e-03 5.353450093655252873e-04 -9.325428241444126166e-04 -7.002392356860285974e-04 -1.374812920460069055e-03 -1.165739824274055099e-03 8.101724298469661347e-05 2.013170473473021964e-04 -3.254055602080085279e-04 1.255324345645063983e-02 4.139130390245004953e-02 -5.566477141669960715e-03 4.825506684641647434e-03 9.216073058388802447e-03 -1.065246844804497960e-02 1.407930290746804616e-03 -2.312468755707371496e-03 -1.741427108712427160e-02 9.612107297010218099e-02 -1.688839777980638002e-01 -1.128162650053294441e-03 -1.036496616822093694e-02 -2.557234840700901146e-05 3.466251896536513178e-09 -1.531345164075933107e-06 -1.090561000682475055e-04 -2.047070729119761853e-07 -1.216005208635647858e-02 7.961753837706064419e-08 -2.910556339352454054e-06 -8.841898974326907159e-06 -7.686073945897451375e-05 2.430829447972261549e-07 -9.834597395350682452e-06 4.504110865290319402e-07 -1.559120533239788121e-06 -9.570881587284171444e-10 -2.273008385119383405e-03 -7.116880431385441761e-05 -1.030408669930105021e-05 4.167796030254678597e-05 -2.934330329904584630e-04 4.257684816451668178e-05 2.137578552327676275e-04 5.069701719028255581e-05 8.518894617831736184e-05 -1.845631899930547375e-05 2.439551926624716066e-05
-1.361218226320527888e-04 -1.362466300590274354e-04 -3.405156294249695684e-03 -1.363978088451615184e-04 -3.402617499014681714e-03 -3.121318025725838005e-04 1.905746861449735593e-03 1.777866463237126517e-03 2.167431493315294909e-03 2.044952198568946063e-03 -1.359864930620416303e-04 -1.921821501849932043e-03 -1.609460521890959813e-04 -2.049538493475302689e-02 -6.468033934884484526e-02 9.235556890234756372e-03 -2.849633911499105214e-03 -1.065246844804497960e-02 5.014539012492386094e-02 -2.816780965171164497e-02 8.461559533623395912e-03 4.124648519776529659e-02 -1.804648174365868218e-01 2.704969278803014965e-01 -6.323629413560279133e-02 4.490901929732818432e-02 -1.214074802028291048e-05 -1.560620795718684562e-09 2.561448288305301206e-04 8.627704489625308434e-05 7.350147398576284829e-08 7.463687370406131213e-03 -6.636650708228743729e-08 2.433926694272857432e-06 4.732456407967550439e-06 2.339181069392463636e-06 1.725867120244102419e-07 -7.178383696456089021e-06 3.512380057404103753e-06 -1.426696032383008055e-05 -7.844879286204293002e-09 2.268659859872973299e-03 1.717644869639220508e-05 2.001593007111497244e-06 -5.945989895767269328e-06 1.434927832772630381e-04 -9.040973540298754101e-06 4.628985119572590827e-04 -1.820915444083333979e-06 -7.803221803443294909e-04 2.491374056234141397e-05 1.214794572184241120e-03
4.350909982681597552e-05 4.344409348517712523e-05 9.092555616404490813e-04 4.432681320132939718e-05 9.017846648859843611e-04 -1.074180319465626714e-04 -7.261294808498380826e-04 -7.769616160126971817e-04 -6.396816042393833716e-04 -6.809007231464397729e-04 4.327967378461172613e-05 1.169015452154894500e-03 3.004541112122805077e-04 6.320238661463106235e-03 1.904246735508580840e-02 -2.894194025718117846e-03 -9.476004360086811391e-04 1.407930290746804616e-03 -2.816780965171164497e-02 1.904515050264085976e-02 -3.554050708147942633e-03 -1.423632795591385503e-02 5.758224832324036063e-02 -7.910892622116361128e-02 3.976814507975429819e-02 -2.242731513687568068e-02 2.367048208335866775e-05 -9.941681734527869208e-10 -1.702622906085052138e-04 6.377268000850532762e-06 6.716202366408392244e-08 2.202055727416632643e-03 -2.083243594611518268e-09 7.290545393383577741e-08 2.005729127893833646e-06 4.079806546153556357e-05 -2.586715450387885692e-07 1.059487007499460012e-05 -2.605449461061769273e-06 1.042249782302130033e-05 5.793666690906045926e-09 -1.770076023250104734e-04 3.047352199956833749e-05 4.832182528219541855e-06 -2.100381136909964202e-05 7.800276884723639486e-05 -1.945732757072131451e-05 -4.369580898876719447e-04 -2.912468512529854285e-05 5.163435529958849230e-04 -1.259629718051638044e-05 -8.111598773566667999e-04
-6.998271060429054745e-05 -7.017671427312677007e-05 -1.976954493100878223e-03 -6.978220768004272251e-05 -1.980774687969344503e-03 -3.992742959966945207e-04 8.494416502559248849e-04 6.865244873462468967e-04 1.182702179146587641e-03 1.030527115441357477e-03 -7.013121021695714651e-05 -3.593798018938360039e-04 2.034354117126527597e-04 -1.080314438587972811e-02 -3.967330937518896705e-02 4.886743138264256631e-03 -3.642950590956353998e-03 -2.312468755707371496e-03 8.461559533623395912e-03 -3.554050708147942633e-03 7.325022967091254777e-02 -2.839360168560803310e-03 -5.012431907081075361e-02 1.499622396681645764e-01 -1.637721778655103766e-01 1.842842698133356771e-01 2.049117929921142109e-05 -2.421548847862456340e-09 3.642612116075920727e-05 8.067183845667992733e-05 9.561368294031656293e-08 9.253534929736632192e-03 -5.585860742281293458e-08 2.064816586595525082e-06 5.968572074867120375e-06 1.795338970697542584e-05 -1.362691068455536322e-07 5.471350621351775493e-06 2.697375666368987277e-07 -1.286473870903958393e-06 -5.984859832290181686e-10 1.795794008786911165e-03 4.908135412108229751e-05 8.106631998254770411e-06 -3.273593881662103231e-05 2.226809029847771231e-04 -3.366284503512102387e-05 -9.443536424974345849e-05 -3.861858449063966672e-05 -5.549135150279568916e-06 -1.938488115951615101e-04 -1.250219609122769481e-04
-6.478483641269655808e-05 -6.497591367304254547e-05 -1.824220136395309205e-03 -6.138657930762240556e-05 -1.845907261380209073e-03 -4.908924261065774741e-04 6.927033574625628305e-04 4.405357345576045580e-04 1.085808818279209321e-03 8.787510386595405107e-04 -6.501174048385133762e-05 5.195700687684635943e-05 3.387069193105162000e-04 -1.013525249266663056e-02 2.563171122851690131e-02 4.155468110571269857e-03 -4.259707330496840562e-03 -1.741427108712427160e-02 4.124648519776529659e-02 -1.423632795591385503e-02 -2.839360168560803310e-03 7.921975730397953219e-01 -1.626712154278618927e+00 5.780715658342532315e-01 -6.029096813234768870e-01 3.868655488853486868e-01 8.626612454898599665e-06 -3.683517231625092246e-09 -5.498893077239921413e-05 1.103177083072900798e-04 4.023770122753455769e-07 1.053314592940877287e-02 -9.392065998311533312e-08 3.344076012798762767e-06 1.048949428069530956e-05 2.149466047903405685e-04 -2.987117843385253653e-07 1.218783546291693064e-05 -1.585102934034276169e-06 6.199875849364056121e-06 3.341984980810233262e-09 1.996337673325345504e-03 7.319906080626097480e-05 6.400568206389745525e-06 -2.538235526505745266e-05 2.443360688853464286e-04 -2.603736339973934525e-05 -2.603883407449121730e-04 -3.389851990470620709e-05 -2.102682828071436160e-04 -3.084676623978686383e-04 5.067881335175848656e-03
3.260271140038050082e-03 3.260807315694415169e-03 7.731557066143618373e-02 3.277511829475388428e-03 7.713478346148501530e-02 2.833122665593902460e-03 -4.821471430421789273e-02 -4.710904725263137527e-02 -5.064011185211982763e-02 -4.946825081865503099e-02 3.252817897257818253e-03 5.833777878104214054e-02 9.425368935038220403e-03 4.857150198410995490e-01 1.595953815206698101e+00 -2.190814839614529386e-01 2.619512521778355127e-02 9.612107297010218099e-02 -1.804648174365868218e-01 5.758224832324036063e-02 -5.012431907081075361e-02 -1.626712154278618927e+00 5.844206724938707964e+00 -7.593153038988186943e+00 1.575262618078675736e+00 -1.123654379837838668e+00 7.792497359914345514e-04 5.087887630516340080e-09 -8.039793784965592466e-03 -1.337906218812314656e-03 -2.641767822142974302e-07 -7.448446049816712100e-02 1.126153921159799269e-06 -4.114625196621688857e-05 -4.046617111088909088e-05 5.178647298396855817e-04 -8.584318104595019199e-06 3.532859587388833709e-04 -1.153684344834256210e-04 4.649514346537668235e-04 2.574851030930907561e-07 -4.208082262797435691e-02 3.807329718400156342e-04 8.351825452294260751e-05 -4.084605501559693133e-04 -5.906723891587820074e-04 -3.215928513465926087e-04 -1.755528210251103630e-02 -6.615635398688737758e-04 1.448343407926810759e-03 9.311159699587946443e-04 2.299506381517803667e-03
-8.094316522736788588e-03 -8.094410810586972344e-03 -1.894881798025981612e-01 -8.102514664008903314e-03 -1.892010932272004675e-01 -5.950657354576034154e-03 1.199677756060631428e-01 1.170446917798000225e-01 1.248937278610072199e-01 1.221404788088739229e-01 -8.074569488889779545e-03 -1.469094976657437379e-01 -2.463851203435834733e-02 -1.204676307935626856e+00 -4.257758395816070518e+00 5.380677949989972619e-01 -5.255396855619521440e-02 -1.688839777980638002e-01 2.704969278803014965e-01 -7.910892622116361128e-02 1.499622396681645764e-01 5.780715658342532315e-01 -7.593153038988186943e+00 1.706316918526925264e+01 -1.070510896258072941e+00 9.589035533742916728e-01 -2.340520801625689453e-03 -1.265899884620561817e-08 1.991269545682168920e-02 3.361520103232435840e-03 3.778853368856384377e-06 1.510300916208526523e-01 -3.068220450047301681e-06 1.105954260514243183e-04 1.221342816278937011e-04 8.969976694684360548e-04 2.163925149396573591e-05 -8.892733258956080208e-04 2.808435781603659583e-04 -1.130382007364778580e-03 -6.292374390124609293e-07 1.017893593143046477e-01 -1.040695432137399984e-03 -2.953595079138204610e-04 1.386624939325029147e-03 3.456846324616967493e-04 1.166346288340734064e-03 4.504315411040965556e-02 2.063137491184448627e-03 -2.702010391674180417e-03 -1.030455096654517072e-03 -3.229665977368641888e-02
3.915450154343656786e-04 3.917064355393116678e-04 9.448994196794782349e-03 3.926965776216434370e-04 9.434800207658777457e-03 5.395710745100429665e-04 -5.675874773480511434e-03 -5.451145204397092256e-03 -6.129625982297801784e-03 -5.910079799954014862e-03 3.908274953786264154e-04 6.467763691363351622e-03 8.920246094336044349e-04 5.855432768005491839e-02 1.366614214523775850e-01 -2.633503403673834870e-02 4.918223710017334202e-03 -1.128162650053294441e-03 -6.323629413560279133e-02 3.976814507975429819e-02 -1.637721778655103766e-01 -6.029096813234768870e-01 1.575262618078675736e+00 -1.070510896258072941e+00 3.153208455931942211e+00 -2.731137171183076973e+00 7.625483659314848117e-05 2.091652345901147012e-09 -8.776277140896747257e-04 -1.945716394779923599e-04 -1.392724149070633080e-07 -1.330290224323542325e-02 1.598861272243789390e-07 -5.832930380917131881e-06 -8.471144832341229852e-06 8.659352598962288556e-06 -8.309893259357938392e-07 3.426618656912822948e-05 -1.235338375732594041e-05 4.989022339566843089e-05 2.760763593023701110e-08 -5.582086614038915193e-03 1.060205934433049320e-05 5.101585054538704261e-06 -2.844788062787167071e-05 -1.874307746638404393e-04 -1.854191482092986288e-05 -1.829984912547375549e-03 -5.237126409227127596e-05 5.639336114362800481e-04 -7.332577528125301582e-04 -3.623023556121532027e-03
-3.432936584055219916e-04 -3.454950441534281177e-04 -1.173588884068183479e-02 -3.218111731188907226e-04 -1.189963094776517148e-02 -4.798536139068981105e-03 2.468403277978528307e-03 2.325032898899247885e-04 6.378251136609227115e-03 4.458004064520501575e-03 -3.465003339874358178e-04 6.066880152446930269e-03 4.428599750554657564e-03 -5.615487601469414114e-02 -1.522728985913302524e-01 2.324796459343828059e-02 -4.258845885491580052e-02 -1.036496616822093694e-02 4.490901929732818432e-02 -2.242731513687568068e-02 1.842842698133356771e-01 3.868655488853486868e-01 -1.123654379837838668e+00 9.589035533742916728e-01 -2.731137171183076973e+00 2.667258426338241506e+00 2.891372184060563358e-04 -3.448400444037634108e-08 -1.172241704206690438e-03 9.205581858360632579e-04 2.694654794112602368e-06 1.055688244626979133e-01 -7.010366623863630120e-07 2.531433910293886635e-05 8.845398733338228985e-05 1.313410705542109860e-03 -3.659399470925868893e-06 1.491490431944808744e-04 -2.264581468149148185e-05 8.896838396916446662e-05 4.954307158606535377e-08 1.637175154564457502e-02 7.590242347329550403e-04 9.853807444293115987e-05 -4.054524600230110512e-04 2.660899253579081768e-03 -4.028253793384348430e-04 -4.438960245924962293e-03 -5.241158306667804967e-04 -3.457736666789559214e-04 8.856296582236192465e-04 6.070364882069176349e-04
1.440908475872882887e-06 1.436889398460906239e-06 1.204043351225397051e-05 1.045030501357136565e-06 1.598437347807357280e-05 -5.682394866074228693e-06 -1.899687351108948936e-05 -2.172885022872089608e-05 -1.598613426443363928e-05 -1.542804155878655872e-05 1.440391326687500950e-06 3.685428723500581662e-05 1.125837848720729190e-05 1.899404444866349044e-04 6.282604423012898374e-04 -4.898322214243507739e-05 -7.346395496705324091e-05 -2.557234840700901146e-05 -1.214074802028291048e-05 2.367048208335866775e-05 2.049117929921142109e-05 8.626612454898599665e-06 7.792497359914345514e-04 -2.340520801625689453e-03 7.625483659314848117e-05 2.891372184060563358e-04 8.747026708746671409e-05 2.228694156912295046e-11 -1.968341045003342549e-05 8.211289000106496144e-07 -9.570913906620446729e-09 1.144708782691213360e-04 1.362993257482942697e-08 -7.113219125833417906e-08 -2.243193646306768919e-07 -1.809718121441968361e-05 1.257179301364088315e-07 1.832062846277631469e-08 1.978568797286287599e-07 -3.109070665565404243e-07 -3.182138522703852374e-10 3.824626027524378037e-06 4.647392029137743606e-07 8.441951288319685619e-06 -3.577758037440283494e-06 1.963261624935419683e-05 -4.514701520545122197e-06 2.674606760972613102e-05 -4.365674863363743431e-06 4.516250183025160783e-07 3.629779191203849879e-08 4.523573624553981799e-06
2.044268471369461297e-11 1.821850475038305317e-11 -4.862451740038191127e-12 -1.213524596458937231e-11 3.824695579354677520e-10 9.902111636976708739e-10 2.666349538452393069e-09 5.764662482831388892e-10 -1.435931903992427147e-09 2.718442452331655189e-10 1.971239404820536996e-11 -2.855750675325507147e-09 -1.293954925778910262e-09 1.513441771387968457e-09 3.384182337668946586e-09 1.128586177163935242e-09 7.193629961778213253e-09 3.466251896536513178e-09 -1.560620795718684562e-09 -9.941681734527869208e-10 -2.421548847862456340e-09 -3.683517231625092246e-09 5.087887630516340080e-09 -1.265899884620561817e-08 2.091652345901147012e-09 -3.448400444037634108e-08 2.228694156912295046e-11 1.983091888481836592e-13 -3.396578292994096759e-09 -6.513543035976021015e-10 1.052228480579738602e-11 -5.103722884721835704e-08 8.087968118993260412e-13 -2.902034919165796912e-11 -4.410931033898545137e-11 -1.630153905813299617e-09 2.147659323499114477e-12 -9.668587276097705654e-11 2.475958783722707754e-11 -1.004236659696418872e-10 -5.007091100655734155e-14 -7.255901042208481057e-10 -2.202635163755147281e-10 3.462895776126352636e-11 -2.485279002837373963e-10 -5.956412856422946396e-11 -2.851710028398997092e-10 -5.413280646388022741e-11 -2.862214842020807650e-10 -3.289066842292229309e-12 3.946887964099689345e-12 1.811825580287938581e-11
-1.114172973013263397e-05 -1.094701154754789144e-05 -1.841180928358628185e-04 -9.583086541817846711e-06 -2.055408191824630883e-04 3.245013540162493282e-05 2.115918330312005664e-04 2.300277277234930636e-04 2.597477420077905566e-04 1.669711991521805028e-04 -1.096430411552951756e-05 -3.291467799237375136e-04 -5.981506782911612588e-05 -1.422072624551696737e-03 -5.112895412865796352e-03 7.443103430465770193e-04 3.811208407073112046e-04 -1.531345164075933107e-06 2.561448288305301206e-04 -1.702622906085052138e-04 3.642612116075920727e-05 -5.498893077239921413e-05 -8.039793784965592466e-03 1.991269545682168920e-02 -8.776277140896747257e-04 -1.172241704206690438e-03 -1.968341045003342549e-05 -3.396578292994096759e-09 9.658242730443446222e-04 5.098964548942952176e-06 6.217785178933663048e-07 2.647868387419789228e-03 -2.241393881027962336e-08 9.535120825361450169e-07 7.933589810732043603e-07 6.539941204214594253e-05 8.989256379563451089e-08 -1.022362884292945270e-06 1.955492360019553313e-08 2.215086010085614752e-07 5.044089951232512436e-10 -1.237981668545827182e-04 -1.058226676717201856e-05 -5.308778241334040201e-06 2.188934078389258387e-05 -9.627053235883954512e-05 2.355813003485954205e-05 2.102596524398122127e-04 2.862884263519210198e-05 -4.129605676441995420e-06 -5.451653446096674772e-07 -3.581990214970342184e-05
-2.187643079982429171e-06 -1.518288333762966052e-06 -4.623341573653759880e-05 -1.279592762504941115e-05 5.872890046294251603e-05 3.158813086335121188e-05 4.593026841297506946e-06 6.380363040723213870e-05 3.181853991780766647e-05 1.454307026308716727e-05 -1.535178330441122996e-06 8.652943053899087684e-05 -7.926638291169639246e-06 -2.622575564653998616e-04 -8.704922511716612146e-04 6.971277339921759259e-05 -1.721026886952045296e-04 -1.090561000682475055e-04 8.627704489625308434e-05 6.377268000850532762e-06 8.067183845667992733e-05 1.103177083072900798e-04 -1.337906218812314656e-03 3.361520103232435840e-03 -1.945716394779923599e-04 9.205581858360632579e-04 8.211289000106496144e-07 -6.513543035976021015e-10 5.098964548942952176e-06 1.145304734815883472e-03 -3.119370120665223146e-08 4.228006266621849030e-03 5.980374004473869712e-06 1.234871966122229034e-05 -4.126132175155189682e-06 -3.909242508813301009e-04 1.118944431187931875e-05 1.365228378898398524e-05 9.433308288206905962e-06 8.088728842636012017e-06 6.999101704805735724e-08 1.224452527404896400e-04 1.576345608302796392e-05 4.496197702530242376e-07 -1.815612246787165279e-06 -2.332977798105672664e-03 -2.776793959169354282e-05 -6.420667814624773581e-05 -3.334120190180184820e-06 -5.027578986503481201e-07 -2.049640429797326774e-07 -5.931490700737473916e-06
