theo_error.scale_from_amplitudes = yes
scaling_form = 1
eft_nu = 4.0
eft_C = 1.0237
eft_nu.piN = 5.0
eft_C.piN = 3.6305
residual_list.load = no
residual_list.load.prefix = N2LOsim-475-158.theo
eft_C = 1.85682155191898346
eft_C.piN = 3.62446881830692291
eft_C = 1.34621195495128632
eft_C.piN = 3.63771684467792511
eft_C = 1.31152592599391937
eft_C.piN = 3.64146254956722260
eft_C = 1.30936853587627411
eft_C.piN = 3.64170484244823456
