par.Ct_1S0np = -0.149814400371217
par.Ct_1S0pp = -0.149079512196582
par.C_1S0 = 2.46063896993557
par.Ct_3S1 = -0.168148229682302
par.C_3S1 = 0.614075652883725
par.C_3S1-3D1 = 0.440911556461823
par.C_3P0 = 1.16268957060680
par.C_1P1 = 0.301977615323358
par.C_3P1 = -0.898730849916435
par.C_3P2 = -0.696442513088953
par.Ct_1S0nn = -0.149756181718774
par.c_D = 0.874118737176450E-01
par.c_E = -0.362918237324429
par.c1 = -0.372387042726534
par.c2 = 3.55140257553158
par.c3 = -3.76027670080226
par.c4 = 2.77552962302804
par.d1+d2 = 4.76897407672806
par.d3 = -4.55863669264459
par.d5 = -0.974420561062722E-01
par.d14-d15 = -9.85611345182721
par.e14 = 0.399318349475969
par.e15 = -11.0438815293717
par.e16 = 5.71005643833686
par.e17 = 1.07841586194027
par.e18 = 4.44173047360578
par.Ct_1S0np = -0.149723959111525
par.Ct_1S0pp = -0.148988595423258
par.C_1S0 = 2.46500913173871
par.Ct_3S1 = -0.167340320829411
par.C_3S1 = 0.615104040400025
par.C_3S1-3D1 = 0.435686719654823
par.C_3P0 = 1.16082159922065
par.C_1P1 = 0.294309147446666
par.C_3P1 = -0.899963558046816
par.C_3P2 = -0.699180892626147
par.Ct_1S0nn = -0.149664809543200
par.c_D = 0.916823564849149E-01
par.c_E = -0.361379835483356
par.c1 = -0.359401424496700
par.c2 = 3.60744138579916
par.c3 = -3.77568016985625
par.c4 = 2.77682681853105
par.d1+d2 = 4.77389064384124
par.d3 = -4.56514764664758
par.d5 = -0.960632885079118E-01
par.d14-d15 = -9.86060338690190
par.e14 = 0.398649122775519
par.e15 = -10.9181231118304
par.e16 = 5.47263924803220
par.e17 = 1.09516203468151
par.e18 = 4.42491335210232
par.Ct_1S0np = -0.149726438965865
par.Ct_1S0pp = -0.148991027603193
par.C_1S0 = 2.46501107635996
par.Ct_3S1 = -0.167345401238915
par.C_3S1 = 0.615095325350255
par.C_3S1-3D1 = 0.435792880207045
par.C_3P0 = 1.16087746766515
par.C_1P1 = 0.294417546256292
par.C_3P1 = -0.899940689545979
par.C_3P2 = -0.699135322199911
par.Ct_1S0nn = -0.149666957112290
par.c_D = 0.910922329364174E-01
par.c_E = -0.362277503718894
par.c1 = -0.359748272925036
par.c2 = 3.60632881834701
par.c3 = -3.77558312255422
par.c4 = 2.77744420039452
par.d1+d2 = 4.77417526231481
par.d3 = -4.56513384834593
par.d5 = -0.962432065980192E-01
par.d14-d15 = -9.86102839838592
par.e14 = 0.398813285074625
par.e15 = -10.9200075245970
par.e16 = 5.47696692930788
par.e17 = 1.09255663881562
par.e18 = 4.42394741863632
