par.Ct_1S0np = -0.146611267312938
par.Ct_1S0pp = -0.145566732879348
par.C_1S0 = 2.48458881120570
par.Ct_3S1 = -0.154690894544558
par.C_3S1 = 0.582557216174106
par.C_3S1-3D1 = 0.520128060980943
par.C_3P0 = 1.35149307866431
par.C_1P1 = 0.432300160450470
par.C_3P1 = -0.755547923684373
par.C_3P2 = -0.635119810922518
par.Ct_1S0nn = -0.146683876702588
par.c_D = -0.212747319838762
par.c_E = -1.29722410111839
par.c1 = 0.102465114724103
par.c2 = 4.66902285551098
par.c3 = -3.46170855197589
par.c4 = 3.41719049799129
par.d1+d2 = 5.02294004508938
par.d3 = -4.66141516222632
par.d5 = -0.174660154440352
par.d14-d15 = -9.99909387193032
par.e14 = -0.285113773072444E-01
par.e15 = -10.6155776956096
par.e16 = 2.08332099605949
par.e17 = 1.24354215178096
par.e18 = 1.39333591673746
par.Ct_1S0np = -0.148836244775674
par.Ct_1S0pp = -0.147971148407540
par.C_1S0 = 2.41848943007970
par.Ct_3S1 = -0.154330890898717
par.C_3S1 = 0.526229885116813
par.C_3S1-3D1 = 0.407195138002865
par.C_3P0 = 1.56417351241872
par.C_1P1 = 0.321184570290774
par.C_3P1 = -0.658532131175733
par.C_3P2 = -0.667763623064649
par.Ct_1S0nn = -0.149055810351690
par.c_D = -0.311956220555024
par.c_E = -1.36640675084313
par.c1 = -0.368806784152434
par.c2 = 3.41508018396721
par.c3 = -3.62475305312478
par.c4 = 2.58337266555453
par.d1+d2 = 4.63028527585536
par.d3 = -4.46584280415104
par.d5 = -0.762476775125087E-01
par.d14-d15 = -9.73573070349051
par.e14 = 0.464109614113613
par.e15 = -11.9512489428814
par.e16 = 6.58750698562027
par.e17 = 0.937877584373389
par.e18 = 5.42038596402341
par.Ct_1S0np = -0.148399624277401
par.Ct_1S0pp = -0.147529942338763
par.C_1S0 = 2.42867212357036
par.Ct_3S1 = -0.152906005419801
par.C_3S1 = 0.532384483539168
par.C_3S1-3D1 = 0.410696636308555
par.C_3P0 = 1.54200378944198
par.C_1P1 = 0.314973505453655
par.C_3P1 = -0.681836394839595
par.C_3P2 = -0.667725231127356
par.Ct_1S0nn = -0.148630522424562
par.c_D = -0.174731686517365
par.c_E = -1.40311569491222
par.c1 = -0.293852891742972
par.c2 = 3.64348068444922
par.c3 = -3.62474289995626
par.c4 = 2.66279044938788
par.d1+d2 = 4.67135974712109
par.d3 = -4.49084881207791
par.d5 = -0.834103449790216E-01
par.d14-d15 = -9.76224440719675
par.e14 = 0.414853268665671
par.e15 = -11.6470039352596
par.e16 = 5.72920068451747
par.e17 = 0.985985668161697
par.e18 = 5.02680568910656
par.Ct_1S0np = -0.148317167479268
par.Ct_1S0pp = -0.147441397292249
par.C_1S0 = 2.43679107815723
par.Ct_3S1 = -0.149930342500633
par.C_3S1 = 0.526706772292632
par.C_3S1-3D1 = 0.398385463709858
par.C_3P0 = 1.54166289239545
par.C_1P1 = 0.295768174939465
par.C_3P1 = -0.682865803121193
par.C_3P2 = -0.670927988978385
par.Ct_1S0nn = -0.148560647848366
par.c_D = -0.163750652203121
par.c_E = -1.43267582099787
par.c1 = -0.276325560185374
par.c2 = 3.71937579423544
par.c3 = -3.64593255580084
par.c4 = 2.68979794282480
par.d1+d2 = 4.69150866470881
par.d3 = -4.50594817106695
par.d5 = -0.853721012777832E-01
par.d14-d15 = -9.78007900843355
par.e14 = 0.403108848413799
par.e15 = -11.4532788119957
par.e16 = 5.39751494463388
par.e17 = 1.00965083530920
par.e18 = 4.88674093454970
par.Ct_1S0np = -0.148313009128329
par.Ct_1S0pp = -0.147436713416621
par.C_1S0 = 2.43686727968939
par.Ct_3S1 = -0.149975578033439
par.C_3S1 = 0.526797957270543
par.C_3S1-3D1 = 0.398896735972944
par.C_3P0 = 1.54112932820275
par.C_1P1 = 0.296100205539297
par.C_3P1 = -0.683407827932508
par.C_3P2 = -0.670809067853656
par.Ct_1S0nn = -0.148596768066713
par.c_D = 0.591713474669183
par.c_E = -1.64268411497828
par.c1 = -0.275392245391146
par.c2 = 3.72157574876364
par.c3 = -3.64536396857193
par.c4 = 2.69166893111858
par.d1+d2 = 4.69238906496160
par.d3 = -4.50640910096541
par.d5 = -0.855877988428115E-01
par.d14-d15 = -9.78088608952151
par.e14 = 0.402304353523017
par.e15 = -11.4525327761728
par.e16 = 5.39049484981175
par.e17 = 1.00735746972209
par.e18 = 4.87988721221334
