par.Ct_1S0np = -0.146686810750384
par.Ct_1S0pp = -0.145822697137079
par.C_1S0 = 2.54541562805876
par.Ct_3S1 = -0.163879572409618
par.C_3S1 = 0.681165441953934
par.C_3S1-3D1 = 0.570841447545095
par.C_3P0 = 1.17012304766326
par.C_1P1 = 0.473537265139746
par.C_3P1 = -0.930997744859645
par.C_3P2 = -0.661291455510103
par.Ct_1S0nn = -0.146526414576840
par.c_D = -0.215668358556211
par.c_E = -0.572040558614917
par.c1 = 0.283085826098583
par.c2 = 5.34234738164590
par.c3 = -3.57766351574336
par.c4 = 3.77589661917270
par.d1+d2 = 5.24295274566640
par.d3 = -4.80236180378402
par.d5 = -0.210981206551550
par.d14-d15 = -10.1750548611987
par.e14 = -0.198283119588036
par.e15 = -9.11036522955932
par.e16 = -0.746367669154363
par.e17 = 1.47558930950708
par.e18 = -0.412954169307154
par.Ct_1S0np = -0.149876100794776
par.Ct_1S0pp = -0.149139307434087
par.C_1S0 = 2.45078090827483
par.Ct_3S1 = -0.162479106456671
par.C_3S1 = 0.583690921960890
par.C_3S1-3D1 = 0.409131404316368
par.C_3P0 = 1.22377918036074
par.C_1P1 = 0.278787692998342
par.C_3P1 = -0.846847948955295
par.C_3P2 = -0.692974351560694
par.Ct_1S0nn = -0.149900431493583
par.c_D = -0.932222178146708E-01
par.c_E = -0.491188394066334
par.c1 = -0.418389608256543
par.c2 = 3.40540561714112
par.c3 = -3.75568840259043
par.c4 = 2.68420002028584
par.d1+d2 = 4.72006309290935
par.d3 = -4.53069257317719
par.d5 = -0.874293495231036E-01
par.d14-d15 = -9.82232491326285
par.e14 = 0.446003192828685
par.e15 = -11.2913630150386
par.e16 = 6.28555904537833
par.e17 = 1.03649733023395
par.e18 = 4.88643282309516
par.Ct_1S0np = -0.149310635800373
par.Ct_1S0pp = -0.148558447003570
par.C_1S0 = 2.45994472322287
par.Ct_3S1 = -0.162321183631435
par.C_3S1 = 0.589428211477441
par.C_3S1-3D1 = 0.419356619649660
par.C_3P0 = 1.21015069211677
par.C_1P1 = 0.280724835828504
par.C_3P1 = -0.864177989488687
par.C_3P2 = -0.694519044405246
par.Ct_1S0nn = -0.149315615014475
par.c_D = -0.643712045226214E-01
par.c_E = -0.488563741038785
par.c1 = -0.320565782680626
par.c2 = 3.70401077811692
par.c3 = -3.75605834749801
par.c4 = 2.72523018942756
par.d1+d2 = 4.74109431640578
par.d3 = -4.54848977393219
par.d5 = -0.874330323332244E-01
par.d14-d15 = -9.83145610707346
par.e14 = 0.412099250346345
par.e15 = -10.9539418771173
par.e16 = 5.19032179082641
par.e17 = 1.08021583931262
par.e18 = 4.67375810369777
par.Ct_1S0np = -0.149260996370514
par.Ct_1S0pp = -0.148507985947666
par.C_1S0 = 2.46000325661318
par.Ct_3S1 = -0.162466058452476
par.C_3S1 = 0.590020130908697
par.C_3S1-3D1 = 0.421383030538345
par.C_3P0 = 1.20935287520235
par.C_1P1 = 0.282788784020850
par.C_3P1 = -0.866055524169042
par.C_3P2 = -0.694096402981511
par.Ct_1S0nn = -0.149264059098834
par.c_D = -0.616660485710473E-01
par.c_E = -0.488287889121298
par.c1 = -0.311635809892548
par.c2 = 3.72706893357800
par.c3 = -3.75235613528178
par.c4 = 2.73006931429261
par.d1+d2 = 4.74254649889237
par.d3 = -4.54866253544581
par.d5 = -0.881177361467940E-01
par.d14-d15 = -9.83276291464940
par.e14 = 0.408613063374558
par.e15 = -10.9443596957675
par.e16 = 5.11464749810661
par.e17 = 1.07526285844129
par.e18 = 4.65507953497510
par.Ct_1S0np = -0.149261317418719
par.Ct_1S0pp = -0.148508264129010
par.C_1S0 = 2.45991088016005
par.Ct_3S1 = -0.162473926846538
par.C_3S1 = 0.589944797578017
par.C_3S1-3D1 = 0.421504996762134
par.C_3P0 = 1.20939863047874
par.C_1P1 = 0.282997398328492
par.C_3P1 = -0.866136579322256
par.C_3P2 = -0.693988591235574
par.Ct_1S0nn = -0.149276793384760
par.c_D = 0.193285229169782
par.c_E = -0.463954922709351
par.c1 = -0.311545019967021
par.c2 = 3.72661710328959
par.c3 = -3.75172354231464
par.c4 = 2.73062310987592
par.d1+d2 = 4.74266755299209
par.d3 = -4.54861602335998
par.d5 = -0.882163092806919E-01
par.d14-d15 = -9.83280716004187
par.e14 = 0.407975271863033
par.e15 = -10.9464992813701
par.e16 = 5.11728854965408
par.e17 = 1.07570596121768
par.e18 = 4.65217012540976
