par.Ct_1S0np = -0.146611267312938
par.Ct_1S0pp = -0.145566732879348
par.C_1S0 = 2.48458881120570
par.Ct_3S1 = -0.154690894544558
par.C_3S1 = 0.582557216174106
par.C_3S1-3D1 = 0.520128060980943
par.C_3P0 = 1.35149307866431
par.C_1P1 = 0.432300160450470
par.C_3P1 = -0.755547923684373
par.C_3P2 = -0.635119810922518
par.Ct_1S0nn = -0.146683876702588
par.c_D = -0.212747319838762
par.c_E = -1.29722410111839
par.c1 = 0.102465114724103
par.c2 = 4.66902285551098
par.c3 = -3.46170855197589
par.c4 = 3.41719049799129
par.d1+d2 = 5.02294004508938
par.d3 = -4.66141516222632
par.d5 = -0.174660154440352
par.d14-d15 = -9.99909387193032
par.e14 = -0.285113773072444E-01
par.e15 = -10.6155776956096
par.e16 = 2.08332099605949
par.e17 = 1.24354215178096
par.e18 = 1.39333591673746
par.Ct_1S0np = -0.148141106357308
par.Ct_1S0pp = -0.147152309224246
par.C_1S0 = 2.43952998972367
par.Ct_3S1 = -0.154652360671035
par.C_3S1 = 0.537715298866018
par.C_3S1-3D1 = 0.473794448912862
par.C_3P0 = 1.41850783519717
par.C_1P1 = 0.398643487160578
par.C_3P1 = -0.702494269195317
par.C_3P2 = -0.633718396909692
par.Ct_1S0nn = -0.148265575187238
par.c_D = -0.198682326606426
par.c_E = -1.30688396640648
par.c1 = -0.173975144468368
par.c2 = 3.82179062417639
par.c3 = -3.45309129141159
par.c4 = 3.09818402195509
par.d1+d2 = 4.85321636072857
par.d3 = -4.55618744857895
par.d5 = -0.145581643162113
par.d14-d15 = -9.87985821529298
par.e14 = 0.165434370426800
par.e15 = -11.8087733345623
par.e16 = 5.28901021903385
par.e17 = 1.03767884683456
par.e18 = 2.99457547306721
par.Ct_1S0np = -0.148123417361907
par.Ct_1S0pp = -0.147130909872128
par.C_1S0 = 2.44066324510103
par.Ct_3S1 = -0.154718599420071
par.C_3S1 = 0.538497980139182
par.C_3S1-3D1 = 0.475916312348233
par.C_3P0 = 1.41599021209797
par.C_1P1 = 0.400272230923258
par.C_3P1 = -0.702996292783268
par.C_3P2 = -0.633234506179847
par.Ct_1S0nn = -0.148244121852622
par.c_D = -0.197704796739503
par.c_E = -1.30423313207562
par.c1 = -0.168925541356424
par.c2 = 3.83547133560142
par.c3 = -3.45131687200964
par.c4 = 3.11155836687790
par.d1+d2 = 4.85964328456503
par.d3 = -4.55968371478203
par.d5 = -0.146959617348912
par.d14-d15 = -9.88237198496763
par.e14 = 0.157137480535344
par.e15 = -11.7876987911577
par.e16 = 5.23611796684045
par.e17 = 1.05557993304140
par.e18 = 2.92103076887031
par.Ct_1S0np = -0.148126932601196
par.Ct_1S0pp = -0.147134351685403
par.C_1S0 = 2.44051206914480
par.Ct_3S1 = -0.154732169866902
par.C_3S1 = 0.538366608801277
par.C_3S1-3D1 = 0.476002271438658
par.C_3P0 = 1.41589300229194
par.C_1P1 = 0.400491844414732
par.C_3P1 = -0.703060453409225
par.C_3P2 = -0.633109007919670
par.Ct_1S0nn = -0.148283602102160
par.c_D = 0.424006357863524
par.c_E = -1.40888505143415
par.c1 = -0.169426582495726
par.c2 = 3.83331717895659
par.c3 = -3.45068956927949
par.c4 = 3.11175592079886
par.d1+d2 = 4.85957799620261
par.d3 = -4.55945777654872
par.d5 = -0.147069449902525
par.d14-d15 = -9.88233882103395
par.e14 = 0.157483919297222
par.e15 = -11.7934012983740
par.e16 = 5.24558975914892
par.e17 = 1.05346646169259
par.e18 = 2.92167674480397
