theo_error.scale_from_amplitudes = yes
scaling_form = 1
eft_nu = 4.0
eft_C = 1.0237
eft_nu.piN = 5.0
eft_C.piN = 3.6305
residual_list.load = no
residual_list.load.prefix = N2LOsim-525-290.theo
eft_C = 1.16478390991687775
eft_C.piN = 3.64021994173526764
eft_C = 1.17432393133640289
eft_C.piN = 3.63604821264743805
eft_C = 1.17473103106021881
eft_C.piN = 3.63582544028759003
eft_C = 1.17473103106021881
eft_C.piN = 3.63582544028759003
