par.Ct_1S0np = -0.146686810750384
par.Ct_1S0pp = -0.145822697137079
par.C_1S0 = 2.54541562805876
par.Ct_3S1 = -0.163879572409618
par.C_3S1 = 0.681165441953934
par.C_3S1-3D1 = 0.570841447545095
par.C_3P0 = 1.17012304766326
par.C_1P1 = 0.473537265139746
par.C_3P1 = -0.930997744859645
par.C_3P2 = -0.661291455510103
par.Ct_1S0nn = -0.146526414576840
par.c_D = -0.215668358556211
par.c_E = -0.572040558614917
par.c1 = 0.283085826098583
par.c2 = 5.34234738164590
par.c3 = -3.57766351574336
par.c4 = 3.77589661917270
par.d1+d2 = 5.24295274566640
par.d3 = -4.80236180378402
par.d5 = -0.210981206551550
par.d14-d15 = -10.1750548611987
par.e14 = -0.198283119588036
par.e15 = -9.11036522955932
par.e16 = -0.746367669154363
par.e17 = 1.47558930950708
par.e18 = -0.412954169307154
par.Ct_1S0np = -0.146686810750384
par.Ct_1S0pp = -0.145822697137079
par.C_1S0 = 2.54541562805876
par.Ct_3S1 = -0.163879572409618
par.C_3S1 = 0.681165441953934
par.C_3S1-3D1 = 0.570841447545095
par.C_3P0 = 1.17012304766326
par.C_1P1 = 0.473537265139746
par.C_3P1 = -0.930997744859645
par.C_3P2 = -0.661291455510103
par.Ct_1S0nn = -0.146526414576840
par.c_D = -0.215668358556211
par.c_E = -0.572040558614917
par.c1 = 0.283085826098583
par.c2 = 5.34234738164590
par.c3 = -3.57766351574336
par.c4 = 3.77589661917270
par.d1+d2 = 5.24295274566640
par.d3 = -4.80236180378402
par.d5 = -0.210981206551550
par.d14-d15 = -10.1750548611987
par.e14 = -0.198283119588036
par.e15 = -9.11036522955932
par.e16 = -0.746367669154363
par.e17 = 1.47558930950708
par.e18 = -0.412954169307154
par.Ct_1S0np = -0.148482592180969
par.Ct_1S0pp = -0.147665166877798
par.C_1S0 = 2.48925766747028
par.Ct_3S1 = -0.164586837668731
par.C_3S1 = 0.626022123136221
par.C_3S1-3D1 = 0.514463499875912
par.C_3P0 = 1.19414916357428
par.C_1P1 = 0.411508660238178
par.C_3P1 = -0.887675299782979
par.C_3P2 = -0.660082588414823
par.Ct_1S0nn = -0.148387286160374
par.c_D = -0.113675042550314
par.c_E = -0.526045433462790
par.c1 = -0.646609324305281E-01
par.c2 = 4.28316238728928
par.c3 = -3.57353720195943
par.c4 = 3.36394920958502
par.d1+d2 = 5.02645182703618
par.d3 = -4.67171656528757
par.d5 = -0.171558577351687
par.d14-d15 = -10.0223552063321
par.e14 = 0.458282250592667E-01
par.e15 = -10.5727376030863
par.e16 = 3.24720005139252
par.e17 = 1.22490957918583
par.e18 = 1.64732677338049
par.Ct_1S0np = -0.148399453011307
par.Ct_1S0pp = -0.147578194004873
par.C_1S0 = 2.49236325429723
par.Ct_3S1 = -0.164625964345332
par.C_3S1 = 0.629065200672080
par.C_3S1-3D1 = 0.518919005701727
par.C_3P0 = 1.19307074972229
par.C_1P1 = 0.416005724461204
par.C_3P1 = -0.889497489143668
par.C_3P2 = -0.659599520997756
par.Ct_1S0nn = -0.148298799538814
par.c_D = -0.114538510643102
par.c_E = -0.528146818472708
par.c1 = -0.465110843160467E-01
par.c2 = 4.33639057899785
par.c3 = -3.57143296016657
par.c4 = 3.39339439443326
par.d1+d2 = 5.04141123955206
par.d3 = -4.68068557744650
par.d5 = -0.174293867870995
par.d14-d15 = -10.0307351924374
par.e14 = 0.291217190550795E-01
par.e15 = -10.5008082332867
par.e16 = 3.04660086033436
par.e17 = 1.25010134850840
par.e18 = 1.49505201457273
par.Ct_1S0np = -0.148394114164699
par.Ct_1S0pp = -0.147572815815473
par.C_1S0 = 2.49240447129785
par.Ct_3S1 = -0.164624359701139
par.C_3S1 = 0.629091736797661
par.C_3S1-3D1 = 0.518957036285460
par.C_3P0 = 1.19290282659187
par.C_1P1 = 0.416025807312427
par.C_3P1 = -0.889656735189448
par.C_3P2 = -0.659621273864204
par.Ct_1S0nn = -0.148296457390779
par.c_D = -0.516046555255781E-01
par.c_E = -0.520668136145242
par.c1 = -0.456938463217182E-01
par.c2 = 4.33890433768612
par.c3 = -3.57145359073497
par.c4 = 3.39332391581632
par.d1+d2 = 5.04137920819271
par.d3 = -4.68067224526675
par.d5 = -0.174283025985124
par.d14-d15 = -10.0308363935494
par.e14 = 0.294599617859892E-01
par.e15 = -10.4992144407341
par.e16 = 3.03798463287105
par.e17 = 1.24857284997758
par.e18 = 1.49650775654600
