4.126588133472592350e-06 4.120599333355367592e-06 9.698358608423970949e-05 4.031993514493852055e-06 9.786376206545332492e-05 4.272893602282037909e-06 -6.142120871470373015e-05 -6.022083750049067981e-05 -6.580577805490671448e-05 -6.242529433988596008e-05 4.106400889751586230e-06 9.771643721736892848e-05 -3.176708194269271904e-05 6.107918579420828966e-04 2.149622836973174699e-03 -2.772017636074718822e-04 3.394052507587273207e-05 9.320475726604298750e-05 -1.459640259101625251e-04 4.263062357334259647e-05 -8.221848199839265983e-05 -8.613146970825845948e-05 3.429608488124816831e-03 -8.383334468902034486e-03 3.925294450744718205e-04 -4.106959158106898537e-04 1.372842457786895059e-06 7.910356273115082880e-11 -2.491456180409862281e-05 -1.416791177442461429e-06 -2.932045012153826863e-09 -9.127445136357194614e-05 1.499315944327889053e-09 -4.762487146571305427e-08 -1.073985776419426682e-07 -3.156281768608204065e-06 -1.043819357517281521e-08 6.021401989459101150e-07 -1.453732466558316242e-07 6.320984757289693947e-07 2.073476113146145891e-10 -1.262167141510834429e-04 -1.554069041428855436e-06 2.020954331336106527e-07 -9.049408958577404161e-07 5.028676400282682600e-06 -8.187764525531548902e-07 -4.364560139580979256e-05 -1.628720307135009896e-06 1.568655164304509932e-06 3.549350449282848961e-07 1.427056726195582325e-05
4.120599333355367592e-06 4.116038147867426594e-06 9.695995207813589800e-05 4.032999972435073047e-06 9.776385901073594820e-05 4.299376774037490207e-06 -6.146033221117898750e-05 -6.011041812795353789e-05 -6.566926535766692190e-05 -6.235093847813285000e-05 4.101714527108122820e-06 9.751614244406476911e-05 -3.174178780461020267e-05 6.103765588545341948e-04 2.148005108107144470e-03 -2.768656787832145315e-04 3.431390075281788273e-05 9.330898984729018826e-05 -1.459191053731049865e-04 4.254002117428395431e-05 -8.227669108513757179e-05 -8.627347868100736748e-05 3.426832038296127435e-03 -8.376907385816948978e-03 3.922599193111217476e-04 -4.122317975557597070e-04 1.362943335660826175e-06 7.257364654545231718e-11 -2.429543259341812204e-05 -8.022274469213331462e-07 -3.210483125402561533e-09 -9.207351262577965893e-05 1.400079450954423964e-09 -5.172737440362030895e-08 -1.070701135909670703e-07 -3.007529165854801325e-06 -1.038337904159084910e-08 5.992167292372075877e-07 -1.454480469990245935e-07 6.324946280100288443e-07 2.074835197356692202e-10 -1.259663416265884885e-04 -1.551391970062675749e-06 1.964884071667905543e-07 -8.743419607017089824e-07 1.301165154591784169e-06 -8.255048766340717974e-07 -4.333979569569478452e-05 -1.588108025012805319e-06 1.567118302215792550e-06 3.548668523210543553e-07 1.425968322446012116e-05
9.698358608423970949e-05 9.695995207813589800e-05 2.467999182733630979e-03 9.849359787924216129e-05 2.485445713683748573e-03 2.373268889423715605e-04 -1.442593507552799312e-03 -1.377836548306166867e-03 -1.539926882592314392e-03 -1.482806613405671450e-03 9.661226501437778207e-05 2.100676065250300928e-03 -7.279772473801222324e-04 1.453678996652369576e-02 5.135616336230591078e-02 -6.775894047294810617e-03 2.222067118689633955e-03 3.011940120201499638e-03 -3.894878613757485862e-03 8.247390780587832929e-04 -2.592737320424926516e-03 -2.684585874285076376e-03 8.395154427345830062e-02 -2.012404117327309394e-01 9.926633744775667165e-03 -1.667898363374583498e-02 6.448184205918454481e-06 4.532759913536323038e-10 -4.765008857232822968e-04 -3.845710006796276744e-05 3.547931569300135650e-09 -4.905964875615370646e-03 3.071946294910679035e-08 -1.187044578419451725e-06 -2.174163331462646373e-06 1.457935670515471752e-04 -2.151499864064590496e-07 1.242759438580158930e-05 -3.790675690551331723e-06 1.635198302078979228e-05 5.854856212681346131e-09 -2.970643282667057971e-03 -3.796508319942737538e-05 -1.478738362721932487e-06 4.969665953847785630e-06 -7.757392140955431136e-05 5.369592448385190709e-06 -9.511299085575488504e-04 -9.501323427154059569e-06 3.714614242251465206e-05 9.403700886590496627e-06 3.384514854696101796e-04
4.031993514493852055e-06 4.032999972435073047e-06 9.849359787924216129e-05 7.450333801628568494e-06 8.641248804328459008e-05 -1.559280568060912117e-05 -5.877637638681447799e-05 -9.287452199667082858e-05 -6.056051171374394505e-05 -6.378936335928072883e-05 3.999874081940425023e-06 1.066663211041086058e-04 -4.781457565990190829e-05 5.975149111838763422e-04 2.120927884443235545e-03 -2.881021982014612525e-04 2.525653576645706816e-05 9.169751174010443390e-05 -1.462021321634864339e-04 4.353207177250034660e-05 -8.267792426156334278e-05 -7.863755117594613785e-05 3.441484531403577688e-03 -8.301077529843792560e-03 3.958139178265624326e-04 -3.738911183182438763e-04 4.926318472704351352e-07 8.801667367163202116e-12 -2.404746582517821039e-05 -2.146336699896702122e-05 4.110703945194746003e-08 -2.574906619453863925e-04 8.235383696974888510e-09 -2.076081404460733516e-07 2.030114514164570218e-06 1.766342539948235492e-04 -1.071794917718558523e-08 7.317737508285670913e-07 -2.809208501695024794e-07 1.226207090085824871e-06 5.127332785358364227e-10 -1.309348523386725453e-04 -7.689871748007815849e-07 1.485655111723822506e-08 -1.188670686555269606e-07 -8.874317589957772401e-06 -1.558889167324269942e-07 -8.454067620139945369e-05 -1.471853740725268946e-06 1.573498334418078039e-06 3.504576901684231455e-07 1.404398430307361399e-05
9.786376206545332492e-05 9.776385901073594820e-05 2.485445713683748573e-03 8.641248804328459008e-05 2.569350418498296974e-03 3.403593647681034569e-04 -1.436756426646494363e-03 -1.255226679316642129e-03 -1.578429671367892169e-03 -1.473071486907642736e-03 9.750451897443273056e-05 2.010238371671704827e-03 -6.624531956311089905e-04 1.467016376791939816e-02 5.171052194163043569e-02 -6.727489389473677826e-03 2.575566353085858348e-03 3.184136298637907543e-03 -3.980592818666229236e-03 7.811052129030548151e-04 -2.716771911914643393e-03 -2.876201540229159255e-03 8.442292058322581338e-02 -2.025582012957727052e-01 1.002682702951554830e-02 -1.836532666853973178e-02 1.243090145926577285e-05 1.689851498318796530e-09 -4.621310762237432028e-04 9.017083754388273051e-05 -1.301880974755505632e-07 -4.986498471166849258e-03 -4.234304225775969376e-08 8.336672142927852285e-07 -9.641847339968936703e-06 -4.645258526743550886e-04 -2.225873959735007996e-07 1.228167667539466554e-05 -3.325538290212110129e-06 1.425326928522648628e-05 4.892660189702981524e-09 -2.895407708167839489e-03 -4.015138454602854023e-05 -3.718225597324979681e-07 4.560583476154481652e-07 3.510145211159412896e-05 1.458410154358708789e-06 -8.173473977932646430e-04 -1.248056925463256341e-05 3.712023492392990887e-05 9.641916051126285682e-06 3.406221871989605489e-04
4.272893602282037909e-06 4.299376774037490207e-06 2.373268889423715605e-04 -1.559280568060912117e-05 3.403593647681034569e-04 4.438754129148788177e-04 3.430243845885681190e-05 3.407422227113263212e-04 -1.825792623175589383e-04 6.276445665752128356e-05 4.533541240640181970e-06 -7.310678055283319297e-04 3.645714926270345459e-04 9.808572895512262212e-04 2.746058377175264985e-03 2.262188633193940360e-04 3.061341099719277949e-03 1.545277869327547730e-03 -7.907921370156379987e-04 -3.798305499113636789e-04 -1.142959072796880101e-03 -1.608144983495678063e-03 4.622955697826537647e-03 -1.068911168305336327e-02 9.878301535996510986e-04 -1.469891225181299901e-02 3.032594181731876223e-06 4.478942831722305257e-09 5.978604681707206953e-04 -5.908315336809861308e-06 -4.156080874006378453e-07 -8.235026406746363478e-03 6.911538259807832050e-08 -2.642741043101818479e-06 -1.722632533981685512e-05 -9.783404461311520552e-04 2.474501524766243585e-07 -1.415545360568003827e-05 2.875177822489191420e-06 -1.239275141161963021e-05 -5.610818824692940946e-09 5.491637555920406231e-04 -1.343144339936873233e-05 -1.428335969412471461e-06 5.730724872937462659e-06 -1.419215386580815032e-04 3.926915864413989463e-06 5.397642322936128164e-04 1.475214718248237681e-05 -1.007324997654818743e-07 2.098356223343132426e-06 1.588325254138285607e-05
-6.142120871470373015e-05 -6.146033221117898750e-05 -1.442593507552799312e-03 -5.877637638681447799e-05 -1.436756426646494363e-03 3.430243845885681190e-05 1.194998747721316571e-03 9.026610153917186304e-04 8.511235778595445736e-04 9.836889174245765522e-04 -6.114136602020804189e-05 -1.766559845070732153e-03 6.545702026714099713e-04 -9.077499601167859575e-03 -3.222494686713636008e-02 4.383035657224244180e-03 4.739862183254573477e-04 -9.435264567758199460e-04 2.002696752109755108e-03 -7.813451219989293178e-04 9.075263378473196439e-04 7.966585576827697572e-04 -5.150704751566495543e-02 1.257685667195654611e-01 -5.755164850799915008e-03 1.562678960394870906e-03 -5.459176851041359094e-06 1.046724860543138390e-08 5.292838711223734217e-04 -4.820487609558605287e-05 6.655041758452866045e-07 -3.367175360461536517e-03 3.337607964432202412e-08 -1.076068440166894957e-06 8.899051913599504939e-07 1.507649327392578012e-04 2.883343445087562811e-07 -1.596205116999371219e-05 3.453541027230559734e-06 -1.489588051107335570e-05 -5.476150653237185965e-09 2.283245147523833580e-03 2.180413689142945952e-05 -3.631205745381069580e-07 2.180851040190133497e-06 -6.046775925657247848e-05 -9.647246489966618449e-07 6.733269409482419820e-04 1.132537062252933415e-05 -2.426035257404098535e-05 -4.799206847883153499e-06 -2.145682308012116348e-04
-6.022083750049067981e-05 -6.011041812795353789e-05 -1.377836548306166867e-03 -9.287452199667082858e-05 -1.255226679316642129e-03 3.407422227113263212e-04 9.026610153917186304e-04 1.683320591004388959e-03 8.923663747126623887e-04 1.035493316686760326e-03 -5.962966689968107596e-05 -2.081705373222068368e-03 8.751703565339364731e-04 -8.622666552210986324e-03 -3.113677185533684361e-02 4.660192696654831546e-03 1.484375498928108264e-03 -4.900813232623572706e-04 1.796643901460524828e-03 -9.076654234490536986e-04 6.006672349731453659e-04 2.207396746991933945e-04 -5.070598655300204149e-02 1.220463729800692065e-01 -5.567781147372994829e-03 -3.182307449532757043e-03 -1.216108903837054278e-05 -1.756684305860390699e-10 1.007929025317672728e-03 9.891318269291334855e-05 -6.980453839971476345e-07 2.685801636685277230e-03 5.621607636881683588e-09 -5.294039220158011898e-07 -2.282517254321888480e-05 -1.699173436938669710e-03 3.360797857408208292e-07 -2.017799526929058341e-05 5.329950929215107385e-06 -2.307270735076110988e-05 -9.471955561965374627e-09 2.440102598506873818e-03 1.034777157793747655e-05 -2.897714972633322626e-06 1.249420693283678798e-05 6.329860119181302338e-06 1.311726584748544904e-05 1.396932266367137583e-03 3.651859158387238901e-05 -2.450761883554402091e-05 -4.160776515022075031e-06 -2.073773313323681346e-04
-6.580577805490671448e-05 -6.566926535766692190e-05 -1.539926882592314392e-03 -6.056051171374394505e-05 -1.578429671367892169e-03 -1.825792623175589383e-04 8.511235778595445736e-04 8.923663747126623887e-04 1.256320852012910968e-03 9.381664047435985974e-04 -6.553892435508088974e-05 -1.259692691737777709e-03 3.685350900028915543e-04 -9.793186074518440629e-03 -3.413577890375606161e-02 4.132143045703244588e-03 -1.392879804123121467e-03 -1.854197629665666315e-03 2.457777441052752879e-03 -5.517714045861154236e-04 1.563702456567100463e-03 1.809953645400232819e-03 -5.405720150153467407e-02 1.328806587747560219e-01 -6.291042510982596675e-03 1.047277724840841966e-02 -3.205531305828283287e-05 -9.852797570737275453e-09 4.765938088534732767e-04 6.228008306794871238e-05 1.344974877190579517e-07 6.459040197862819972e-03 -8.588938466445253279e-08 3.012380271462435370e-06 5.819120513228520263e-06 2.384954405406573114e-04 3.513945240377960641e-08 -2.611690305833715687e-06 9.036385358952687638e-07 -4.075864897109156553e-06 -5.489489032487608643e-10 1.709300520210873479e-03 2.886324943523561060e-05 -5.336644602926438559e-06 2.366279185597869452e-05 2.787039300304063909e-05 2.463359565171634205e-05 6.021485325712686021e-04 3.485026820271504863e-05 -2.415201922747951777e-05 -6.063247489901997369e-06 -2.262956867899993839e-04
-6.242529433988596008e-05 -6.235093847813285000e-05 -1.482806613405671450e-03 -6.378936335928072883e-05 -1.473071486907642736e-03 6.276445665752128356e-05 9.836889174245765522e-04 1.035493316686760326e-03 9.381664047435985974e-04 1.028058408218444604e-03 -6.204540749944253487e-05 -1.850914225817690663e-03 6.597890188514484323e-04 -9.109978066122927792e-03 -3.259516539507120031e-02 4.637766349826005600e-03 5.144546210263578525e-04 -9.928753081150606431e-04 2.076911267286019568e-03 -7.997048387854157302e-04 9.725222250940119759e-04 7.541380700394504852e-04 -5.298135388955534097e-02 1.276630247431838894e-01 -5.965195068435021064e-03 1.527501924512040393e-03 -7.765940723746790904e-06 1.664264086592258468e-09 7.463791098080330318e-04 -3.947520913369500519e-05 -1.526289160221211880e-07 -2.455467705497670072e-03 3.217805210402628219e-08 -1.046652743639848546e-06 -2.015940668009563186e-06 -8.579325158633284518e-05 2.936464337843583492e-07 -1.656885254039870442e-05 3.799355270915458118e-06 -1.636817389621653509e-05 -6.223219849931218583e-09 2.326811866680925187e-03 1.995241780537511010e-05 -1.187265775638363088e-06 5.561176801818722804e-06 -7.031317358353134041e-05 4.272978916915439926e-06 8.553315241972478649e-04 1.947498854549011883e-05 -2.486778819954952048e-05 -4.907320186819942046e-06 -2.164154858504196771e-04
4.106400889751586230e-06 4.101714527108122820e-06 9.661226501437778207e-05 3.999874081940425023e-06 9.750451897443273056e-05 4.533541240640181970e-06 -6.114136602020804189e-05 -5.962966689968107596e-05 -6.553892435508088974e-05 -6.204540749944253487e-05 4.262325303860152462e-06 9.601362965121926988e-05 -2.709177138369486392e-05 6.083216490377600519e-04 2.140289384386432920e-03 -2.754754974950104798e-04 3.552197048831978060e-05 9.356405825741755393e-05 -1.456204048130389165e-04 4.219256772413685182e-05 -8.239193843704776090e-05 -8.664867580316477306e-05 3.414003709910686316e-03 -8.346490727343003346e-03 3.909597815173283591e-04 -4.169250613180557324e-04 1.380458251471836761e-06 7.807686783437762448e-11 -2.405185646903473557e-05 -7.890224217711785011e-07 -3.434195494024640198e-09 -9.609345746913882671e-05 1.500798585425167765e-09 -5.390046416459400161e-08 -1.209023232242348601e-07 -3.961307454721244977e-06 9.482652389526261409e-06 8.565809709910779767e-07 -4.674870582630927875e-06 1.214082257020378141e-07 1.703418808663532318e-09 -1.286729849906113497e-04 -1.763767775465477903e-06 1.997991630074966753e-07 -8.876558491981169028e-07 1.288808292501277125e-06 -8.413656342891504334e-07 3.842630749616324725e-04 5.521171262433524073e-06 1.560345697980116409e-06 3.542668638884983975e-07 1.420788242605664823e-05
9.771643721736892848e-05 9.751614244406476911e-05 2.100676065250300928e-03 1.066663211041086058e-04 2.010238371671704827e-03 -7.310678055283319297e-04 -1.766559845070732153e-03 -2.081705373222068368e-03 -1.259692691737777709e-03 -1.850914225817690663e-03 9.601362965121926988e-05 5.064354339427503543e-03 -1.723651580784116202e-03 1.362707206595249049e-02 5.017342378203241277e-02 -8.282284952361416291e-03 -6.206902879115775221e-03 -1.002195296961833158e-03 -2.142746134317903214e-03 2.012445535325784428e-03 3.308744250465549090e-04 1.544874533495721458e-03 8.157751890545519857e-02 -1.967790681461175917e-01 8.386765627491880523e-03 2.302330504444817516e-02 3.981944914520153640e-06 -1.223873465124813636e-08 -2.420087094171917245e-03 3.002463843736657067e-04 6.316585334761037252e-07 2.112753477783009190e-02 -2.720656077155632955e-07 9.266241533445234503e-06 1.710476648207489664e-05 4.377942654381067463e-04 -3.412655247294353107e-05 5.600184586279485430e-05 8.576286727329093663e-06 5.152428192621979965e-05 -2.831067022333513529e-05 -5.111857798779586778e-03 -1.348775470634026211e-05 3.837447351206982897e-06 -1.654570872885984193e-05 4.675534664230619037e-04 -1.011591399067564189e-05 -3.797117895365245081e-03 -7.923790801569753064e-05 4.221224976914725422e-05 4.639609131726211952e-06 3.370036567641439902e-04
-3.176708194269271904e-05 -3.174178780461020267e-05 -7.279772473801222324e-04 -4.781457565990190829e-05 -6.624531956311089905e-04 3.645714926270345459e-04 6.545702026714099713e-04 8.751703565339364731e-04 3.685350900028915543e-04 6.597890188514484323e-04 -2.709177138369486392e-05 -1.723651580784116202e-03 1.071991502876430821e-03 -4.388128333436865612e-03 -1.654335797827527835e-02 3.030993201455911903e-03 2.463734254260159778e-03 4.663273202551933456e-04 6.877574181810815548e-04 -7.284147004409900761e-04 -1.784483649814779796e-04 -7.546151330073461692e-04 -2.784973573204928624e-02 6.538543776427366283e-02 -2.864487990542200109e-03 -9.426711259571708690e-03 1.498500975371484055e-05 7.576860877412803649e-09 1.030607424748650972e-03 -1.905395340528012629e-04 -2.869174244127910815e-07 -8.464739263650520457e-03 2.957506448699830318e-07 -6.565880050964067011e-06 -1.583400098904820679e-05 -8.757086495938916967e-04 1.830491074126709042e-06 -3.767636424288586295e-05 -3.206549819345974042e-04 -5.974571671534560570e-05 9.561394840573476428e-07 8.425294072707547287e-04 -2.698727076249967191e-05 1.524995305947035377e-06 -5.883870635122685945e-06 -1.410745416969288069e-04 -8.292451648798819573e-06 1.134379380870221936e-02 1.822342721712775712e-04 -1.454787312305043583e-05 -1.382596577085664548e-06 -1.107246900888040318e-04
6.107918579420828966e-04 6.103765588545341948e-04 1.453678996652369576e-02 5.975149111838763422e-04 1.467016376791939816e-02 9.808572895512262212e-04 -9.077499601167859575e-03 -8.622666552210986324e-03 -9.793186074518440629e-03 -9.109978066122927792e-03 6.083216490377600519e-04 1.362707206595249049e-02 -4.388128333436865612e-03 9.100823299072396955e-02 3.194090559168090704e-01 -4.046312150494673493e-02 8.161833059350072014e-03 1.528779330796222261e-02 -2.227589090385639209e-02 5.882866984063772793e-03 -1.324674702454715913e-02 -1.436811840718183603e-02 5.092847892581763292e-01 -1.245358653056385378e+00 5.873248127832794707e-02 -7.560069623948083295e-02 1.858027361255130245e-04 1.107289116299284534e-08 -2.538117147260029582e-03 -2.505680833560982863e-04 -8.788720867664074057e-07 -2.192501611684161134e-02 3.031067142737549179e-07 -1.100288917236322492e-05 -2.177331979962832725e-05 -4.657763222947091438e-04 -1.284483490962085200e-06 7.465002300500562734e-05 -1.939420293619842871e-05 8.449034040193295863e-05 2.676350502583065851e-08 -1.793747834838552158e-02 -2.362969933486383327e-04 2.346976680623928535e-05 -1.082265914450662660e-04 -7.058379729065494975e-05 -1.008176358460519248e-04 -5.907715846672568008e-03 -2.021302127269406271e-04 2.307149148801680705e-04 5.439305260510299847e-05 2.118427634195604002e-03
2.149622836973174699e-03 2.148005108107144470e-03 5.135616336230591078e-02 2.120927884443235545e-03 5.171052194163043569e-02 2.746058377175264985e-03 -3.222494686713636008e-02 -3.113677185533684361e-02 -3.413577890375606161e-02 -3.259516539507120031e-02 2.140289384386432920e-03 5.017342378203241277e-02 -1.654335797827527835e-02 3.194090559168090704e-01 1.140356233935981622e+00 -1.454124446851229324e-01 2.321187908145518758e-02 4.895353186670851897e-02 -7.092702840095468919e-02 1.872273018172157522e-02 -4.706433605555809807e-02 1.549799987714829685e-02 1.684007781032645923e+00 -4.415132434515816939e+00 1.325409319886278192e-01 -1.944271668972569755e-01 5.704118933036222061e-04 2.369132403800045986e-08 -1.161459383655836543e-02 -5.467914551223597517e-04 -1.734439644833288029e-06 -5.571813620120232707e-02 7.252096001962011516e-07 -2.702296659767867089e-05 -5.375558299140600129e-05 -6.854190687248411847e-04 -5.348028169922580121e-06 3.082440585446689484e-04 -7.823467952962893349e-05 3.396866807959695255e-04 1.136825106853522998e-07 -6.578007356255277660e-02 -8.117241362419502261e-04 7.036959931487745952e-05 -3.268218405237057920e-04 7.572509641936517885e-05 -2.996397406074594559e-04 -2.209998591203633095e-02 -6.796089753123538309e-04 7.420361935890763642e-04 2.026528354997227891e-04 8.820728230944407597e-03
-2.772017636074718822e-04 -2.768656787832145315e-04 -6.775894047294810617e-03 -2.881021982014612525e-04 -6.727489389473677826e-03 2.262188633193940360e-04 4.383035657224244180e-03 4.660192696654831546e-03 4.132143045703244588e-03 4.637766349826005600e-03 -2.754754974950104798e-04 -8.282284952361416291e-03 3.030993201455911903e-03 -4.046312150494673493e-02 -1.454124446851229324e-01 2.119377853225277303e-02 1.550236044505153444e-03 -4.961656188436339501e-03 9.605227230176894074e-03 -3.474656308900494171e-03 4.812864746967939790e-03 3.621794821774685855e-03 -2.393173437239239920e-01 5.709922101937090488e-01 -2.722147262584565658e-02 1.067725045152646823e-02 -6.128007535075515890e-06 9.415906283908479658e-09 3.683469800911892342e-03 -2.030172063363786721e-04 -8.792333342269265749e-07 -1.040941843401466116e-02 1.848579599832918389e-07 -6.053224594643247810e-06 -1.171042114648598599e-05 -6.822770673858059333e-04 1.365515059344926624e-06 -7.693276914743485797e-05 1.821779951245209813e-05 -7.829268750163889950e-05 -3.052871661055399802e-08 1.064397240595489624e-02 8.838131373647914468e-05 7.390450862647709640e-07 -1.263230244382615848e-06 -2.765838963901986721e-04 -5.723564170239372331e-06 3.917452435963633336e-03 6.242882507120950701e-05 -1.114163007704798976e-04 -2.253431259100897348e-05 -9.627740278976950131e-04
3.394052507587273207e-05 3.431390075281788273e-05 2.222067118689633955e-03 2.525653576645706816e-05 2.575566353085858348e-03 3.061341099719277949e-03 4.739862183254573477e-04 1.484375498928108264e-03 -1.392879804123121467e-03 5.144546210263578525e-04 3.552197048831978060e-05 -6.206902879115775221e-03 2.463734254260159778e-03 8.161833059350072014e-03 2.321187908145518758e-02 1.550236044505153444e-03 2.756408777458422762e-02 1.405045429978317439e-02 -7.224441225634180459e-03 -3.438334619065174479e-03 -1.047279382600872083e-02 -1.431176615748746932e-02 4.228683553811832946e-02 -9.190201164980434101e-02 9.141229425518785853e-03 -1.325577275133321409e-01 -1.016098777583879218e-05 3.823939226220041372e-08 5.418816255508844028e-03 -8.516687691831668992e-04 -1.504513885410827101e-06 -8.205624715124025526e-02 7.322777741486828846e-07 -2.553307166035148189e-05 -4.892028180717043279e-05 7.156304720794346569e-05 2.121931965673563753e-06 -1.166413120731364130e-04 1.859792642007827344e-05 -7.990608824683849702e-05 -3.402165174174578884e-08 4.807440497935029644e-03 -7.768892820149005357e-05 -2.099762637473875470e-05 8.613530777532855314e-05 -1.498272729576850251e-03 6.784636003901108362e-05 2.786154766275050244e-03 1.342257910561562044e-04 -9.712819044739749914e-07 1.890685693557230833e-05 1.307057582398477838e-04
9.320475726604298750e-05 9.330898984729018826e-05 3.011940120201499638e-03 9.169751174010443390e-05 3.184136298637907543e-03 1.545277869327547730e-03 -9.435264567758199460e-04 -4.900813232623572706e-04 -1.854197629665666315e-03 -9.928753081150606431e-04 9.356405825741755393e-05 -1.002195296961833158e-03 4.663273202551933456e-04 1.528779330796222261e-02 4.895353186670851897e-02 -4.961656188436339501e-03 1.405045429978317439e-02 1.388640678708119407e-02 -1.303426851489465979e-02 2.563006527658874545e-04 -5.915246247385706410e-03 -2.327675578699866729e-02 1.119156887609781964e-01 -1.995031868665624319e-01 2.865974384908143852e-03 -5.519124293024330746e-02 -4.137027430912770462e-06 1.747549101762570378e-08 1.835042853171656423e-03 -3.910627756697515915e-04 -5.451304360491624854e-07 -4.022458985548017091e-02 3.331493833243275661e-07 -1.172405947806570676e-05 -2.242967426808506581e-05 2.283230973039115669e-04 7.406929307494074616e-07 -4.020659973458664638e-05 4.778235968749974276e-06 -2.052729600867728149e-05 -9.494603199642895435e-09 -3.784226528824549164e-04 -6.478825529756575209e-05 -1.131504591315920755e-05 4.595661529263517280e-05 -7.113166044539793054e-04 3.755289814806871693e-05 3.938635822028548755e-04 5.382337811605320064e-05 8.409112362716046163e-05 -1.291616552238627347e-05 5.657394375032769865e-05
-1.459640259101625251e-04 -1.459191053731049865e-04 -3.894878613757485862e-03 -1.462021321634864339e-04 -3.980592818666229236e-03 -7.907921370156379987e-04 2.002696752109755108e-03 1.796643901460524828e-03 2.457777441052752879e-03 2.076911267286019568e-03 -1.456204048130389165e-04 -2.142746134317903214e-03 6.877574181810815548e-04 -2.227589090385639209e-02 -7.092702840095468919e-02 9.605227230176894074e-03 -7.224441225634180459e-03 -1.303426851489465979e-02 5.140639320070347629e-02 -2.759746430524437702e-02 1.076462841125780043e-02 4.391759654853159139e-02 -1.928984895693224288e-01 2.966169949136496786e-01 -5.963360682384315214e-02 6.101654400989099669e-02 -1.394581617298392296e-05 -7.662176207903710063e-09 -6.619768573112730717e-06 1.731189927978426797e-04 1.723445930943153502e-07 1.945368001127480498e-02 -1.524121927492037754e-07 5.474803947812478767e-06 1.050751560595527650e-05 -2.016379659827264605e-04 -4.552856188099450094e-09 -6.698694059182396334e-07 2.612048514570949496e-06 -1.132034588021434534e-05 -3.193034911154782432e-09 3.601523936711996735e-03 6.698309041300263829e-05 3.791939930541739261e-06 -1.404744986701548558e-05 3.014536899479392505e-04 -1.136608910532530224e-05 1.009752524939829064e-03 1.483736066335452199e-06 -7.739568813568193555e-04 2.173102688600835205e-05 1.117505515434951639e-03
4.263062357334259647e-05 4.254002117428395431e-05 8.247390780587832929e-04 4.353207177250034660e-05 7.811052129030548151e-04 -3.798305499113636789e-04 -7.813451219989293178e-04 -9.076654234490536986e-04 -5.517714045861154236e-04 -7.997048387854157302e-04 4.219256772413685182e-05 2.012445535325784428e-03 -7.284147004409900761e-04 5.882866984063772793e-03 1.872273018172157522e-02 -3.474656308900494171e-03 -3.438334619065174479e-03 2.563006527658874545e-04 -2.759746430524437702e-02 1.932641031681777213e-02 -2.944975592512546689e-03 -1.263353871491704888e-02 5.655956404994005871e-02 -7.845410976606564946e-02 3.479223193721714402e-02 -6.699170404851852514e-03 1.250759608466874192e-05 -5.093053972204997998e-09 -1.060856175212365662e-03 1.129180232907744388e-04 1.961579307877611677e-07 1.061998116580956456e-02 -9.241685842241608588e-08 3.180425534235566802e-06 6.058000668499101192e-06 -8.164081282051929020e-06 -4.290877168062662700e-07 2.390176890876336121e-05 -4.500365093398260113e-06 1.940446742041720721e-05 7.605923654862910510e-09 -2.168572804542572875e-03 -6.678724737535636057e-06 4.267913852792611182e-06 -1.827917040585319802e-05 2.168032404624276163e-04 -1.510466449103389109e-05 -8.996341363774806648e-04 -3.317050769869938162e-05 5.117541458608453270e-04 -1.345144216621568713e-05 -7.641740932573144740e-04
-8.221848199839265983e-05 -8.227669108513757179e-05 -2.592737320424926516e-03 -8.267792426156334278e-05 -2.716771911914643393e-03 -1.142959072796880101e-03 9.075263378473196439e-04 6.006672349731453659e-04 1.563702456567100463e-03 9.725222250940119759e-04 -8.239193843704776090e-05 3.308744250465549090e-04 -1.784483649814779796e-04 -1.324674702454715913e-02 -4.706433605555809807e-02 4.812864746967939790e-03 -1.047279382600872083e-02 -5.915246247385706410e-03 1.076462841125780043e-02 -2.944975592512546689e-03 7.560905314385832354e-02 -2.069193454693751821e-04 -6.161282300673405488e-02 1.783397527103047220e-01 -1.661856965324200464e-01 2.154838643770200235e-01 8.743838979904572828e-06 -1.217936450197279412e-08 -1.108836891717252318e-03 2.732920402586979714e-04 2.983506517614008285e-07 2.937986753864252343e-02 -2.285323937595675516e-07 8.080468530038780505e-06 1.542073739352660888e-05 -2.672080638927739997e-04 -4.694513864538322692e-07 2.534123562997660031e-05 -2.374112251398077038e-06 1.023514335946838964e-05 4.942464196479014326e-09 8.550086044414903323e-04 5.207012948623696019e-05 9.652522707295319531e-06 -3.944524036657385277e-05 5.200446360859675319e-04 -3.315622689558756994e-05 -7.629162621671241491e-05 -4.175050443433948497e-05 -8.369925788126594216e-06 -1.981634002366128473e-04 -1.597376467966028410e-04
-8.613146970825845948e-05 -8.627347868100736748e-05 -2.684585874285076376e-03 -7.863755117594613785e-05 -2.876201540229159255e-03 -1.608144983495678063e-03 7.966585576827697572e-04 2.207396746991933945e-04 1.809953645400232819e-03 7.541380700394504852e-04 -8.664867580316477306e-05 1.544874533495721458e-03 -7.546151330073461692e-04 -1.436811840718183603e-02 1.549799987714829685e-02 3.621794821774685855e-03 -1.431176615748746932e-02 -2.327675578699866729e-02 4.391759654853159139e-02 -1.263353871491704888e-02 -2.069193454693751821e-04 8.084243697016452179e-01 -1.666849523252643461e+00 6.235539419771551906e-01 -6.160941094694944997e-01 4.361147900462603033e-01 -2.567805019032400428e-05 -2.064582582420382331e-08 -2.507838003819074478e-03 4.597185433455324311e-04 9.447953207004511497e-07 4.287259669610107848e-02 -4.111215317546996192e-07 1.436263536588560830e-05 2.764690202247693744e-05 1.230114699585307687e-04 -9.245978486744127510e-07 5.036274489808448881e-05 -7.459047718456608098e-06 3.185551465709768608e-05 1.478235455403789140e-08 -4.462137326159097694e-04 6.538934089734841563e-05 5.715073014195562408e-06 -2.164738700682948764e-05 7.375638434010173185e-04 -1.390364842841216632e-05 -7.513643580036050845e-04 -3.551591369009039897e-05 -2.113112560545979586e-04 -3.220057196313624122e-04 4.995315784541114537e-03
3.429608488124816831e-03 3.426832038296127435e-03 8.395154427345830062e-02 3.441484531403577688e-03 8.442292058322581338e-02 4.622955697826537647e-03 -5.150704751566495543e-02 -5.070598655300204149e-02 -5.405720150153467407e-02 -5.298135388955534097e-02 3.414003709910686316e-03 8.157751890545519857e-02 -2.784973573204928624e-02 5.092847892581763292e-01 1.684007781032645923e+00 -2.393173437239239920e-01 4.228683553811832946e-02 1.119156887609781964e-01 -1.928984895693224288e-01 5.655956404994005871e-02 -6.161282300673405488e-02 -1.666849523252643461e+00 6.102722592177475924e+00 -7.981715697913245755e+00 1.607970671852734901e+00 -1.204937640409522892e+00 5.899564158117732385e-04 1.758293376020612885e-08 -2.304726446092563580e-02 -4.407893114540198257e-04 7.826782114823617452e-07 -8.650651686260724116e-02 5.886654548066535266e-07 -2.402484139862128720e-05 -4.751211532907516268e-05 2.436353744185347937e-03 -9.482832078956180528e-06 5.439557468115209819e-04 -1.425620358312023391e-04 6.161686084970507613e-04 2.187403371106496247e-07 -1.091267985131981200e-01 -1.283151286129225084e-03 4.749410250158462926e-05 -2.410163066794235125e-04 -9.569257691793863797e-05 -2.109935488969243091e-04 -3.709002349357173878e-02 -8.348721650539972288e-04 1.509383152575184900e-03 9.974415644288534347e-04 2.347593387071616761e-03
-8.383334468902034486e-03 -8.376907385816948978e-03 -2.012404117327309394e-01 -8.301077529843792560e-03 -2.025582012957727052e-01 -1.068911168305336327e-02 1.257685667195654611e-01 1.220463729800692065e-01 1.328806587747560219e-01 1.276630247431838894e-01 -8.346490727343003346e-03 -1.967790681461175917e-01 6.538543776427366283e-02 -1.245358653056385378e+00 -4.415132434515816939e+00 5.709922101937090488e-01 -9.190201164980434101e-02 -1.995031868665624319e-01 2.966169949136496786e-01 -7.845410976606564946e-02 1.783397527103047220e-01 6.235539419771551906e-01 -7.981715697913245755e+00 1.773904676797840096e+01 -1.062611518219158002e+00 1.119156139852934828e+00 -2.063010414420964229e-03 -8.034112985483349468e-08 4.785350230083193490e-02 1.873473318550336348e-03 4.892632133680324111e-06 2.122380249065065616e-01 -2.505661357645076898e-06 9.451029721608983510e-05 1.879519665136384677e-04 8.855616956627231605e-04 2.144363568614629110e-05 -1.234355288262167739e-03 3.150520694707596215e-04 -1.366451223731286182e-03 -4.640112340431239960e-07 2.589336839546848013e-01 3.156532702061204832e-03 -2.426083518394340035e-04 1.136592974744855648e-03 -2.564743503196673970e-04 1.036471015916839425e-03 8.726551613534867802e-02 2.530706605332668727e-03 -2.838173357612312417e-03 -1.165270596964608539e-03 -3.192492534942531490e-02
3.925294450744718205e-04 3.922599193111217476e-04 9.926633744775667165e-03 3.958139178265624326e-04 1.002682702951554830e-02 9.878301535996510986e-04 -5.755164850799915008e-03 -5.567781147372994829e-03 -6.291042510982596675e-03 -5.965195068435021064e-03 3.909597815173283591e-04 8.386765627491880523e-03 -2.864487990542200109e-03 5.873248127832794707e-02 1.325409319886278192e-01 -2.722147262584565658e-02 9.141229425518785853e-03 2.865974384908143852e-03 -5.963360682384315214e-02 3.479223193721714402e-02 -1.661856965324200464e-01 -6.160941094694944997e-01 1.607970671852734901e+00 -1.062611518219158002e+00 3.199530237174644576e+00 -2.783403150655640701e+00 4.725774660823984369e-05 6.501496489544878004e-09 -2.056781795135150144e-03 -1.514016386043782634e-04 6.485737882812270285e-08 -2.175506605829373441e-02 1.428348687029619528e-07 -5.416525171964339046e-06 -1.045135722446771407e-05 4.832710462601721405e-04 -8.113706606744900635e-07 4.716040415527692885e-05 -1.435504584069164734e-05 6.197624871752369937e-05 2.178303151139183778e-08 -1.185441283337847554e-02 -1.557891828595612421e-04 -1.356245050632528181e-06 1.165939531773554179e-06 -2.441139177855610224e-04 1.111905488269729065e-06 -3.881939985054295127e-03 -6.056930985057318675e-05 4.557501334494705957e-04 -7.078310067622425872e-04 -3.695314537028187435e-03
-4.106959158106898537e-04 -4.122317975557597070e-04 -1.667898363374583498e-02 -3.738911183182438763e-04 -1.836532666853973178e-02 -1.469891225181299901e-02 1.562678960394870906e-03 -3.182307449532757043e-03 1.047277724840841966e-02 1.527501924512040393e-03 -4.169250613180557324e-04 2.302330504444817516e-02 -9.426711259571708690e-03 -7.560069623948083295e-02 -1.944271668972569755e-01 1.067725045152646823e-02 -1.325577275133321409e-01 -5.519124293024330746e-02 6.101654400989099669e-02 -6.699170404851852514e-03 2.154838643770200235e-01 4.361147900462603033e-01 -1.204937640409522892e+00 1.119156139852934828e+00 -2.783403150655640701e+00 3.117560079329094513e+00 2.110969116844962608e-05 -1.794405468461408820e-07 -2.346771772609738960e-02 4.001090433497698357e-03 6.807481279182439041e-06 3.907805377662512125e-01 -3.445243213348277515e-06 1.204237339612440719e-04 2.307475034629776389e-04 -6.991269756225389209e-04 -9.198922210264271762e-06 5.039980855857903756e-04 -7.576994677644511124e-05 3.253837791055688494e-04 1.414359962024924992e-07 -1.430451841786902628e-02 4.576126235851757200e-04 9.831593584459598681e-05 -4.006869955345484396e-04 7.040060510018248882e-03 -3.164788183119831991e-04 -1.024012536163683949e-02 -5.808679076356004604e-04 -2.221982967066446621e-04 8.081439221688511455e-04 4.154205109766617027e-04
1.372842457786895059e-06 1.362943335660826175e-06 6.448184205918454481e-06 4.926318472704351352e-07 1.243090145926577285e-05 3.032594181731876223e-06 -5.459176851041359094e-06 -1.216108903837054278e-05 -3.205531305828283287e-05 -7.765940723746790904e-06 1.380458251471836761e-06 3.981944914520153640e-06 1.498500975371484055e-05 1.858027361255130245e-04 5.704118933036222061e-04 -6.128007535075515890e-06 -1.016098777583879218e-05 -4.137027430912770462e-06 -1.394581617298392296e-05 1.250759608466874192e-05 8.743838979904572828e-06 -2.567805019032400428e-05 5.899564158117732385e-04 -2.063010414420964229e-03 4.725774660823984369e-05 2.110969116844962608e-05 1.201359627067570193e-04 5.585888581571250577e-10 3.718248155274566276e-06 -6.648788003524149470e-06 -1.242517428469725766e-08 -3.287980484488983680e-04 2.754689656600557399e-07 -1.387810506974648751e-07 -5.271374771234978277e-07 -4.198338510156398109e-05 1.610418465652725529e-06 -6.464833064708900513e-07 1.780181948258226963e-06 -9.307354434339183243e-07 4.397401607000758977e-10 1.655819276200293320e-05 -9.731559329691470144e-07 1.150658553931812210e-05 -4.381208364417789614e-06 4.859334573959999521e-05 -5.379485975009770910e-06 6.929823897540147884e-05 -4.885776676635350492e-06 3.201034425684498523e-07 5.778532564039240276e-08 4.044824869573471069e-06
7.910356273115082880e-11 7.257364654545231718e-11 4.532759913536323038e-10 8.801667367163202116e-12 1.689851498318796530e-09 4.478942831722305257e-09 1.046724860543138390e-08 -1.756684305860390699e-10 -9.852797570737275453e-09 1.664264086592258468e-09 7.807686783437762448e-11 -1.223873465124813636e-08 7.576860877412803649e-09 1.107289116299284534e-08 2.369132403800045986e-08 9.415906283908479658e-09 3.823939226220041372e-08 1.747549101762570378e-08 -7.662176207903710063e-09 -5.093053972204997998e-09 -1.217936450197279412e-08 -2.064582582420382331e-08 1.758293376020612885e-08 -8.034112985483349468e-08 6.501496489544878004e-09 -1.794405468461408820e-07 5.585888581571250577e-10 5.704057460368328481e-13 -8.320707645511713839e-10 -2.550141852600140735e-09 1.751951272291315932e-11 -2.366003832030609562e-07 1.934533959226538651e-12 -1.013331390015466177e-10 -1.096871912172733975e-10 -2.211567842314122900e-09 1.249026214203751879e-11 -3.324167210744917903e-10 7.438732580690244926e-11 -2.906602189287636304e-10 -8.801605799457784011e-14 1.582212104464153131e-08 -1.500126326074815467e-10 1.526101215175630211e-10 -7.910531059468752502e-10 -1.103747028763399564e-09 -9.053630661154838367e-10 1.836289550894406755e-10 -8.956570000334409081e-10 -1.711063702578397475e-11 2.265531134879698080e-11 1.447288651739445909e-10
-2.491456180409862281e-05 -2.429543259341812204e-05 -4.765008857232822968e-04 -2.404746582517821039e-05 -4.621310762237432028e-04 5.978604681707206953e-04 5.292838711223734217e-04 1.007929025317672728e-03 4.765938088534732767e-04 7.463791098080330318e-04 -2.405185646903473557e-05 -2.420087094171917245e-03 1.030607424748650972e-03 -2.538117147260029582e-03 -1.161459383655836543e-02 3.683469800911892342e-03 5.418816255508844028e-03 1.835042853171656423e-03 -6.619768573112730717e-06 -1.060856175212365662e-03 -1.108836891717252318e-03 -2.507838003819074478e-03 -2.304726446092563580e-02 4.785350230083193490e-02 -2.056781795135150144e-03 -2.346771772609738960e-02 3.718248155274566276e-06 -8.320707645511713839e-10 3.652110765518608651e-03 -3.018145850937219198e-04 -2.805458463684989575e-07 -1.394760626834845238e-02 3.273296986690476312e-07 -7.227546625645766785e-06 -1.044178297851465595e-05 -1.348923264665789854e-05 8.652613759279323942e-07 -3.650087291075447511e-05 7.003638082230011826e-06 -2.893229629373870670e-05 -1.268986654065401659e-08 2.840205576052841872e-03 3.479856486684253800e-07 -5.345037739207960420e-06 2.015504461677875976e-05 -5.000026770232977088e-04 2.256936954675531847e-05 1.508303491952972183e-03 5.259290072577704604e-05 -1.408904538388023929e-05 7.315132562914542129e-07 -7.784418576810601216e-05
-1.416791177442461429e-06 -8.022274469213331462e-07 -3.845710006796276744e-05 -2.146336699896702122e-05 9.017083754388273051e-05 -5.908315336809861308e-06 -4.820487609558605287e-05 9.891318269291334855e-05 6.228008306794871238e-05 -3.947520913369500519e-05 -7.890224217711785011e-07 3.002463843736657067e-04 -1.905395340528012629e-04 -2.505680833560982863e-04 -5.467914551223597517e-04 -2.030172063363786721e-04 -8.516687691831668992e-04 -3.910627756697515915e-04 1.731189927978426797e-04 1.129180232907744388e-04 2.732920402586979714e-04 4.597185433455324311e-04 -4.407893114540198257e-04 1.873473318550336348e-03 -1.514016386043782634e-04 4.001090433497698357e-03 -6.648788003524149470e-06 -2.550141852600140735e-09 -3.018145850937219198e-04 2.196491263370992184e-03 -1.791345294436312903e-08 7.050576603706426235e-03 8.162169591950866189e-05 4.111696342272485525e-05 -2.734483186993149124e-06 -9.402642174247760002e-04 1.455492578988524729e-04 2.345987016961499351e-05 1.423032461006793414e-04 1.512771177320017279e-05 6.717291363553062699e-07 1.040440236131160963e-04 1.273965059891462440e-05 -8.128238274313907111e-08 -9.594198970441631808e-07 -2.172081773301088280e-03 -2.613868155331819346e-05 -3.216446452272616469e-05 -2.029549307087429933e-06 3.598370451096223150e-07 -5.094506610456584786e-07 -3.335688912966086503e-06
