theo_error.scale_from_amplitudes = yes
scaling_form = 1
eft_nu = 4.0
eft_C = 1.0237
eft_nu.piN = 5.0
eft_C.piN = 3.6305
residual_list.load = no
residual_list.load.prefix = N2LOsim-450-125.theo
eft_C = 2.44041897356510162
eft_C.piN = 3.62091086804866791
eft_C = 1.11886329948902130
eft_C.piN = 3.63257564604282379
eft_C = 0.99128954112529755
eft_C.piN = 3.67314524948596954
eft_C = 0.98112426698207855
eft_C.piN = 3.67919512093067169
eft_C = 0.98036117851734161
eft_C.piN = 3.67966242134571075
