3.967834904312697383e-06 3.965184127481753671e-06 9.124351101829727864e-05 3.946450380146671623e-06 9.123811575597206463e-05 2.256049257950524214e-06 -5.974717954997373439e-05 -5.803919545654013124e-05 -6.095146931822982697e-05 -5.949198310086702704e-05 3.944499209307314650e-06 9.515600873879681760e-05 -4.235404134844993393e-05 5.892156293951189517e-04 2.065889374599613922e-03 -2.603959531267095186e-04 1.835468831458516632e-05 8.077301349421255007e-05 -1.355019065518146034e-04 4.302466085896140612e-05 -6.882463483930169605e-05 -6.970766074021621825e-05 3.242476190599656496e-03 -8.030856114098807938e-03 3.836977562192341604e-04 -3.346743873859845926e-04 1.427156583920313813e-06 5.517303461563283697e-12 -1.190747351702592290e-05 -2.445818995502014750e-06 -3.021015723755878853e-09 -5.477881889772564042e-05 1.907859579435275789e-09 -5.901890515499446293e-08 -6.487041345589174096e-08 -1.346728109279131197e-06 -1.383296440997172259e-08 6.994198287376207058e-07 -1.713463627070631292e-07 7.198939259408734709e-07 3.064906971972263550e-10 -1.312048687348717723e-04 -1.316712142239733013e-06 2.066083621911507284e-07 -9.378872285142901285e-07 4.377610967711135718e-06 -7.995329434067738037e-07 -4.895420369614971595e-05 -1.709972044130489828e-06 1.521717063545794504e-06 3.144610904750069793e-07 1.421677578607621859e-05
3.965184127481753671e-06 3.964056850238957997e-06 9.131511938547104813e-05 3.950213839399326704e-06 9.123583520667087620e-05 2.283395592861978125e-06 -5.977319054766665332e-05 -5.801231487570606131e-05 -6.092305922432204006e-05 -5.948463384896693346e-05 3.943234131273980466e-06 9.508085191450861399e-05 -4.240826369832768444e-05 5.891884423221123521e-04 2.065832572191646579e-03 -2.604185980874585728e-04 1.876891186281671428e-05 8.099724358150064280e-05 -1.356120883735982227e-04 4.296522903191491994e-05 -6.899885517931941391e-05 -6.988831265400657217e-05 3.242902817269176577e-03 -8.030878466235416568e-03 3.838330851092303011e-04 -3.366729224884391436e-04 1.420092671154379967e-06 2.141190406393534940e-12 -1.156074965017781468e-05 -1.743943660252158452e-06 -3.168686351521890131e-09 -5.592275767487034469e-05 1.777373994522862522e-09 -6.266487944380068606e-08 -6.429685032880015936e-08 -1.201856534159558525e-06 -1.380942076551883711e-08 6.983474223264934241e-07 -1.718566956221845908e-07 7.220919034427819176e-07 3.074534329930711408e-10 -1.311727060190213327e-04 -1.315357320095488261e-06 2.017757585331058233e-07 -9.096925551540942907e-07 3.869375043988070876e-07 -8.116904371672294315e-07 -4.879734155801034365e-05 -1.675534726039079414e-06 1.521538246306959864e-06 3.147081636551269364e-07 1.421575761691468113e-05
9.124351101829727864e-05 9.131511938547104813e-05 2.215728825916801238e-03 9.306110228361966631e-05 2.200651887515641791e-03 1.183797971402701600e-04 -1.375078465246425651e-03 -1.313848878233225131e-03 -1.417676067891488314e-03 -1.386764454040967333e-03 9.079358465846390481e-05 2.115567158328751207e-03 -1.033158886632920461e-03 1.367938566894531457e-02 4.811449744176082149e-02 -6.184683898241719567e-03 1.136770687601004401e-03 2.287685580821668778e-03 -3.371230525263944552e-03 9.041337800732407014e-04 -1.927532658060623384e-03 -1.919870912082081472e-03 7.670034738530713547e-02 -1.876094148187966992e-01 9.223491372332217469e-03 -1.125552285760635270e-02 1.293081191857023123e-05 -5.814273235501178249e-10 -1.992189214820558915e-04 -5.294926123755435896e-05 -3.548709030219347063e-08 -2.556366269127632526e-03 4.020701857619587936e-08 -1.463564322144842864e-06 -1.280132038362432901e-06 7.085414305114422283e-05 -3.203068038397596185e-07 1.619295233381797591e-05 -4.463759699141764479e-06 1.874663538387591119e-05 8.108940748943783158e-09 -3.149925610268956063e-03 -3.171512145405836896e-05 1.466864874090438706e-07 -2.361531067135352798e-06 -7.255800280367025190e-05 -9.032577715803477114e-08 -1.097714348910232372e-03 -1.818216763431229117e-05 3.531690603272445082e-05 7.788101165808698686e-06 3.298836250781709721e-04
3.946450380146671623e-06 3.950213839399326704e-06 9.306110228361966631e-05 5.445721083612205497e-06 8.479450068120088701e-05 -6.350034909212067064e-06 -5.960647797008403545e-05 -6.672875970355900165e-05 -6.022079651625060313e-05 -6.059783607784109075e-05 3.921005790922940081e-06 1.024222740520298788e-04 -4.629627008524238427e-05 5.875208958608449383e-04 2.068778055670139789e-03 -2.678248286615657467e-04 1.782850797639959773e-05 8.255833599104887139e-05 -1.376562908086274210e-04 4.333826297474337169e-05 -7.109367756527112069e-05 -6.793185723795826855e-05 3.277278922493463351e-03 -8.057715357844301082e-03 3.879157040346801252e-04 -3.352702230493688311e-04 8.947825968214909495e-07 -2.705958385688154038e-11 -1.323028308972132748e-05 -1.560734419611619372e-05 1.345525407092863180e-08 -1.487863319071510229e-04 1.022012218153044404e-08 -2.956545679990860819e-07 8.761741434303904476e-07 7.090548256106598939e-05 -1.138603017760045844e-08 6.044846476302966906e-07 -2.117948130525922309e-07 8.972951206303957485e-07 3.919902208701188919e-10 -1.354261266887699761e-04 -1.101336247926456929e-06 9.607711745459727053e-08 -4.765773647252139030e-07 -9.703954003226312677e-06 -4.681086748259359853e-07 -6.475396816065400439e-05 -1.478154650834305554e-06 1.535381286172497023e-06 3.173332900605485288e-07 1.422187853154532774e-05
9.123811575597206463e-05 9.123583520667087620e-05 2.200651887515641791e-03 8.479450068120088701e-05 2.242655533136676382e-03 1.642300695323742343e-04 -1.368837965784637945e-03 -1.261820185034549617e-03 -1.418815487536433670e-03 -1.377376221738168226e-03 9.076464537762943079e-05 2.082647909543048920e-03 -1.028159316694735818e-03 1.366001172761971243e-02 4.799966276446284569e-02 -6.132619979647891198e-03 1.164775637927791159e-03 2.288021813236691855e-03 -3.359850724306279613e-03 8.966830706268269849e-04 -1.922589446743788602e-03 -1.937878235035162423e-03 7.638333586842216416e-02 -1.870909353554350285e-01 9.190729221568095381e-03 -1.136179976718658044e-02 1.764459174958370316e-05 -1.747348701500487090e-10 -2.127881919626876581e-04 7.128280233758089513e-05 -1.029537013142820300e-07 -1.791412724771390078e-03 -4.944343779096559823e-08 1.173646721528654274e-06 -5.682297187414145603e-06 -2.868144003205848769e-04 -3.614698149132457580e-07 1.803089816220835944e-05 -4.441041591997360241e-06 1.857528510315054456e-05 8.080611831811814600e-09 -3.114521417790166048e-03 -3.138706674773351647e-05 1.132980184962934269e-06 -6.369716175254627520e-06 5.584474195717318651e-05 -3.141100606785380130e-06 -1.040974003166554324e-03 -2.173758305341768579e-05 3.515932462236573142e-05 7.773033543206145978e-06 3.291366506687344964e-04
2.256049257950524214e-06 2.283395592861978125e-06 1.183797971402701600e-04 -6.350034909212067064e-06 1.642300695323742343e-04 1.421475248724186327e-04 -1.588227436619287950e-05 8.552273718463448829e-05 -5.804462369494474546e-05 -1.314670560179714371e-05 2.334407480190144571e-06 -1.670181465037582952e-04 -4.241242336543609218e-06 4.453880613666396466e-04 1.480836129194029521e-03 -1.200504718729139705e-04 8.359999181563917666e-04 4.722582330049056570e-04 -2.856687121112073393e-04 -8.784240027908657281e-05 -3.561484802411591017e-04 -4.410469522142259312e-04 2.799699139326811050e-03 -5.956644347834887283e-03 4.958766710975624162e-04 -4.173809985159584665e-03 -5.102502521130860657e-06 5.699845478782791781e-10 1.071223386173946444e-04 4.079657001597283193e-05 -1.773337618615591370e-07 -1.263108147869243742e-03 -1.269698167860155912e-08 2.802265607622994544e-07 -7.168921773761492976e-06 -4.284344335610531596e-04 3.079337822799622692e-08 -1.647737759768344625e-06 3.891517959108672166e-07 -1.649746770460500363e-06 -8.424492302411734039e-10 -7.043548997788660513e-05 -6.054648791040797426e-06 -1.735518439274535469e-06 7.212143543676341443e-06 -2.726329135325396145e-05 7.213874898425676278e-06 1.460009330826518592e-04 1.016305853404957841e-05 6.180520660699052410e-07 6.836949049659016910e-07 9.222373311869021349e-06
-5.974717954997373439e-05 -5.977319054766665332e-05 -1.375078465246425651e-03 -5.960647797008403545e-05 -1.368837965784637945e-03 -1.588227436619287950e-05 1.004053883731391645e-03 8.772649809029527167e-04 8.943294437034580036e-04 9.037071852469871422e-04 -5.942455536943643923e-05 -1.492130237607222024e-03 6.729424258298142766e-04 -8.879832512979956086e-03 -3.116154399161096683e-02 3.950038065627737086e-03 -1.169968884888302136e-04 -1.140456563268916947e-03 2.010038148305311623e-03 -6.722657818676497409e-04 9.816921370844197085e-04 9.733393467269203271e-04 -4.885725660084304367e-02 1.211182159991163049e-01 -5.749818780857307923e-03 4.287567946635586699e-03 -1.705764798722722301e-05 4.170966480337402997e-09 2.150655227793060254e-04 1.264827185737994549e-05 4.100083166979496785e-07 2.192701821630568077e-04 -1.336557500352099905e-08 4.748047141638187036e-07 5.465353893820586825e-07 1.401304224749984173e-05 2.389949280548329232e-07 -1.201859767055400595e-05 2.884978999031805728e-06 -1.210258432863935050e-05 -5.232644947174062923e-09 2.029480479595349284e-03 1.870390399661321995e-05 -2.352804290644939193e-06 1.085072327655387260e-05 -1.637703098697349118e-05 8.634211698436794708e-06 7.361703502773330387e-04 2.180852360043647494e-05 -2.306008381906855752e-05 -4.657884701199531524e-06 -2.146111824491381769e-04
-5.803919545654013124e-05 -5.801231487570606131e-05 -1.313848878233225131e-03 -6.672875970355900165e-05 -1.261820185034549617e-03 8.552273718463448829e-05 8.772649809029527167e-04 1.205666234754444819e-03 8.838830973809233332e-04 9.087234235374282805e-04 -5.763780396291633167e-05 -1.599590180499960157e-03 6.766949278165731736e-04 -8.532868473357674982e-03 -3.013091896760993968e-02 3.969935604098754484e-03 3.517662105578483848e-04 -8.999985947455669752e-04 1.870673647404755020e-03 -7.198814780242053036e-04 8.141351504920761682e-04 6.942819506429074271e-04 -4.746469910155064198e-02 1.172528917192520587e-01 -5.496473665682836962e-03 1.967653153339228231e-03 -2.046149100704058789e-05 -1.365803527288584398e-10 3.516249302105702804e-04 8.556469810674193876e-05 -2.418885701995622378e-07 4.408672579937988889e-03 -6.118263814593182215e-08 1.955789828133466058e-06 -5.691793376089078199e-06 -4.076845218738216724e-04 2.221872923620769686e-07 -1.145219441235428579e-05 3.149440434108000727e-06 -1.327047168559435956e-05 -5.770564073421622378e-09 2.015037166564849491e-03 1.556926815655601133e-05 -3.569727473784074598e-06 1.583908641631619609e-05 7.912719540336865987e-05 1.586092805971452425e-05 9.327918085191623000e-04 3.122652608621951189e-05 -2.274493441732104701e-05 -4.288972968738999106e-06 -2.078121592824644240e-04
-6.095146931822982697e-05 -6.092305922432204006e-05 -1.417676067891488314e-03 -6.022079651625060313e-05 -1.418815487536433670e-03 -5.804462369494474546e-05 8.943294437034580036e-04 8.838830973809233332e-04 9.980318833923309922e-04 9.125566731747167303e-04 -6.061761844584090419e-05 -1.415065216328160970e-03 6.506049816722582870e-04 -9.070209708094285547e-03 -3.180538253743511734e-02 4.011441490211347348e-03 -4.637853306515985277e-04 -1.339564424638641426e-03 2.132758255212268642e-03 -6.366751823527129657e-04 1.132978222622259582e-03 1.155363431296315465e-03 -5.009910240356006683e-02 1.237216336866424210e-01 -5.965223519274878705e-03 6.025571673804269723e-03 -2.007662116951380448e-05 -2.288991942009641017e-09 2.995247277981894049e-04 4.034312791310350655e-05 8.017447738486545727e-08 1.979339598929700204e-03 -4.306811983800206772e-08 1.486190766906533857e-06 1.831425701653670471e-06 5.149856319450135742e-05 1.898050430314103855e-07 -9.657461153660689380e-06 2.481497763777331788e-06 -1.044259822345625153e-05 -4.392482481136265746e-09 2.023278617882148973e-03 2.172895007621016453e-05 -2.904752325818224805e-06 1.339248103383753200e-05 1.462719330041225110e-05 1.234697219151478696e-05 7.466363799203414552e-04 2.527128326673513381e-05 -2.335094493848249080e-05 -4.948913917893500901e-06 -2.186232622637435021e-04
-5.949198310086702704e-05 -5.948463384896693346e-05 -1.386764454040967333e-03 -6.059783607784109075e-05 -1.377376221738168226e-03 -1.314670560179714371e-05 9.037071852469871422e-04 9.087234235374282805e-04 9.125566731747167303e-04 9.136188036036275908e-04 -5.914543223325486113e-05 -1.498483239354061417e-03 6.639874660774550564e-04 -8.828776044485536767e-03 -3.108217263113631154e-02 4.019624778059077523e-03 -1.612580279152049309e-04 -1.183119549692058636e-03 2.039930748957189365e-03 -6.661882084532302212e-04 1.024015083218456947e-03 9.729324900495535909e-04 -4.912131435631454657e-02 1.210075057681335720e-01 -5.792548825199956772e-03 4.522484335864147484e-03 -1.580766712647181497e-05 3.537289008638448126e-10 2.232001134099310816e-04 1.749277548680526899e-05 -5.528836620839072766e-08 6.149230660772745868e-04 -1.499820756940835926e-08 5.578740794478096749e-07 -2.514521765301334608e-07 -5.054822256697739881e-05 2.360132795778596840e-07 -1.190990281587698640e-05 2.985758755493596439e-06 -1.252840685523647314e-05 -5.444118107977361496e-09 2.037160086814065584e-03 1.834854698980955412e-05 -2.112028122494342838e-06 9.900965998330246557e-06 -4.941951552255019475e-06 8.340607955291439029e-06 7.768665934317181250e-04 2.193090311774500162e-05 -2.310880482129737480e-05 -4.703330990752099514e-06 -2.138291737066966660e-04
3.944499209307314650e-06 3.943234131273980466e-06 9.079358465846390481e-05 3.921005790922940081e-06 9.076464537762943079e-05 2.334407480190144571e-06 -5.942455536943643923e-05 -5.763780396291633167e-05 -6.061761844584090419e-05 -5.914543223325486113e-05 4.108070530894514367e-06 9.367519379890423847e-05 -3.766850358312519764e-05 5.860654003395430718e-04 2.054740585420425890e-03 -2.589065769928443361e-04 1.878778087843815597e-05 8.059368242589300883e-05 -1.348803593427442095e-04 4.271470329999219631e-05 -6.863772889145519553e-05 -6.959381401015635464e-05 3.225106470128068573e-03 -7.987553984483789296e-03 3.817475193666548154e-04 -3.353962308107923118e-04 1.429463962968620254e-06 4.318212089017818291e-12 -1.158306827446040138e-05 -1.721400685370775112e-06 -3.240497200051538795e-09 -5.612022382152068899e-05 1.834241150003408419e-09 -6.303175820762565620e-08 -7.016972939243620963e-08 -1.625003032283389371e-06 9.811055866963678450e-06 9.899603683179186397e-07 -4.874108131706243800e-06 1.922008084917772773e-07 1.971662949624642295e-09 -1.348614640378655147e-04 -1.557979205657458510e-06 2.041755998821494138e-07 -9.188741109282914666e-07 4.340849652856319946e-07 -8.225596376846951473e-07 3.686360882105716992e-04 5.315869363101899903e-06 1.513133637827105553e-06 3.130444294313715676e-07 1.413951747411200694e-05
9.515600873879681760e-05 9.508085191450861399e-05 2.115567158328751207e-03 1.024222740520298788e-04 2.082647909543048920e-03 -1.670181465037582952e-04 -1.492130237607222024e-03 -1.599590180499960157e-03 -1.415065216328160970e-03 -1.498483239354061417e-03 9.367519379890423847e-05 3.459454958030819434e-03 -1.161212105194020169e-03 1.394370651629852319e-02 4.924373960963532304e-02 -6.494448751375103517e-03 -1.104686390695687730e-03 1.193937981439904773e-03 -2.924995002669783344e-03 1.252028046886090578e-03 -1.120618751701135240e-03 -8.912860917412628384e-04 7.710716870138173418e-02 -1.914184062260396446e-01 8.820874671067300068e-03 -6.685221831353727051e-04 3.215354741992013939e-05 -2.333306973217915830e-09 -5.345747120786062661e-04 6.663559496570319800e-05 2.844337922115553238e-07 2.384714034339367739e-03 -7.522715605469892538e-08 2.277060907380721766e-06 7.877431146362473633e-06 4.177093649791492201e-04 -2.324273897789092585e-05 2.834225062623677867e-05 2.721241291529845297e-05 3.075386884406340854e-05 -2.891756494830676508e-05 -3.311659237160727905e-03 -1.454858232494248485e-05 5.859810010696900476e-06 -2.632952983804135564e-05 1.731486282772624940e-04 -2.215980333980054051e-05 -3.203693746821500120e-03 -7.895190342900538973e-05 3.741849813032923483e-05 6.700226510702418645e-06 3.403366184230372828e-04
-4.235404134844993393e-05 -4.240826369832768444e-05 -1.033158886632920461e-03 -4.629627008524238427e-05 -1.028159316694735818e-03 -4.241242336543609218e-06 6.729424258298142766e-04 6.766949278165731736e-04 6.506049816722582870e-04 6.639874660774550564e-04 -3.766850358312519764e-05 -1.161212105194020169e-03 8.799135540859908105e-04 -6.330651290011187447e-03 -2.237723691073779941e-02 2.965024663372280850e-03 -2.917988000082145277e-04 -9.639673112098037311e-04 1.534314342602782896e-03 -4.563857226502917273e-04 8.316659127739927694e-04 7.643689136125034374e-04 -3.583778299999703515e-02 8.735232258429476149e-02 -4.264000409842606462e-03 4.129560482236650787e-03 1.841613370474987576e-07 1.677397250743290405e-09 1.573460402073467235e-04 -1.052283556455483736e-04 -6.009903928397176294e-09 3.926327134029621024e-04 1.854182533610190651e-07 -2.519698240120471126e-06 -3.461434096226222623e-06 -2.534420694922835541e-04 7.073351720366994916e-07 -2.455032961097052343e-05 -3.291967128517892861e-04 -5.000438210170190015e-05 2.509591374072984510e-07 3.617772718365819197e-04 -1.928661856476339366e-05 7.586530456609857223e-07 -1.766446975955168539e-06 3.560254045186819050e-05 -3.077304882125359905e-06 1.059310066718493690e-02 1.744109755954720352e-04 -1.667239622322783089e-05 -3.517282559435798583e-06 -1.535494131783761190e-04
5.892156293951189517e-04 5.891884423221123521e-04 1.367938566894531457e-02 5.875208958608449383e-04 1.366001172761971243e-02 4.453880613666396466e-04 -8.879832512979956086e-03 -8.532868473357674982e-03 -9.070209708094285547e-03 -8.828776044485536767e-03 5.860654003395430718e-04 1.394370651629852319e-02 -6.330651290011187447e-03 8.772587650911436996e-02 3.075585398779480117e-01 -3.874531226966314301e-02 3.763335842856218444e-03 1.256146152894920855e-02 -2.042757244228428012e-02 6.258150517607194603e-03 -1.065173410128009840e-02 -1.085329737170162914e-02 4.835899743126978456e-01 -1.195981598412474867e+00 5.743355195821162051e-02 -5.477718823703776885e-02 1.903728591188250303e-04 -3.321784766544901768e-10 -1.504720598719105516e-03 -2.902079958366911663e-04 -5.976259350767126603e-07 -9.856724874226858307e-03 2.809838087581388660e-07 -9.925413951079432395e-06 -1.118951312272880677e-05 -1.728507125005239670e-04 -2.016377889344523901e-06 1.019873575121220909e-04 -2.560363155640530238e-05 1.075949872963773840e-04 4.580522281820983567e-08 -1.954056525807590025e-02 -1.987710458172067568e-04 2.525631405646653905e-05 -1.170164088113833110e-04 -5.139878258895052329e-05 -1.021886806561742912e-04 -7.138837240730264155e-03 -2.271211627383476147e-04 2.260526125348733244e-04 4.741373726320188597e-05 2.115167350741089646e-03
2.065889374599613922e-03 2.065832572191646579e-03 4.811449744176082149e-02 2.068778055670139789e-03 4.799966276446284569e-02 1.480836129194029521e-03 -3.116154399161096683e-02 -3.013091896760993968e-02 -3.180538253743511734e-02 -3.108217263113631154e-02 2.054740585420425890e-03 4.924373960963532304e-02 -2.237723691073779941e-02 3.075585398779480117e-01 1.094372909992709753e+00 -1.365946122908795746e-01 1.294160733590854137e-02 4.141716084407829485e-02 -6.448620173270054601e-02 1.886067823727783158e-02 -3.907886296710280649e-02 2.365110268127403048e-02 1.585260934483853301e+00 -4.222686204070623006e+00 1.320875023146097504e-01 -1.478384308731638952e-01 6.325038658708897164e-04 -2.963603267576498810e-09 -5.636400283532735228e-03 -9.724893795745892001e-04 -1.500697518841653422e-06 -3.443551432985709343e-02 9.196308664808249244e-07 -3.265526284675197112e-05 -3.208524145942904550e-05 -1.476026247530347205e-04 -7.225545372984691418e-06 3.653418106982483167e-04 -9.219881968997845046e-05 3.873480812252749110e-04 1.655726257751711610e-07 -6.897293377850800822e-02 -6.906253798822409480e-04 8.210739715949943909e-05 -3.827631333093704270e-04 -2.038137152844304357e-04 -3.308438490737866926e-04 -2.529731156053901045e-02 -7.721813334195962251e-04 7.079446258653122230e-04 1.767185622914759923e-04 8.796163275405286322e-03
-2.603959531267095186e-04 -2.604185980874585728e-04 -6.184683898241719567e-03 -2.678248286615657467e-04 -6.132619979647891198e-03 -1.200504718729139705e-04 3.950038065627737086e-03 3.969935604098754484e-03 4.011441490211347348e-03 4.019624778059077523e-03 -2.589065769928443361e-04 -6.494448751375103517e-03 2.965024663372280850e-03 -3.874531226966314301e-02 -1.365946122908795746e-01 1.781416552838334388e-02 -1.410646753497083079e-03 -5.610158840678958377e-03 9.187021487229038441e-03 -2.831507334803751164e-03 4.831787706968332548e-03 4.561986811684678317e-03 -2.171741423650174474e-01 5.324168760435959991e-01 -2.575700255515904480e-02 2.331197079997560789e-02 -5.193540343938331065e-05 1.821120234955930222e-09 1.001101560397743302e-03 8.612110800485294284e-05 -2.881714194555133331e-07 4.205781660687850365e-03 -6.315895649948876697e-08 2.388804977674212449e-06 -1.707269965395106929e-06 -3.483110564246554952e-04 1.036249441046601650e-06 -5.229863057991346006e-05 1.356710954605887026e-05 -5.691868716061637169e-05 -2.485386615120693089e-08 9.061501410754055352e-03 8.193365547481169266e-05 -5.246162324678142175e-06 2.645587985813201414e-05 4.321132500918226321e-05 1.995943344905885477e-05 3.404066195649560218e-03 7.827834780767628053e-05 -1.014809242386068282e-04 -2.114085176924201950e-05 -9.384206697939495015e-04
1.835468831458516632e-05 1.876891186281671428e-05 1.136770687601004401e-03 1.782850797639959773e-05 1.164775637927791159e-03 8.359999181563917666e-04 -1.169968884888302136e-04 3.517662105578483848e-04 -4.637853306515985277e-04 -1.612580279152049309e-04 1.878778087843815597e-05 -1.104686390695687730e-03 -2.917988000082145277e-04 3.763335842856218444e-03 1.294160733590854137e-02 -1.410646753497083079e-03 7.527989644908287051e-03 4.344383515522531186e-03 -2.660443949811236355e-03 -7.902925102125017524e-04 -3.323807753944629621e-03 -3.872852847281609869e-03 2.624913548609254105e-02 -5.296345039093294099e-02 4.600191188834285884e-03 -3.768675263597024566e-02 -7.147102773339856574e-05 3.541311410273430260e-09 8.680883485765424545e-04 -1.897264819401323120e-04 -6.972526556977950288e-07 -1.498091672863346123e-02 1.433698165924698081e-07 -5.064513463537949554e-06 -1.459213793810127443e-05 -9.258483908685451614e-05 3.044931785694558393e-07 -1.505094075654554534e-05 6.821162587488619356e-07 -2.735341065722881720e-06 -1.576171338540618191e-09 -8.176241709509259178e-04 -3.819067562866764853e-05 -2.089295164971428505e-05 8.713527173312085269e-05 -5.606391846769420706e-04 8.445117673797234239e-05 4.403534116498089568e-04 1.004125169280912339e-04 5.880351079037865496e-06 6.246732201617427802e-06 7.950311718214404832e-05
8.077301349421255007e-05 8.099724358150064280e-05 2.287685580821668778e-03 8.255833599104887139e-05 2.288021813236691855e-03 4.722582330049056570e-04 -1.140456563268916947e-03 -8.999985947455669752e-04 -1.339564424638641426e-03 -1.183119549692058636e-03 8.059368242589300883e-05 1.193937981439904773e-03 -9.639673112098037311e-04 1.256146152894920855e-02 4.141716084407829485e-02 -5.610158840678958377e-03 4.344383515522531186e-03 8.986309961253541659e-03 -1.056322199533704480e-02 1.483998156806288051e-03 -2.157210236995614656e-03 -1.763889325844568423e-02 9.686449066994776147e-02 -1.692517000961763496e-01 -9.894397685803781040e-04 -8.146055577481776944e-03 -2.354426677888306617e-05 1.358758833940513416e-09 1.818848621633725369e-04 -1.231564313020441803e-04 -2.858482644156419635e-07 -9.028841460749337244e-03 9.242230314151736062e-08 -3.308519403884609804e-06 -7.182993847299448917e-06 4.814768305664592464e-05 -1.234216510462320472e-07 6.395121433045526443e-06 -3.355660729374639354e-06 1.414430714071677400e-05 5.977471095809844618e-09 -2.906655274417349697e-03 -4.244354779236760554e-05 -9.582085047851913328e-06 3.871513924880529432e-05 -3.068123227675947180e-04 3.907718750442372272e-05 -6.990545320497130490e-04 3.153349940334410225e-05 8.561663147178355613e-05 -1.832910314494843375e-05 2.101456561292322327e-05
-1.355019065518146034e-04 -1.356120883735982227e-04 -3.371230525263944552e-03 -1.376562908086274210e-04 -3.359850724306279613e-03 -2.856687121112073393e-04 2.010038148305311623e-03 1.870673647404755020e-03 2.132758255212268642e-03 2.039930748957189365e-03 -1.348803593427442095e-04 -2.924995002669783344e-03 1.534314342602782896e-03 -2.042757244228428012e-02 -6.448620173270054601e-02 9.187021487229038441e-03 -2.660443949811236355e-03 -1.056322199533704480e-02 5.003010825890046726e-02 -2.813474794407020557e-02 8.439146299742225632e-03 4.174051177103114962e-02 -1.810719356332773089e-01 2.703060865596267348e-01 -6.206147974058088407e-02 4.273894264326918990e-02 -1.368450633144132810e-05 -2.778623648656426032e-10 2.237603664030986294e-04 9.878425667413064787e-05 1.294301492583056878e-07 5.934894556343684249e-03 -7.884072828473432433e-08 2.836393497717526357e-06 4.014265324889177751e-06 -7.651204514216336549e-05 4.179434830395905094e-07 -2.119082353046855243e-05 6.246833842276397651e-06 -2.625360485327716550e-05 -1.127515977077657720e-08 4.685377765002455598e-03 5.189166334638304663e-05 1.610638456989399319e-06 -4.313797467498711312e-06 1.601092227496058373e-04 -6.908410141573958043e-06 1.555002847414425947e-03 1.780528042118260891e-05 -7.781144782907177928e-04 2.378556184990812748e-05 1.207142031560440266e-03
4.302466085896140612e-05 4.296522903191491994e-05 9.041337800732407014e-04 4.333826297474337169e-05 8.966830706268269849e-04 -8.784240027908657281e-05 -6.722657818676497409e-04 -7.198814780242053036e-04 -6.366751823527129657e-04 -6.661882084532302212e-04 4.271470329999219631e-05 1.252028046886090578e-03 -4.563857226502917273e-04 6.258150517607194603e-03 1.886067823727783158e-02 -2.831507334803751164e-03 -7.902925102125017524e-04 1.483998156806288051e-03 -2.813474794407020557e-02 1.897020242196317819e-02 -3.620169347981849403e-03 -1.446072655471571621e-02 5.754961828998970269e-02 -7.865752337198259059e-02 3.889642274521760978e-02 -2.227843708254466371e-02 2.344911757130971165e-05 -6.049954818995219518e-10 -2.551738502221725913e-04 6.405509616126225762e-06 7.784086408220462529e-08 1.373399109614140221e-03 -1.383467367964902893e-09 4.175029149079583418e-08 1.509115519691193444e-06 1.899418626475504550e-05 -2.060275790912694992e-07 1.036580849554363923e-05 -2.181866549178584103e-06 9.145993699239456519e-06 3.980324448105705044e-09 -1.416420761057425245e-03 -9.697254511001292726e-06 4.658980326809440551e-06 -2.030886896798488528e-05 7.480377494350417828e-05 -1.878140062081516291e-05 -6.267818290847123166e-04 -3.086730458481537823e-05 5.142620484788658092e-04 -1.189422309191273263e-05 -8.043118232422063292e-04
-6.882463483930169605e-05 -6.899885517931941391e-05 -1.927532658060623384e-03 -7.109367756527112069e-05 -1.922589446743788602e-03 -3.561484802411591017e-04 9.816921370844197085e-04 8.141351504920761682e-04 1.132978222622259582e-03 1.024015083218456947e-03 -6.863772889145519553e-05 -1.120618751701135240e-03 8.316659127739927694e-04 -1.065173410128009840e-02 -3.907886296710280649e-02 4.831787706968332548e-03 -3.323807753944629621e-03 -2.157210236995614656e-03 8.439146299742225632e-03 -3.620169347981849403e-03 7.264758756012697216e-02 -2.911499130509517808e-03 -4.925539751916049175e-02 1.475456053995067018e-01 -1.646890840877339168e-01 1.826553933347485614e-01 1.920286757616576488e-05 -8.389111974734706225e-10 -8.128094862790158099e-05 9.253402519800436020e-05 1.620361565916891935e-07 6.975922609524957269e-03 -6.688196755445706258e-08 2.413840621125990589e-06 4.847249650908111909e-06 -8.286580390338198709e-05 1.356554437886030512e-07 -6.964401483429980347e-06 3.129935441160331915e-06 -1.317471793797581625e-05 -5.646158150518972807e-09 2.504419490054075794e-03 3.410581325241552372e-05 7.649047094853174677e-06 -3.087240722094671322e-05 2.364236654428767011e-04 -3.132682610256082696e-05 6.495339433371488365e-04 -2.367109893968187412e-05 -5.312522551753813289e-06 -1.933052025222571906e-04 -1.178087219203586243e-04
-6.970766074021621825e-05 -6.988831265400657217e-05 -1.919870912082081472e-03 -6.793185723795826855e-05 -1.937878235035162423e-03 -4.410469522142259312e-04 9.733393467269203271e-04 6.942819506429074271e-04 1.155363431296315465e-03 9.729324900495535909e-04 -6.959381401015635464e-05 -8.912860917412628384e-04 7.643689136125034374e-04 -1.085329737170162914e-02 2.365110268127403048e-02 4.561986811684678317e-03 -3.872852847281609869e-03 -1.763889325844568423e-02 4.174051177103114962e-02 -1.446072655471571621e-02 -2.911499130509517808e-03 7.987630784625230351e-01 -1.643854469659152162e+00 5.909901774269572527e-01 -6.049136558976970779e-01 3.841315621423980198e-01 7.488411617477671797e-06 -1.861555609803204238e-09 -2.958478877650026935e-04 1.238833018154724146e-04 4.725255436093009104e-07 7.894956775897080808e-03 -1.048833724674427814e-07 3.678722346058409263e-06 8.936597077559652882e-06 1.308663660868969252e-04 4.662248122065698296e-08 -2.537128388185201091e-06 1.978806654738557045e-06 -8.391275232998157566e-06 -3.280791669108089190e-09 2.336443466676008281e-03 3.911692016135709935e-05 5.933495408150099630e-06 -2.343250281566154570e-05 2.580756827458757026e-04 -2.375882100731947365e-05 5.003842314164185651e-04 -1.856492269311469669e-05 -2.192634175193654668e-04 -3.158170428436470620e-04 5.091841162109370794e-03
3.242476190599656496e-03 3.242902817269176577e-03 7.670034738530713547e-02 3.277278922493463351e-03 7.638333586842216416e-02 2.799699139326811050e-03 -4.885725660084304367e-02 -4.746469910155064198e-02 -5.009910240356006683e-02 -4.912131435631454657e-02 3.225106470128068573e-03 7.710716870138173418e-02 -3.583778299999703515e-02 4.835899743126978456e-01 1.585260934483853301e+00 -2.171741423650174474e-01 2.624913548609254105e-02 9.686449066994776147e-02 -1.810719356332773089e-01 5.754961828998970269e-02 -4.925539751916049175e-02 -1.643854469659152162e+00 5.861338161632696497e+00 -7.562863390144576314e+00 1.573343086099370680e+00 -1.115200502997591991e+00 7.999187667056832565e-04 -7.638976427783615913e-09 -9.258570209586199778e-03 -1.536009904674710651e-03 -9.120042704493522939e-07 -6.711632553286311920e-02 1.339327716161456751e-06 -4.817025978340909377e-05 -3.861180029774796641e-05 1.282112592411910942e-03 -1.154447051678317889e-05 5.836170371755401319e-04 -1.517903347151972179e-04 6.374791006891659213e-04 2.743954970200974905e-07 -1.100481744395749722e-01 -1.091491789070405142e-03 8.651474815247223063e-05 -4.215710783598400260e-04 -9.162413616360411388e-04 -3.432170705651992363e-04 -4.002476852888080944e-02 -1.029130701376659504e-03 1.453078797597673029e-03 9.539605050326610981e-04 2.037904246700973556e-03
-8.030856114098807938e-03 -8.030878466235416568e-03 -1.876094148187966992e-01 -8.057715357844301082e-03 -1.870909353554350285e-01 -5.956644347834887283e-03 1.211182159991163049e-01 1.172528917192520587e-01 1.237216336866424210e-01 1.210075057681335720e-01 -7.987553984483789296e-03 -1.914184062260396446e-01 8.735232258429476149e-02 -1.195981598412474867e+00 -4.222686204070623006e+00 5.324168760435959991e-01 -5.296345039093294099e-02 -1.692517000961763496e-01 2.703060865596267348e-01 -7.865752337198259059e-02 1.475456053995067018e-01 5.909901774269572527e-01 -7.562863390144576314e+00 1.693316399604492517e+01 -1.054217943599490059e+00 9.406694682488438986e-01 -2.363609797943611382e-03 1.325516563994024226e-08 2.217324382455655718e-02 3.775501896560723783e-03 5.052509036089607266e-06 1.397968715234302883e-01 -3.513920708976543103e-06 1.250929766271237234e-04 1.178912684282533934e-04 -2.113625451738481906e-04 2.821344894675506914e-05 -1.426472528705518194e-03 3.621416367612675892e-04 -1.521315065672441957e-03 -6.512922889753694424e-07 2.690355415244107262e-01 2.686841503963910242e-03 -2.985334172145689057e-04 1.400535593688038895e-03 1.069112588595318852e-03 1.200150448432817877e-03 9.854094676057248425e-02 2.913380639538869915e-03 -2.686484201613529958e-03 -1.055172171484443236e-03 -3.173206289449389400e-02
3.836977562192341604e-04 3.838330851092303011e-04 9.223491372332217469e-03 3.879157040346801252e-04 9.190729221568095381e-03 4.958766710975624162e-04 -5.749818780857307923e-03 -5.496473665682836962e-03 -5.965223519274878705e-03 -5.792548825199956772e-03 3.817475193666548154e-04 8.820874671067300068e-03 -4.264000409842606462e-03 5.743355195821162051e-02 1.320875023146097504e-01 -2.575700255515904480e-02 4.600191188834285884e-03 -9.894397685803781040e-04 -6.206147974058088407e-02 3.889642274521760978e-02 -1.646890840877339168e-01 -6.049136558976970779e-01 1.573343086099370680e+00 -1.054217943599490059e+00 3.157599742180845936e+00 -2.732537947176632898e+00 7.822181233999730716e-05 -2.250587321839846277e-10 -9.184412029894595351e-04 -2.173300252151856874e-04 -2.320908460766355250e-07 -1.090879743095632577e-02 1.842793823711382735e-07 -6.615029981551140198e-06 -7.293267688543455290e-06 1.442153868577522949e-04 -1.295232752460865666e-06 6.554528972668219029e-05 -1.771637472478547706e-05 7.442770943967783200e-05 3.197284785245559133e-08 -1.307498973762855413e-02 -1.354972163986955874e-04 5.708089556524563533e-06 -3.090780943711471385e-05 -2.220699127347650244e-04 -2.227394526116898907e-05 -4.608129175719446677e-03 -9.949708113064857206e-05 5.436151750004779813e-04 -7.187902463924089385e-04 -3.654923582233671024e-03
-3.346743873859845926e-04 -3.366729224884391436e-04 -1.125552285760635270e-02 -3.352702230493688311e-04 -1.136179976718658044e-02 -4.173809985159584665e-03 4.287567946635586699e-03 1.967653153339228231e-03 6.025571673804269723e-03 4.522484335864147484e-03 -3.353962308107923118e-04 -6.685221831353727051e-04 4.129560482236650787e-03 -5.477718823703776885e-02 -1.478384308731638952e-01 2.331197079997560789e-02 -3.768675263597024566e-02 -8.146055577481776944e-03 4.273894264326918990e-02 -2.227843708254466371e-02 1.826553933347485614e-01 3.841315621423980198e-01 -1.115200502997591991e+00 9.406694682488438986e-01 -2.732537947176632898e+00 2.645716693410914644e+00 2.795036870875332010e-04 -1.611975165330792422e-08 -3.391295740000163043e-03 1.014705255510143069e-03 3.346578247678546911e-06 7.615280155379774985e-02 -7.788756323976352571e-07 2.758758470028844259e-05 7.178822324651204045e-05 3.186119968694169319e-04 -5.544274616735607289e-07 2.641095286531292496e-05 8.477694634811836156e-06 -3.621277082404823853e-05 -1.372710468171120843e-08 1.230431632145968443e-02 2.641374011906002270e-04 9.277333592004820783e-05 -3.823074352602222575e-04 2.729436345262202090e-03 -3.755615568383780922e-04 9.820370111993503154e-04 -3.986945334283186078e-04 -3.291516167552577254e-04 8.782953476202283579e-04 6.314910258838589419e-04
1.427156583920313813e-06 1.420092671154379967e-06 1.293081191857023123e-05 8.947825968214909495e-07 1.764459174958370316e-05 -5.102502521130860657e-06 -1.705764798722722301e-05 -2.046149100704058789e-05 -2.007662116951380448e-05 -1.580766712647181497e-05 1.429463962968620254e-06 3.215354741992013939e-05 1.841613370474987576e-07 1.903728591188250303e-04 6.325038658708897164e-04 -5.193540343938331065e-05 -7.147102773339856574e-05 -2.354426677888306617e-05 -1.368450633144132810e-05 2.344911757130971165e-05 1.920286757616576488e-05 7.488411617477671797e-06 7.999187667056832565e-04 -2.363609797943611382e-03 7.822181233999730716e-05 2.795036870875332010e-04 9.849584707830844163e-05 1.947142573317922644e-11 -1.985094844126093086e-05 -5.369808137103653120e-07 -7.236140951418934547e-09 6.542737706878152171e-05 8.503473803120949404e-08 -2.807919420641887047e-08 -2.131670400383021997e-07 -2.335682448758409288e-05 6.609439963102108129e-07 -6.083157598560398242e-08 7.382835296831270500e-07 -3.896926904427960102e-07 -4.484074775521720263e-10 -2.013624358487794047e-05 -6.871180423101025397e-07 9.410225398491844226e-06 -3.321822842458799381e-06 3.081222332399741301e-05 -4.248750782256575871e-06 4.135149774387670489e-05 -3.983553090211434827e-06 4.557914443607851382e-07 4.005586228723795204e-08 4.519964707506930489e-06
5.517303461563283697e-12 2.141190406393534940e-12 -5.814273235501178249e-10 -2.705958385688154038e-11 -1.747348701500487090e-10 5.699845478782791781e-10 4.170966480337402997e-09 -1.365803527288584398e-10 -2.288991942009641017e-09 3.537289008638448126e-10 4.318212089017818291e-12 -2.333306973217915830e-09 1.677397250743290405e-09 -3.321784766544901768e-10 -2.963603267576498810e-09 1.821120234955930222e-09 3.541311410273430260e-09 1.358758833940513416e-09 -2.778623648656426032e-10 -6.049954818995219518e-10 -8.389111974734706225e-10 -1.861555609803204238e-09 -7.638976427783615913e-09 1.325516563994024226e-08 -2.250587321839846277e-10 -1.611975165330792422e-08 1.947142573317922644e-11 2.129583267722419100e-13 -3.289509431820845686e-09 -6.147427769475090137e-10 1.167636365110726024e-11 -4.053138889264434669e-08 4.590525090178733356e-13 -2.796845240382591694e-11 -3.370440480372926664e-11 -1.623961210192312728e-09 7.516639924597914416e-14 -7.836852063190562499e-11 1.761499916471466733e-11 -7.935380633395065182e-11 -3.565491185507797559e-14 2.581550655468952848e-09 -6.718431938072305978e-11 4.125784737382490960e-11 -2.903192847707920324e-10 9.954060390127093958e-11 -3.293994656461687980e-10 -7.593926870048451662e-10 -3.444463933497206560e-10 -6.084762788466429692e-12 1.083499875087651566e-12 -2.205278138704309505e-11
-1.190747351702592290e-05 -1.156074965017781468e-05 -1.992189214820558915e-04 -1.323028308972132748e-05 -2.127881919626876581e-04 1.071223386173946444e-04 2.150655227793060254e-04 3.516249302105702804e-04 2.995247277981894049e-04 2.232001134099310816e-04 -1.158306827446040138e-05 -5.345747120786062661e-04 1.573460402073467235e-04 -1.504720598719105516e-03 -5.636400283532735228e-03 1.001101560397743302e-03 8.680883485765424545e-04 1.818848621633725369e-04 2.237603664030986294e-04 -2.551738502221725913e-04 -8.128094862790158099e-05 -2.958478877650026935e-04 -9.258570209586199778e-03 2.217324382455655718e-02 -9.184412029894595351e-04 -3.391295740000163043e-03 -1.985094844126093086e-05 -3.289509431820845686e-09 1.120004336583156710e-03 -3.208592726824521514e-05 2.364700315365783313e-07 1.629914646263905340e-03 4.617863278038081925e-08 -3.255003175159168443e-07 -2.914294331569393407e-06 -1.047241187260890413e-04 1.740068187605065258e-07 -4.318993304177527013e-06 7.040128366624457602e-07 -2.548847140132888840e-06 -1.081704872724933197e-09 5.331195022550232459e-04 2.641874641466703169e-06 -5.841886430260908206e-06 2.408681890114012486e-05 -1.635066346487018399e-04 2.603392976511178397e-05 4.455745582119320408e-04 3.536140663270342303e-05 -5.024997895787647307e-06 -4.310118970240515456e-07 -3.939344484022275661e-05
-2.445818995502014750e-06 -1.743943660252158452e-06 -5.294926123755435896e-05 -1.560734419611619372e-05 7.128280233758089513e-05 4.079657001597283193e-05 1.264827185737994549e-05 8.556469810674193876e-05 4.034312791310350655e-05 1.749277548680526899e-05 -1.721400685370775112e-06 6.663559496570319800e-05 -1.052283556455483736e-04 -2.902079958366911663e-04 -9.724893795745892001e-04 8.612110800485294284e-05 -1.897264819401323120e-04 -1.231564313020441803e-04 9.878425667413064787e-05 6.405509616126225762e-06 9.253402519800436020e-05 1.238833018154724146e-04 -1.536009904674710651e-03 3.775501896560723783e-03 -2.173300252151856874e-04 1.014705255510143069e-03 -5.369808137103653120e-07 -6.147427769475090137e-10 -3.208592726824521514e-05 1.485239552813711868e-03 -1.097051209446765501e-08 3.319411238791164336e-03 3.419084813238088466e-05 2.214040974587530935e-05 -2.987756135600184911e-06 -5.254390342972583335e-04 6.308020092900712850e-05 1.463469349925349924e-05 6.111538306159869014e-05 8.772310246731039368e-06 3.444599843736452353e-07 2.624199542993949953e-04 1.268558984595941690e-05 3.763173980202498663e-07 -2.153575704306816482e-06 -2.329427275861720419e-03 -2.804859425265538090e-05 7.119225783910106825e-06 -2.414741848890688300e-06 -5.775182197873451797e-07 -2.403939686115590501e-07 -6.524268414554694275e-06
