theo_error.scale_from_amplitudes = yes
scaling_form = 1
eft_nu = 4.0
eft_C = 1.0237
eft_nu.piN = 5.0
eft_C.piN = 3.6305
residual_list.load = no
residual_list.load.prefix = N2LOsim-550-224.theo
eft_C = 1.54726140201091766
eft_C.piN = 3.64039160311222076
eft_C = 1.52448631823062897
eft_C.piN = 3.64264838397502899
eft_C = 1.52218155562877655
eft_C.piN = 3.64228241145610809
