theo_error.scale_from_amplitudes = yes
scaling_form = 1
eft_nu = 4.0
eft_C = 1.0237
eft_nu.piN = 5.0
eft_C.piN = 3.6305
residual_list.load = no
residual_list.load.prefix = N2LOsim-600-290.theo
eft_C = 1.85395590960979462
eft_C.piN = 3.65096814930438995
eft_C = 1.80744431912899017
eft_C.piN = 3.64638619124889374
eft_C = 1.80067412555217743
eft_C.piN = 3.64584527909755707
eft_C = 1.80036135017871857
eft_C.piN = 3.64588074386119843
