theo_error.scale_from_amplitudes = yes
scaling_form = 1
eft_nu = 4.0
eft_C = 1.0237
eft_nu.piN = 5.0
eft_C.piN = 3.6305
residual_list.load = no
residual_list.load.prefix = N2LOsim-475-224.theo
eft_C = 1.04544870555400848
eft_C.piN = 3.62446881830692291
eft_C = 1.02697305381298065
eft_C.piN = 3.62676344811916351
eft_C = 1.02493517100811005
eft_C.piN = 3.62620480358600616
