par.Ct_1S0np = -0.146422077106651
par.Ct_1S0pp = -0.145450455817858
par.C_1S0 = 2.51211670191203
par.Ct_3S1 = -0.157057582389212
par.C_3S1 = 0.618542697984463
par.C_3S1-3D1 = 0.533028782068824
par.C_3P0 = 1.26060830117753
par.C_1P1 = 0.433479974734329
par.C_3P1 = -0.832549565285547
par.C_3P2 = -0.648824006326999
par.Ct_1S0nn = -0.146408280845076
par.c_D = -0.194646438777864
par.c_E = -0.901235324083123
par.c1 = 0.210441346211094
par.c2 = 5.06400108412955
par.c3 = -3.52432948796130
par.c4 = 3.52308826792978
par.d1+d2 = 5.09569683387837
par.d3 = -4.71664845968303
par.d5 = -0.180909564611922
par.d14-d15 = -10.0586225853511
par.e14 = -0.836250378713167E-01
par.e15 = -9.84905680715658
par.e16 = 0.477827856830669
par.e17 = 1.34804475889999
par.e18 = 0.836384178031268
par.Ct_1S0np = -0.148131980860100
par.Ct_1S0pp = -0.147209765119098
par.C_1S0 = 2.46105436607694
par.Ct_3S1 = -0.157531559633410
par.C_3S1 = 0.567989376148709
par.C_3S1-3D1 = 0.486153685284039
par.C_3P0 = 1.30846640064639
par.C_1P1 = 0.395684735200490
par.C_3P1 = -0.782860084575090
par.C_3P2 = -0.644608916919067
par.Ct_1S0nn = -0.148170372278055
par.c_D = -0.181145917695415
par.c_E = -0.888013781150998
par.c1 = -0.100854919035735
par.c2 = 4.09796772789620
par.c3 = -3.50342377864761
par.c4 = 3.18794174065269
par.d1+d2 = 4.91430582131283
par.d3 = -4.60149630173224
par.d5 = -0.151565654779798
par.d14-d15 = -9.92802961529369
par.e14 = 0.119499798952983
par.e15 = -11.2255317024266
par.e16 = 4.14266892069246
par.e17 = 1.12983572968739
par.e18 = 2.52063847060264
par.Ct_1S0np = -0.148824187549554
par.Ct_1S0pp = -0.148009153849375
par.C_1S0 = 2.43565426864422
par.Ct_3S1 = -0.156040512824431
par.C_3S1 = 0.546018731781505
par.C_3S1-3D1 = 0.409432047397223
par.C_3P0 = 1.39291698911373
par.C_1P1 = 0.299657226077517
par.C_3P1 = -0.754318125978700
par.C_3P2 = -0.676349940477347
par.Ct_1S0nn = -0.148975946951461
par.c_D = -0.165549136058738
par.c_E = -0.917913873740996
par.c1 = -0.313776992194793
par.c2 = 3.62633246106329
par.c3 = -3.66574107266748
par.c4 = 2.65326806645079
par.d1+d2 = 4.67840741231800
par.d3 = -4.50170357700721
par.d5 = -0.808598378706449E-01
par.d14-d15 = -9.77396841900481
par.e14 = 0.428618852194728
par.e15 = -11.4925523068647
par.e16 = 5.70428107738879
par.e17 = 1.00725786455315
par.e18 = 5.05391030045319
par.Ct_1S0np = -0.148592074872496
par.Ct_1S0pp = -0.147768261435132
par.C_1S0 = 2.44586996431826
par.Ct_3S1 = -0.153849220550461
par.C_3S1 = 0.545973535053714
par.C_3S1-3D1 = 0.403094574613268
par.C_3P0 = 1.38646651703965
par.C_1P1 = 0.285243876166881
par.C_3P1 = -0.761485848175367
par.C_3P2 = -0.679803936879308
par.Ct_1S0nn = -0.148746772581514
par.c_D = -0.147387923715411
par.c_E = -0.926366382451834
par.c1 = -0.272588525801304
par.c2 = 3.77453641938421
par.c3 = -3.68660959424990
par.c4 = 2.69061872249988
par.d1+d2 = 4.70325909298808
par.d3 = -4.51977865153647
par.d5 = -0.834181483450496E-01
par.d14-d15 = -9.79354807949241
par.e14 = 0.408717930238717
par.e15 = -11.2192247112226
par.e16 = 5.10728889001747
par.e17 = 1.03717264587175
par.e18 = 4.86382791432136
par.Ct_1S0np = -0.148582173677198
par.Ct_1S0pp = -0.147757842097331
par.C_1S0 = 2.44598981709686
par.Ct_3S1 = -0.153888436979551
par.C_3S1 = 0.546132637268319
par.C_3S1-3D1 = 0.403668002111567
par.C_3P0 = 1.38601395084861
par.C_1P1 = 0.285687166981678
par.C_3P1 = -0.762181639586089
par.C_3P2 = -0.679687774989766
par.Ct_1S0nn = -0.148769012530127
par.c_D = 0.438397253769489
par.c_E = -0.955345291790695
par.c1 = -0.270706763412610
par.c2 = 3.77943376076055
par.c3 = -3.68589775074321
par.c4 = 2.69276065701379
par.d1+d2 = 4.70423493776891
par.d3 = -4.52022965278271
par.d5 = -0.836932766284689E-01
par.d14-d15 = -9.79457493852122
par.e14 = 0.407667994364671
par.e15 = -11.2163214332921
par.e16 = 5.09092655773426
par.e17 = 1.03363433403680
par.e18 = 4.85667482445310
