theo_error.scale_from_amplitudes = yes
scaling_form = 1
eft_nu = 4.0
eft_C = 1.0237
eft_nu.piN = 5.0
eft_C.piN = 3.6305
residual_list.load = no
residual_list.load.prefix = N2LOsim-550-257.theo
eft_C = 1.44878543913364410
eft_C.piN = 3.64039160311222076
eft_C = 1.45327933132648468
eft_C.piN = 3.64012338221073151
eft_C = 1.45318306982517242
eft_C.piN = 3.63993100821971893
