theo_error.scale_from_amplitudes = yes
scaling_form = 1
eft_nu = 4.0
eft_C = 1.0237
eft_nu.piN = 5.0
eft_C.piN = 3.6305
residual_list.load = no
residual_list.load.prefix = N2LOsim-600-257.theo
eft_C = 1.92794091999530792
eft_C.piN = 3.64584527909755707
eft_C = 1.93488545715808868
eft_C.piN = 3.64799924194812775
eft_C = 1.93483076989650726
eft_C.piN = 3.64791639149188995
