par.Ct_1S0np = -0.146686810750384
par.Ct_1S0pp = -0.145822697137079
par.C_1S0 = 2.54541562805876
par.Ct_3S1 = -0.163879572409618
par.C_3S1 = 0.681165441953934
par.C_3S1-3D1 = 0.570841447545095
par.C_3P0 = 1.17012304766326
par.C_1P1 = 0.473537265139746
par.C_3P1 = -0.930997744859645
par.C_3P2 = -0.661291455510103
par.Ct_1S0nn = -0.146526414576840
par.c_D = -0.215668358556211
par.c_E = -0.572040558614917
par.c1 = 0.283085826098583
par.c2 = 5.34234738164590
par.c3 = -3.57766351574336
par.c4 = 3.77589661917270
par.d1+d2 = 5.24295274566640
par.d3 = -4.80236180378402
par.d5 = -0.210981206551550
par.d14-d15 = -10.1750548611987
par.e14 = -0.198283119588036
par.e15 = -9.11036522955932
par.e16 = -0.746367669154363
par.e17 = 1.47558930950708
par.e18 = -0.412954169307154
par.Ct_1S0np = -0.150314204588573
par.Ct_1S0pp = -0.149589562335552
par.C_1S0 = 2.44775489844854
par.Ct_3S1 = -0.161256568209235
par.C_3S1 = 0.580098636800000
par.C_3S1-3D1 = 0.392722628829852
par.C_3P0 = 1.23337508438667
par.C_1P1 = 0.271130070646900
par.C_3P1 = -0.825824768631543
par.C_3P2 = -0.693059630266936
par.Ct_1S0nn = -0.150361027921534
par.c_D = -0.139435369463052
par.c_E = -0.496883788471595
par.c1 = -0.490247174596399
par.c2 = 3.19685108882338
par.c3 = -3.76432286949850
par.c4 = 2.66762740727331
par.d1+d2 = 4.71387294531510
par.d3 = -4.52365994543139
par.d5 = -0.888374808293636E-01
par.d14-d15 = -9.82112388772812
par.e14 = 0.467232404071850
par.e15 = -11.4788077498979
par.e16 = 7.02373097366610
par.e17 = 1.01791442965040
par.e18 = 4.97254084214183
par.Ct_1S0np = -0.149959360148281
par.Ct_1S0pp = -0.149219809198176
par.C_1S0 = 2.44315092996695
par.Ct_3S1 = -0.161115539842726
par.C_3S1 = 0.570402498443743
par.C_3S1-3D1 = 0.395375708368074
par.C_3P0 = 1.21998435644519
par.C_1P1 = 0.268283420094434
par.C_3P1 = -0.841315054287452
par.C_3P2 = -0.689360084984085
par.Ct_1S0nn = -0.149990202844312
par.c_D = -0.104080907963482
par.c_E = -0.490849800840354
par.c1 = -0.426185521972233
par.c2 = 3.35670953924549
par.c3 = -3.73087821481939
par.c4 = 2.65057979959091
par.d1+d2 = 4.69506967660273
par.d3 = -4.51338993143794
par.d5 = -0.838686426437414E-01
par.d14-d15 = -9.79657897105642
par.e14 = 0.461294662839572
par.e15 = -11.4853706697672
par.e16 = 6.52931305740085
par.e17 = 1.00943978097728
par.e18 = 5.06268102631565
par.Ct_1S0np = -0.149917809796204
par.Ct_1S0pp = -0.149177280669463
par.C_1S0 = 2.44164743471464
par.Ct_3S1 = -0.161620340647362
par.C_3S1 = 0.570509444556632
par.C_3S1-3D1 = 0.399181277957672
par.C_3P0 = 1.21911696520954
par.C_1P1 = 0.272425571292035
par.C_3P1 = -0.843477482288350
par.C_3P2 = -0.688378013573071
par.Ct_1S0nn = -0.149945187196202
par.c_D = -0.968693058617186E-01
par.c_E = -0.489597270042712
par.c1 = -0.418787372231881
par.c2 = 3.37056221301619
par.c3 = -3.72293366646647
par.c4 = 2.64903839395291
par.d1+d2 = 4.69190835188119
par.d3 = -4.51030983145415
par.d5 = -0.839502611920891E-01
par.d14-d15 = -9.79351901923346
par.e14 = 0.459752341936997
par.e15 = -11.5082285310518
par.e16 = 6.49827207132076
par.e17 = 1.00390006536856
par.e18 = 5.07348863038108
par.Ct_1S0np = -0.149918621208234
par.Ct_1S0pp = -0.149178015226913
par.C_1S0 = 2.44146462888693
par.Ct_3S1 = -0.161635015505316
par.C_3S1 = 0.570350703896861
par.C_3S1-3D1 = 0.399349535327386
par.C_3P0 = 1.21917705667463
par.C_1P1 = 0.272698208595508
par.C_3P1 = -0.843606992406086
par.C_3P2 = -0.688209074317154
par.Ct_1S0nn = -0.149961168766286
par.c_D = 0.213041967003233
par.c_E = -0.461704692925466
par.c1 = -0.418721357554595
par.c2 = 3.36963107510166
par.c3 = -3.72191281812647
par.c4 = 2.64955180587017
par.d1+d2 = 4.69188683627900
par.d3 = -4.51008641374227
par.d5 = -0.840770150428747E-01
par.d14-d15 = -9.79339752785426
par.e14 = 0.459112482124965
par.e15 = -11.5126604545723
par.e16 = 6.50353276551490
par.e17 = 1.00410526582732
par.e18 = 5.07093839620811
