3.991075053226492192e-06 3.988341857569974509e-06 9.185101544127460035e-05 3.967289058266999206e-06 9.197790535474208010e-05 2.120815632851965265e-06 -5.914253265849404433e-05 -5.801387734990139658e-05 -6.110894180390890663e-05 -5.995201072972939266e-05 3.981262145845885756e-06 6.879183867297003290e-05 1.668289886923136705e-05 5.919098533144505131e-04 2.077911944405335613e-03 -2.627155233801454375e-04 1.708352359683730016e-05 7.991916489671687805e-05 -1.353977081776061749e-04 4.352832196500419155e-05 -6.883549275940568121e-05 -6.143028202435071774e-05 3.246421618075636447e-03 -8.073280279594618677e-03 3.905969336910227168e-04 -3.375038480697780969e-04 1.450636397459228155e-06 2.486089145980166489e-11 -9.302449630456786984e-06 -2.016370395492440550e-06 -1.901091598688198866e-09 -4.726715576510939505e-05 1.565474981336655243e-09 -4.848246041790847827e-08 -6.939753667150010741e-08 -1.692271927598690088e-06 -9.388130973026629360e-09 3.664080733762771893e-07 -1.171503661501492335e-07 4.645956929061903183e-07 2.736039617059440293e-10 -2.552663605707186601e-05 1.196201718711050876e-06 2.137698223808382725e-07 -9.657014090677821713e-07 4.926298637059763878e-06 -8.198442232092421063e-07 -1.784335966485545619e-05 -1.255882848001013000e-06 1.536026712049137554e-06 2.991452759768398874e-07 1.459705999050120834e-05
3.988341857569974509e-06 3.986854598034388425e-06 9.191350635575212672e-05 3.969366500587952340e-06 9.198824026859163091e-05 2.156776326705669217e-06 -5.912187330377984202e-05 -5.797847390924585037e-05 -6.110820463104679268e-05 -5.994544230406752684e-05 3.979748643035114326e-06 6.864991153982493073e-05 1.661630237537196211e-05 5.918547705722317304e-04 2.077782017493051085e-03 -2.627484988105185915e-04 1.750842186881513884e-05 8.015169415401723809e-05 -1.355106625742540159e-04 4.346556835274766219e-05 -6.901547470965011791e-05 -6.160329278192064198e-05 3.246817683730517014e-03 -8.073062372228861222e-03 3.907368714896083776e-04 -3.395569487310006341e-04 1.447980662146574068e-06 2.300459409867848584e-11 -9.151398613735358542e-06 -1.345670554389179455e-06 -1.968699883272000096e-09 -4.918291875501467828e-05 1.441513612482653022e-09 -5.190049107931430158e-08 -6.924008288987465243e-08 -1.619453111824649858e-06 -9.318505721620451651e-09 3.636829801489808615e-07 -1.171650680243989552e-07 4.647469148532387389e-07 2.735202464558418672e-10 -2.562388779883623878e-05 1.188567062369237429e-06 2.101595551580693687e-07 -9.428600673506096927e-07 1.153548821490504935e-06 -8.361505053531119009e-07 -1.769383249303379315e-05 -1.227726101511829228e-06 1.535809749588181454e-06 2.993777187942788934e-07 1.459554820090055759e-05
9.185101544127460035e-05 9.191350635575212672e-05 2.233821475583718224e-03 9.234452252605371172e-05 2.226004021200606118e-03 1.206008311617670203e-04 -1.336495070015678629e-03 -1.281791880260191134e-03 -1.444835425296865867e-03 -1.397970510154622654e-03 9.175302933476316191e-05 1.403052905775853745e-03 2.970768960287896443e-04 1.375085105762565395e-02 4.842625047724585102e-02 -6.243066746901351771e-03 1.118027134890243893e-03 2.274175374421547827e-03 -3.371675890854203533e-03 9.139228682484810962e-04 -1.928217244912254621e-03 -1.721510775351847277e-03 7.683073002268994700e-02 -1.887172258865313368e-01 9.400234726269234356e-03 -1.138514383716042293e-02 1.279861714906828611e-05 2.650043448127697720e-10 -1.407293581466999874e-04 -3.881831928830536927e-05 6.421959859820527260e-09 -2.694230295245675713e-03 2.721836099100841294e-08 -1.039677927782254674e-06 -1.645649066092197917e-06 8.396604190845445136e-06 -1.659897315989919446e-07 6.559174817082219206e-06 -2.658071790342134778e-06 1.063082611216161875e-05 6.132856723647775227e-09 -9.291495835628929860e-04 1.275514405814830828e-05 1.805894127597918779e-07 -2.518045301651962292e-06 -4.825441905669434985e-05 2.024331053385710141e-07 -2.895861294271044389e-04 -5.240733496250677734e-06 3.565259334066176291e-05 7.409476657488430837e-06 3.391039589771730031e-04
3.967289058266999206e-06 3.969366500587952340e-06 9.234452252605371172e-05 4.529694746835606700e-06 8.853729390452244662e-05 -2.854593664541933000e-06 -5.993230244638379594e-05 -6.229258433463038462e-05 -6.099433805607105735e-05 -6.054719853193973661e-05 3.960669080200073106e-06 7.116939717168308378e-05 1.987738333050081832e-05 5.894582217567314198e-04 2.074402147227474499e-03 -2.663446938349884967e-04 1.118078401188195387e-05 7.782401730038153778e-05 -1.349104001281816129e-04 4.440358669997648551e-05 -6.779279782618221240e-05 -5.772647716117572034e-05 3.253233008943927536e-03 -8.066319434981705783e-03 3.901818263880629844e-04 -3.101454437408853512e-04 1.110801593053334464e-06 -1.108026465451777752e-11 -6.851953969080009031e-06 -1.147791550073644406e-05 6.757209206272318089e-09 -1.708442716641084920e-04 8.051210188432906094e-09 -2.278003688826337154e-07 4.993637248076390880e-07 2.955644914063446029e-05 -5.864915089475067352e-09 2.208935165514457494e-07 -1.210112363453631589e-07 4.834414019882993483e-07 2.664470443386550528e-10 -1.855340955566406466e-05 1.385662014298127627e-06 1.468774400882550960e-07 -6.907495418772547029e-07 -6.481665816757564041e-06 -6.452668239287503682e-07 -1.927996570450754739e-05 -9.767729480267499664e-07 1.542755881088171702e-06 2.968991612735920578e-07 1.457143540996413606e-05
9.197790535474208010e-05 9.198824026859163091e-05 2.226004021200606118e-03 8.853729390452244662e-05 2.251047213202191088e-03 1.486064674016298714e-04 -1.328425047583762933e-03 -1.252774890387997392e-03 -1.443799063500000564e-03 -1.392610447100375458e-03 9.183882087344262177e-05 1.392149499128445683e-03 2.781468331971661038e-04 1.374602339906356475e-02 4.838057949387638418e-02 -6.214324488804527473e-03 1.156257904226437594e-03 2.286353641209286705e-03 -3.371531670022779106e-03 9.068269438443413415e-04 -1.934084434296424971e-03 -1.742893363369019469e-03 7.669500371091482471e-02 -1.885044060313327274e-01 9.392049612314471232e-03 -1.155524319444056064e-02 1.656079360585548411e-05 6.640115053292600176e-10 -1.639235588830665713e-04 6.130539496165574400e-05 -2.742390921622608617e-08 -1.753952193764059730e-03 -4.556484601891418145e-08 1.082458701964101178e-06 -4.572030121255702214e-06 -1.642011408266189976e-04 -2.131715366081368425e-07 8.486795853794768359e-06 -2.771779743972214440e-06 1.105838629332452713e-05 6.472481098078452309e-09 -9.604978868283503817e-04 1.282553018641491092e-05 9.631198252197548216e-07 -5.671791428088721076e-06 5.766229506823786005e-05 -2.187846289149284612e-06 -2.955850677215878962e-04 -8.940688015467839215e-06 3.556367447808601076e-05 7.415720536010442175e-06 3.387821132599957118e-04
2.120815632851965265e-06 2.156776326705669217e-06 1.206008311617670203e-04 -2.854593664541933000e-06 1.486064674016298714e-04 1.422971020019396060e-04 4.097545253859252972e-05 1.188049673053587739e-04 -5.516854894847329121e-05 -7.872599716674719389e-06 2.205702891714675066e-06 -2.743933624162256651e-04 -1.594652189474684645e-04 4.268568244292432240e-04 1.403110420702126729e-03 -9.908095670515520829e-05 9.291128529888863967e-04 5.145160183319591246e-04 -2.979681699266418940e-04 -1.046234285843709324e-04 -3.807057386061696151e-04 -4.675654630555451611e-04 2.683833724827994986e-03 -5.656357348725618572e-03 5.202256082196990254e-04 -4.625468238932519370e-03 -5.320447496713076641e-06 1.184590469982478418e-09 -4.313484648401303540e-06 3.197191359851411769e-05 -1.271081088719027846e-07 -1.370757297845512585e-03 -5.294212582927186610e-09 3.520401480698888228e-08 -7.029437151854115592e-06 -3.040254862322197744e-04 1.032929689971673007e-07 -3.993184390586143904e-06 1.001429798935000862e-06 -3.975823151142498818e-06 -1.984002500181273886e-09 -5.354202513701302162e-04 -2.691833912589527888e-05 -1.858399390476704824e-06 7.698276166983385551e-06 -3.847599778748053478e-05 7.637676362198803889e-06 1.451816809469522315e-04 1.098985404450030103e-05 4.792266121935826857e-07 6.760688041096574089e-07 8.924847268762810368e-06
-5.914253265849404433e-05 -5.912187330377984202e-05 -1.336495070015678629e-03 -5.993230244638379594e-05 -1.328425047583762933e-03 4.097545253859252972e-05 9.555022534656323809e-04 9.555417571611901553e-04 8.959101267159810030e-04 9.155551075389907045e-04 -5.897418885171996927e-05 -1.240285149694806506e-03 -3.558758344754002012e-04 -8.724224730158144925e-03 -3.075133678499001808e-02 3.988840618746635966e-03 3.421743884147261574e-04 -8.979523021829915585e-04 1.884757317177458268e-03 -7.323585005330975105e-04 8.189947277140009014e-04 6.205891427878218805e-04 -4.794202941818691971e-02 1.194568767681904453e-01 -5.640650989369496576e-03 2.162312466424235607e-03 -1.933094041771210678e-05 2.333237551647255066e-09 1.596704068757787229e-04 5.031258031445941161e-06 1.314010330683964683e-07 -8.165871967810733358e-04 -4.829780512255725088e-09 1.854667639097557267e-07 -1.033781767819010755e-06 -3.619610432861664528e-05 2.393258525790793163e-07 -9.373455674050124926e-06 2.694095832320697988e-06 -1.070015486067486567e-05 -6.040684561117015099e-09 4.776902164062583802e-05 -3.761420175101749959e-05 -3.249475436120097644e-06 1.458897468796653381e-05 -4.099893766837326076e-05 1.252391445859385331e-05 3.444380672326132734e-04 2.018638785008958913e-05 -2.317437414863948470e-05 -4.137835714906012874e-06 -2.165311156232857981e-04
-5.801387734990139658e-05 -5.797847390924585037e-05 -1.281791880260191134e-03 -6.229258433463038462e-05 -1.252774890387997392e-03 1.188049673053587739e-04 9.555417571611901553e-04 1.148846742064590356e-03 8.778098935053355945e-04 9.205537776650617480e-04 -5.781029837472833704e-05 -1.389883864575680757e-03 -4.376399511190489462e-04 -8.464050366877239398e-03 -2.997359054994205851e-02 3.999688189471506568e-03 8.194958016693467372e-04 -6.507557951434014658e-04 1.748619081251382660e-03 -7.866024590369258360e-04 6.451278392725951112e-04 3.620657672186175860e-04 -4.677284272235093104e-02 1.164842373887794297e-01 -5.399260521848898639e-03 -1.946502223028091783e-04 -2.198833550551822108e-05 9.488284112700728304e-10 1.326504487606151471e-04 5.555859922327237332e-05 -1.902051624745614122e-07 2.298114498010253668e-03 -3.794451820571791104e-08 1.183490922634498697e-06 -5.133150641197059071e-06 -2.281360748374893811e-04 2.612288042388607697e-07 -1.014384585006834144e-05 3.095201048012985034e-06 -1.231367834856800353e-05 -6.773562214832653058e-09 -2.944841005037098685e-04 -5.262736105575804130e-05 -4.284421004552538618e-06 1.880403250263059002e-05 1.762388542746713498e-05 1.804466084173028125e-05 4.355440198557022089e-04 2.676158827797145475e-05 -2.299691631860732697e-05 -3.807553672625171570e-06 -2.114118619800005056e-04
-6.110894180390890663e-05 -6.110820463104679268e-05 -1.444835425296865867e-03 -6.099433805607105735e-05 -1.443799063500000564e-03 -5.516854894847329121e-05 8.959101267159810030e-04 8.778098935053355945e-04 9.645825810449833561e-04 9.267289578020507061e-04 -6.100286388104574206e-05 -1.003304873215647795e-03 -2.279109595519800331e-04 -9.089863434976790807e-03 -3.198462890622849608e-02 4.102627556275515418e-03 -4.779425244871949663e-04 -1.359397804126029905e-03 2.155478048495250518e-03 -6.405799541532637307e-04 1.164050270724178559e-03 1.026575638106186870e-03 -5.041959843287364268e-02 1.244897815122770340e-01 -6.113136607947440571e-03 6.254816042891235550e-03 -1.541657422536576652e-05 -1.250649432158713885e-09 2.153343024200071363e-04 2.648003169975322876e-05 1.827795529576127567e-08 1.650995744316588552e-03 -2.566458098613431944e-08 9.217381711048271859e-07 1.279346480596961525e-06 2.027396787224025382e-05 1.235035957141674438e-07 -4.833078090149575302e-06 1.750359704128738152e-06 -6.970512738543934753e-06 -4.065656801803003527e-09 4.693661239648210253e-04 -1.451955012234979833e-05 -1.882637831645603108e-06 9.024915907632819989e-06 7.996611061946794807e-06 7.527872281336633013e-06 2.411928842185225832e-04 1.248720238321075315e-05 -2.363696913218587064e-05 -4.743643904490481004e-06 -2.243198787186100062e-04
-5.995201072972939266e-05 -5.994544230406752684e-05 -1.397970510154622654e-03 -6.054719853193973661e-05 -1.392610447100375458e-03 -7.872599716674719389e-06 9.155551075389907045e-04 9.205537776650617480e-04 9.267289578020507061e-04 9.241348931862474695e-04 -5.981829270880820301e-05 -1.118691244760341335e-03 -2.919482001421301273e-04 -8.880704117422781249e-03 -3.131694710926705150e-02 4.072180877708257533e-03 -1.003999662634795878e-04 -1.153122350721377636e-03 2.034839848998449326e-03 -6.814984606516870424e-04 1.013957885627178156e-03 8.286441837059709166e-04 -4.927312900375161592e-02 1.218622550271600408e-01 -5.895368207990268894e-03 4.371746705142799325e-03 -1.558074566697454022e-05 2.159265739886656069e-10 1.162624807803776196e-04 1.288741521840060211e-05 -5.707812727122537677e-08 3.297573860928109009e-04 -1.043619059470342803e-08 4.060158568400938230e-07 -2.461676309818119487e-07 -2.807550949215142162e-05 1.842253152832450132e-07 -7.225972437961900572e-06 2.289065170183105969e-06 -9.112598654326040974e-06 -5.177244030496791610e-09 2.605928783788014720e-04 -2.617244716496805777e-05 -2.149593465035793961e-06 1.004283767167436504e-05 -1.333726539054650502e-05 8.296404597056141703e-06 2.891027389291665100e-04 1.442535848796518543e-05 -2.340542656731126926e-05 -4.463346349612931250e-06 -2.199642040078939758e-04
3.981262145845885756e-06 3.979748643035114326e-06 9.175302933476316191e-05 3.960669080200073106e-06 9.183882087344262177e-05 2.205702891714675066e-06 -5.897418885171996927e-05 -5.781029837472833704e-05 -6.100286388104574206e-05 -5.981829270880820301e-05 4.082864920122998633e-06 6.804546658521400408e-05 1.792276850311692648e-05 5.908025281367788569e-04 2.074003628441796476e-03 -2.622026278889022293e-04 1.782793119905063924e-05 8.017175400243704039e-05 -1.353319862157782141e-04 4.333424257555769924e-05 -6.900501457288254049e-05 -6.166372271045872096e-05 3.240937052910728040e-03 -8.058375016609491126e-03 3.901044193533347764e-04 -3.406088089055423233e-04 1.450860794679199964e-06 2.431138326472013784e-11 -9.183551411958328496e-06 -1.365856732312729521e-06 -2.006150383047642517e-09 -5.007268454765079403e-05 1.497863994708999047e-09 -5.277483493015034594e-08 -7.183978685549091999e-08 -1.724978741177775981e-06 7.599555787421469057e-06 6.639744470941060690e-07 -3.742327840434707394e-06 4.935025149612708838e-08 1.127827736462649053e-09 -3.308116322532949672e-05 8.524639655074098276e-07 2.106690780720844993e-07 -9.446213132152022157e-07 1.140961691742041321e-06 -8.388727024248782921e-07 2.257481098498324986e-04 3.238455992053996678e-06 1.532741940843569901e-06 2.990010377802714717e-07 1.456872372909056132e-05
6.879183867297003290e-05 6.864991153982493073e-05 1.403052905775853745e-03 7.116939717168308378e-05 1.392149499128445683e-03 -2.743933624162256651e-04 -1.240285149694806506e-03 -1.389883864575680757e-03 -1.003304873215647795e-03 -1.118691244760341335e-03 6.804546658521400408e-05 2.578894169616084611e-03 8.117524065676672311e-04 9.877651680935000539e-03 3.506180686217856557e-02 -4.747132150763451464e-03 -2.326747362852638664e-03 6.116723609935273420e-05 -1.723115576902538651e-03 1.118726307390138959e-03 -2.398962606924950110e-04 1.999772938349343027e-04 5.377087043598575977e-02 -1.358447149300038015e-01 5.907894791492677294e-03 6.803038696322882134e-03 3.637133814774500847e-05 -3.178243809648703210e-09 -1.781394131065406846e-04 7.886234939822697634e-05 2.208307793310606764e-07 5.880399345095457982e-03 -6.360766544188447437e-08 2.115375318589093353e-06 6.876709259862158810e-06 1.814048004124397509e-04 -1.545592844914361346e-05 2.359450218931495840e-05 1.197116918056826789e-05 2.529832293614852286e-05 -2.419357347944118129e-05 1.226768057364168579e-03 1.136584876978555855e-04 8.256615157128754614e-06 -3.567452618083540494e-05 2.006529173784684403e-04 -3.268558128676580859e-05 -1.464833606920004725e-03 -6.337972171827251089e-05 2.765496488790055582e-05 3.729556485705333077e-06 2.487835813996333318e-04
1.668289886923136705e-05 1.661630237537196211e-05 2.970768960287896443e-04 1.987738333050081832e-05 2.781468331971661038e-04 -1.594652189474684645e-04 -3.558758344754002012e-04 -4.376399511190489462e-04 -2.279109595519800331e-04 -2.919482001421301273e-04 1.792276850311692648e-05 8.117524065676672311e-04 3.706090866147487275e-04 2.328993413458183177e-03 8.352153963111150908e-03 -1.199589583942674634e-03 -1.220586100036347545e-03 -3.165821040391695175e-04 -2.640226298543712829e-04 3.641166666326564605e-04 1.815219003890328892e-04 3.599560458898032767e-04 1.250324538715668135e-02 -3.223770156558070088e-02 1.227367240548640076e-03 4.809456813868669654e-03 1.140636746251905384e-05 -1.865768304795650879e-09 -1.664794080193026873e-05 -2.325021444527423746e-06 1.436623743493773603e-07 2.898461862043873530e-03 2.160559449061964594e-08 8.648911911586408967e-07 5.669593343912837234e-06 2.045404288711750540e-04 -2.654469031763923932e-06 4.855426116402784920e-06 -1.434371539026885016e-04 -6.870197862111074782e-06 -4.114230458431335100e-06 -7.986931727592394819e-05 2.740803194133499277e-05 2.909276754962364099e-06 -1.216047380250294394e-05 1.498150004963561856e-04 -1.027216791388203029e-05 2.849933126312969439e-03 3.983185854776291775e-05 7.012094276780864585e-06 5.484736239747405818e-07 5.991689493478993041e-05
5.919098533144505131e-04 5.918547705722317304e-04 1.375085105762565395e-02 5.894582217567314198e-04 1.374602339906356475e-02 4.268568244292432240e-04 -8.724224730158144925e-03 -8.464050366877239398e-03 -9.089863434976790807e-03 -8.880704117422781249e-03 5.908025281367788569e-04 9.877651680935000539e-03 2.328993413458183177e-03 8.809240796966716358e-02 3.091288803569503529e-01 -3.898467451472984596e-02 3.553817349479458307e-03 1.239404339014676774e-02 -2.036702248749849495e-02 6.327484680147613116e-03 -1.060495766323663394e-02 -9.612138404526616303e-03 4.834538037160544532e-01 -1.201251124532502601e+00 5.838488585012620302e-02 -5.505683323851068289e-02 1.917710954550481939e-04 2.357184543382110619e-09 -1.211876823804750080e-03 -2.346289674273141111e-04 -4.534305828140636172e-07 -8.921550875245272405e-03 2.281732152718192257e-07 -8.243067226251748591e-06 -1.221790322345046810e-05 -2.701039461838335935e-04 -1.281579417399162286e-06 5.007948803862749526e-05 -1.689815204133346865e-05 6.709356141676670266e-05 3.954033790949855687e-08 -4.426572597459931500e-03 1.480984345248232586e-04 2.571053529603705248e-05 -1.189719005339882099e-04 4.596215472200370749e-05 -1.020531653702167271e-04 -2.434994367300467172e-03 -1.549619871742460842e-04 2.278768802002485011e-04 4.502190856262328365e-05 2.170586913163761143e-03
2.077911944405335613e-03 2.077782017493051085e-03 4.842625047724585102e-02 2.074402147227474499e-03 4.838057949387638418e-02 1.403110420702126729e-03 -3.075133678499001808e-02 -2.997359054994205851e-02 -3.198462890622849608e-02 -3.131694710926705150e-02 2.074003628441796476e-03 3.506180686217856557e-02 8.352153963111150908e-03 3.091288803569503529e-01 1.100944348801123907e+00 -1.377056219094803802e-01 1.200853843142227727e-02 4.084007243621554095e-02 -6.418919292945322874e-02 1.903478478565303472e-02 -3.901162113979031454e-02 2.728123600036128082e-02 1.588573715693096799e+00 -4.246133088022134849e+00 1.357978850131407733e-01 -1.479256651947957746e-01 6.350938670193127756e-04 6.360695359888543385e-09 -4.210746031386271640e-03 -7.739605061959243387e-04 -1.025201031893709945e-06 -3.052852749838600235e-02 7.303356757499202442e-07 -2.658011725607565420e-05 -3.538169391948157386e-05 -6.103759440289544241e-04 -4.707514301851324363e-06 1.841671272921699149e-04 -6.199594012978981825e-05 2.463616808841281132e-04 1.441262478845548647e-07 -1.494781385458306480e-02 5.593361776925271549e-04 8.359446372364787311e-05 -3.891064780413657268e-04 1.445520513924913311e-04 -3.297192573183659612e-04 -8.642369064980276808e-03 -5.157679736197762557e-04 7.122751450568089648e-04 1.689964420770097438e-04 9.008037580693992880e-03
-2.627155233801454375e-04 -2.627484988105185915e-04 -6.243066746901351771e-03 -2.663446938349884967e-04 -6.214324488804527473e-03 -9.908095670515520829e-05 3.988840618746635966e-03 3.999688189471506568e-03 4.102627556275515418e-03 4.072180877708257533e-03 -2.622026278889022293e-04 -4.747132150763451464e-03 -1.199589583942674634e-03 -3.898467451472984596e-02 -1.377056219094803802e-01 1.808648100762861796e-02 -1.125354833177552626e-03 -5.479785978834380775e-03 9.172571111550642878e-03 -2.902851270447357780e-03 4.788754180786664386e-03 3.902907494854734177e-03 -2.180608812690333909e-01 5.365345923896203129e-01 -2.624017352816997856e-02 2.259194912291540708e-02 -5.013763247728760241e-05 7.419686423490350657e-10 4.981450574040965267e-04 5.796145388160967450e-05 -3.224892325562727858e-07 3.180203376396740535e-03 -3.584319414392701887e-08 1.475202382801021733e-06 -1.552365557034230772e-06 -1.927124695645037562e-04 7.637931728853141820e-07 -3.004368387322023308e-05 9.988183346993776193e-06 -3.984970787992597231e-05 -2.250025402823887860e-08 1.407654591245744140e-03 -1.027058541425887974e-04 -5.320409017893452803e-06 2.670177313240970331e-05 -6.112258959311984048e-06 1.919455242436960473e-05 1.170869117723588202e-03 4.304400572154520947e-05 -1.028861428111669353e-04 -2.006590034592255049e-05 -9.660596266443242279e-04
1.708352359683730016e-05 1.750842186881513884e-05 1.118027134890243893e-03 1.118078401188195387e-05 1.156257904226437594e-03 9.291128529888863967e-04 3.421743884147261574e-04 8.194958016693467372e-04 -4.779425244871949663e-04 -1.003999662634795878e-04 1.782793119905063924e-05 -2.326747362852638664e-03 -1.220586100036347545e-03 3.553817349479458307e-03 1.200853843142227727e-02 -1.125354833177552626e-03 8.166285072498672554e-03 4.592931554587203168e-03 -2.686485958222740479e-03 -9.192200267715386515e-04 -3.436820135475183308e-03 -4.029025120432879262e-03 2.436295547598515618e-02 -4.911911600529169503e-02 4.668474981251992569e-03 -4.072776905372112177e-02 -6.867008336826856520e-05 8.587429127809313106e-09 1.425334753070838379e-04 -1.283872754253588869e-04 -4.074920344199657359e-07 -1.951984217480067646e-02 9.500771883813548379e-08 -3.539245495250542924e-06 -1.845593022978902649e-05 -3.614742413459013553e-04 9.679102284937608327e-07 -3.763654534062560003e-05 7.392866063306424555e-06 -2.908117501837976143e-05 -1.549798886199409717e-08 -4.401763450293835582e-03 -2.238248072994359500e-04 -2.085125355545159893e-05 8.662338109891151629e-05 -4.649573365750553702e-04 8.564578952105919107e-05 1.138554489958673848e-03 1.145789929934716556e-04 4.447217532372474297e-06 6.004065525598264475e-06 7.559161489739400406e-05
7.991916489671687805e-05 8.015169415401723809e-05 2.274175374421547827e-03 7.782401730038153778e-05 2.286353641209286705e-03 5.145160183319591246e-04 -8.979523021829915585e-04 -6.507557951434014658e-04 -1.359397804126029905e-03 -1.153122350721377636e-03 8.017175400243704039e-05 6.116723609935273420e-05 -3.165821040391695175e-04 1.239404339014676774e-02 4.084007243621554095e-02 -5.479785978834380775e-03 4.592931554587203168e-03 9.065672912976566189e-03 -1.053363549593391846e-02 1.415979228964308603e-03 -2.163404951029359279e-03 -1.706889767956442164e-02 9.450115919006231435e-02 -1.664382085997535010e-01 -1.469374856894096332e-03 -9.103062999096807328e-03 -2.274924474986056455e-05 4.302391570792534806e-09 -5.938186025453150873e-05 -8.285914275924966704e-05 -1.240770742656731118e-07 -1.111257392427269369e-02 5.923462857727759814e-08 -2.245864571118751352e-06 -9.240141289465146461e-06 -1.361426097503005018e-04 3.013055234479125065e-07 -1.162180774688335985e-05 1.173854594632446608e-06 -4.464900010209064726e-06 -2.040640732318933682e-09 -2.690190282763708571e-03 -8.968192464049089350e-05 -9.556074581371521237e-06 3.846197400471350889e-05 -2.427803484421731215e-04 3.997538799397013236e-05 2.816600157485067571e-04 4.873849405836434910e-05 8.461514271629512344e-05 -1.863262312267264912e-05 2.370142915273322948e-05
-1.353977081776061749e-04 -1.355106625742540159e-04 -3.371675890854203533e-03 -1.349104001281816129e-04 -3.371531670022779106e-03 -2.979681699266418940e-04 1.884757317177458268e-03 1.748619081251382660e-03 2.155478048495250518e-03 2.034839848998449326e-03 -1.353319862157782141e-04 -1.723115576902538651e-03 -2.640226298543712829e-04 -2.036702248749849495e-02 -6.418919292945322874e-02 9.172571111550642878e-03 -2.686485958222740479e-03 -1.053363549593391846e-02 5.000874240670281912e-02 -2.814532013233895374e-02 8.282872643816344138e-03 4.097674539529960053e-02 -1.792299640199513933e-01 2.683305911926298082e-01 -6.386434105625272972e-02 4.487020910656999706e-02 -1.389150669241655644e-05 -2.092179836067272159e-09 2.198024820405406832e-04 6.912059734189732955e-05 3.214049905739640059e-08 6.613931180187989506e-03 -5.306184491369705295e-08 2.002404827345660935e-06 5.061631886122501929e-06 4.870060219466605862e-05 1.047865373819539022e-07 -4.205490452364565838e-06 2.700214573193873376e-06 -1.085171782882859271e-05 -6.486021142621574019e-09 1.902305954735611284e-03 1.125039509283948279e-05 1.511550724002397565e-06 -3.845495430094821536e-06 1.109776062576893463e-04 -7.347612350036082627e-06 2.834061134195392127e-04 -2.758512816972022658e-06 -7.804442374454477818e-04 2.514485372108091850e-05 1.225761272126820118e-03
4.352832196500419155e-05 4.346556835274766219e-05 9.139228682484810962e-04 4.440358669997648551e-05 9.068269438443413415e-04 -1.046234285843709324e-04 -7.323585005330975105e-04 -7.866024590369258360e-04 -6.405799541532637307e-04 -6.814984606516870424e-04 4.333424257555769924e-05 1.118726307390138959e-03 3.641166666326564605e-04 6.327484680147613116e-03 1.903478478565303472e-02 -2.902851270447357780e-03 -9.192200267715386515e-04 1.415979228964308603e-03 -2.814532013233895374e-02 1.902604882646801235e-02 -3.530529358344858259e-03 -1.423571196512061002e-02 5.765809185530462733e-02 -7.906062556115947548e-02 4.037475942563040210e-02 -2.313895319601062470e-02 2.316825639616929602e-05 -1.134153757060251240e-09 -1.128251653270090458e-04 2.359205485279232558e-06 4.744656355326965666e-08 2.150223342067856397e-03 1.055579144396705338e-09 -3.103497149137875521e-08 2.025780028559380262e-06 4.536901275322834277e-05 -2.477377236824232301e-07 9.663028978979401688e-06 -2.490442642476923814e-06 9.857925392202649122e-06 5.528407326047772637e-09 3.147959833578979150e-04 4.539706145099464874e-05 4.716597871951155619e-06 -2.050250562373180551e-05 6.978864997845182880e-05 -1.904757894736352911e-05 -3.570720172199809742e-04 -2.733631978425724485e-05 5.168993467988094222e-04 -1.266076949128675406e-05 -8.180199367938550698e-04
-6.883549275940568121e-05 -6.901547470965011791e-05 -1.928217244912254621e-03 -6.779279782618221240e-05 -1.934084434296424971e-03 -3.807057386061696151e-04 8.189947277140009014e-04 6.451278392725951112e-04 1.164050270724178559e-03 1.013957885627178156e-03 -6.900501457288254049e-05 -2.398962606924950110e-04 1.815219003890328892e-04 -1.060495766323663394e-02 -3.901162113979031454e-02 4.788754180786664386e-03 -3.436820135475183308e-03 -2.163404951029359279e-03 8.282872643816344138e-03 -3.530529358344858259e-03 7.327241566479988921e-02 -2.971998547738351204e-03 -4.877368542556741876e-02 1.473514567955379051e-01 -1.626559803664235360e-01 1.829313064001697742e-01 1.826175573966014600e-05 -3.041878482270483909e-09 5.820101223678352041e-05 6.007388892847679288e-05 3.732604012576418203e-08 8.357734425565976899e-03 -4.000440322826860120e-08 1.545967445397666790e-06 6.268568899559815455e-06 6.872339114656061542e-05 -1.826210105245753801e-07 6.998818429906417215e-06 -3.236030545735929506e-07 1.115437861209685929e-06 3.327782957659544789e-10 2.013997361289631034e-03 6.043052046579320082e-05 7.483257953419334077e-06 -3.007180851067809600e-05 1.826490325425812657e-04 -3.146229351309792543e-05 -1.628063979544910693e-04 -3.716711397603965740e-05 -4.904966981987449008e-06 -1.938053051649039178e-04 -1.284714981872130644e-04
-6.143028202435071774e-05 -6.160329278192064198e-05 -1.721510775351847277e-03 -5.772647716117572034e-05 -1.742893363369019469e-03 -4.675654630555451611e-04 6.205891427878218805e-04 3.620657672186175860e-04 1.026575638106186870e-03 8.286441837059709166e-04 -6.166372271045872096e-05 1.999772938349343027e-04 3.599560458898032767e-04 -9.612138404526616303e-03 2.728123600036128082e-02 3.902907494854734177e-03 -4.029025120432879262e-03 -1.706889767956442164e-02 4.097674539529960053e-02 -1.423571196512061002e-02 -2.971998547738351204e-03 7.900024413571007376e-01 -1.619679896250101558e+00 5.701254942379843094e-01 -6.058660141110292496e-01 3.895218359294537747e-01 6.628799020598171495e-06 -4.351143823451152599e-09 5.427738220074331248e-05 8.674445363274621622e-05 3.177364618258294479e-07 9.614439667731060346e-03 -7.486536695951293376e-08 2.719123383128738157e-06 1.057431533763302390e-05 2.420627358775265855e-04 -3.484589427310830952e-07 1.357010749340818419e-05 -2.197209178984774853e-06 8.638358653121132487e-06 4.183167700272976872e-09 2.457424064446584941e-03 9.258567522334810920e-05 5.799050765740190017e-06 -2.283891073265244698e-05 1.994947413746273089e-04 -2.394479605414752703e-05 -3.000737947450901437e-04 -3.203490674957384823e-05 -2.067074813553721043e-04 -3.035884739779017212e-04 5.098390300308959511e-03
3.246421618075636447e-03 3.246817683730517014e-03 7.683073002268994700e-02 3.253233008943927536e-03 7.669500371091482471e-02 2.683833724827994986e-03 -4.794202941818691971e-02 -4.677284272235093104e-02 -5.041959843287364268e-02 -4.927312900375161592e-02 3.240937052910728040e-03 5.377087043598575977e-02 1.250324538715668135e-02 4.834538037160544532e-01 1.588573715693096799e+00 -2.180608812690333909e-01 2.436295547598515618e-02 9.450115919006231435e-02 -1.792299640199513933e-01 5.765809185530462733e-02 -4.877368542556741876e-02 -1.619679896250101558e+00 5.818594114078554647e+00 -7.559300879314396759e+00 1.579867189245014902e+00 -1.121777482768378187e+00 7.949753246021174944e-04 1.097582924998327058e-08 -6.270346234012890221e-03 -1.147131645181170227e-03 -8.044709595517121453e-09 -6.219409445656394475e-02 9.773088400521069608e-07 -3.638040906223878102e-05 -4.566228667380207849e-05 -1.092737371312515549e-04 -7.172921027142048812e-06 2.815298330310931968e-04 -9.900373495382226198e-05 3.943776861287130449e-04 2.285760162992191002e-07 -2.514056969774237232e-02 8.054840110474200060e-04 8.841989948926724438e-05 -4.293826031375254002e-04 -2.485648488626153452e-04 -3.379309395185856090e-04 -1.274590570264434730e-02 -6.024513952338001648e-04 1.438987036893411798e-03 9.158589069454311626e-04 2.346492939919182352e-03
-8.073280279594618677e-03 -8.073062372228861222e-03 -1.887172258865313368e-01 -8.066319434981705783e-03 -1.885044060313327274e-01 -5.656357348725618572e-03 1.194568767681904453e-01 1.164842373887794297e-01 1.244897815122770340e-01 1.218622550271600408e-01 -8.058375016609491126e-03 -1.358447149300038015e-01 -3.223770156558070088e-02 -1.201251124532502601e+00 -4.246133088022134849e+00 5.365345923896203129e-01 -4.911911600529169503e-02 -1.664382085997535010e-01 2.683305911926298082e-01 -7.906062556115947548e-02 1.473514567955379051e-01 5.701254942379843094e-01 -7.559300879314396759e+00 1.701155768173131833e+01 -1.069416677916201319e+00 9.435985579599144302e-01 -2.369473080151850847e-03 -2.479022749825414303e-08 1.621003104671961056e-02 2.968381450402738080e-03 3.137408105626982141e-06 1.250724986956332219e-01 -2.748081756301527945e-06 1.004302642823966387e-04 1.315154801400044056e-04 1.915562183491917835e-03 1.825021196246989763e-05 -7.144427322956676011e-04 2.424068817982781641e-04 -9.637620998336443416e-04 -5.626293434741229354e-07 5.877019132331193912e-02 -2.150113068314218803e-03 -3.041303498914141312e-04 1.424285438272968008e-03 -3.413677791065360405e-04 1.194159037638191151e-03 3.325197010330280950e-02 1.905126021864741396e-03 -2.688390153201450795e-03 -1.013544899011543281e-03 -3.257470773993473290e-02
3.905969336910227168e-04 3.907368714896083776e-04 9.400234726269234356e-03 3.901818263880629844e-04 9.392049612314471232e-03 5.202256082196990254e-04 -5.640650989369496576e-03 -5.399260521848898639e-03 -6.113136607947440571e-03 -5.895368207990268894e-03 3.901044193533347764e-04 5.907894791492677294e-03 1.227367240548640076e-03 5.838488585012620302e-02 1.357978850131407733e-01 -2.624017352816997856e-02 4.668474981251992569e-03 -1.469374856894096332e-03 -6.386434105625272972e-02 4.037475942563040210e-02 -1.626559803664235360e-01 -6.058660141110292496e-01 1.579867189245014902e+00 -1.069416677916201319e+00 3.161128749004431970e+00 -2.736035443300637304e+00 7.946768730147926924e-05 3.149453028270962326e-09 -7.159350854217540975e-04 -1.640236020390908466e-04 -8.344758486913187167e-08 -1.163425618818846735e-02 1.363353448213834264e-07 -5.078462335989740225e-06 -9.364435071792134548e-06 -8.788940483408076666e-05 -6.472142942593778953e-07 2.548083178639547793e-05 -1.022414004464472005e-05 4.080903053979231549e-05 2.393663988441473329e-08 -3.944017131106692525e-03 4.789189991453963536e-05 5.950121621321638292e-06 -3.210547881609310305e-05 -1.305615582611952322e-04 -2.141859268525068093e-05 -1.273222626522227396e-03 -4.667577236659281158e-05 5.768828975368461929e-04 -7.450134075151454253e-04 -3.720943960398870667e-03
-3.375038480697780969e-04 -3.395569487310006341e-04 -1.138514383716042293e-02 -3.101454437408853512e-04 -1.155524319444056064e-02 -4.625468238932519370e-03 2.162312466424235607e-03 -1.946502223028091783e-04 6.254816042891235550e-03 4.371746705142799325e-03 -3.406088089055423233e-04 6.803038696322882134e-03 4.809456813868669654e-03 -5.505683323851068289e-02 -1.479256651947957746e-01 2.259194912291540708e-02 -4.072776905372112177e-02 -9.103062999096807328e-03 4.487020910656999706e-02 -2.313895319601062470e-02 1.829313064001697742e-01 3.895218359294537747e-01 -1.121777482768378187e+00 9.435985579599144302e-01 -2.736035443300637304e+00 2.662241546548447690e+00 2.648904932157656396e-04 -4.162651991170349752e-08 -1.839184645217890185e-04 6.992743742118519897e-04 1.919553639828790688e-06 9.767446405251752062e-02 -5.265227815169218760e-07 1.962084911150416015e-05 9.109678347696425105e-05 1.716118320610988263e-03 -4.028112434718076864e-06 1.564158266568943306e-04 -2.724112451807839984e-05 1.067589524313762627e-04 5.545570834810009112e-08 2.289009946442286877e-02 9.991229791273326718e-04 9.235158928718333775e-05 -3.787893731380783053e-04 2.230387772990230326e-03 -3.813619183736546132e-04 -4.402975432818700963e-03 -4.980060454760851935e-04 -3.558722934600739196e-04 8.960902428241986767e-04 7.105251939187214039e-04
1.450636397459228155e-06 1.447980662146574068e-06 1.279861714906828611e-05 1.110801593053334464e-06 1.656079360585548411e-05 -5.320447496713076641e-06 -1.933094041771210678e-05 -2.198833550551822108e-05 -1.541657422536576652e-05 -1.558074566697454022e-05 1.450860794679199964e-06 3.637133814774500847e-05 1.140636746251905384e-05 1.917710954550481939e-04 6.350938670193127756e-04 -5.013763247728760241e-05 -6.867008336826856520e-05 -2.274924474986056455e-05 -1.389150669241655644e-05 2.316825639616929602e-05 1.826175573966014600e-05 6.628799020598171495e-06 7.949753246021174944e-04 -2.369473080151850847e-03 7.946768730147926924e-05 2.648904932157656396e-04 8.634786281268224078e-05 -1.390518753288907377e-12 -2.018576298875294529e-05 8.160940454542104129e-07 -1.023798593012308653e-08 1.089825735800910647e-04 8.953851945640604577e-09 -7.830048783162933489e-08 -2.178778279289096881e-07 -1.534755366663899200e-05 6.947726342925256270e-08 1.179563255481364494e-08 1.394964482867070251e-07 -2.989744842334790167e-07 -2.591044879312208836e-10 1.928523552046408228e-05 1.040497059599451628e-06 8.329433087864032570e-06 -3.510083804522072334e-06 1.781351785119788750e-05 -4.452277812087033594e-06 2.656090790328328473e-05 -4.280974015893589734e-06 4.556759874449727340e-07 4.004155291759327822e-08 4.607777813969978131e-06
2.486089145980166489e-11 2.300459409867848584e-11 2.650043448127697720e-10 -1.108026465451777752e-11 6.640115053292600176e-10 1.184590469982478418e-09 2.333237551647255066e-09 9.488284112700728304e-10 -1.250649432158713885e-09 2.159265739886656069e-10 2.431138326472013784e-11 -3.178243809648703210e-09 -1.865768304795650879e-09 2.357184543382110619e-09 6.360695359888543385e-09 7.419686423490350657e-10 8.587429127809313106e-09 4.302391570792534806e-09 -2.092179836067272159e-09 -1.134153757060251240e-09 -3.041878482270483909e-09 -4.351143823451152599e-09 1.097582924998327058e-08 -2.479022749825414303e-08 3.149453028270962326e-09 -4.162651991170349752e-08 -1.390518753288907377e-12 1.816199568488723391e-13 -3.305565444373553444e-09 -5.427015110733706591e-10 9.623267765137414058e-12 -4.808734849501608393e-08 7.465703161836377181e-13 -2.637172894143575943e-11 -5.242472065831696620e-11 -1.879489478969840690e-09 2.327049933296548663e-12 -9.780836297090219124e-11 2.595829464384789863e-11 -1.044259024013576438e-10 -5.211257250350523620e-14 -3.318100546269670744e-09 -3.135560236526772326e-10 2.778990343464308429e-11 -2.181008592149047930e-10 -4.074470192402579344e-11 -2.508719197786433197e-10 1.524590719158844075e-10 -2.480661864208789676e-10 -1.805121926185099995e-12 5.029163370474184958e-12 3.760052423652170124e-11
-9.302449630456786984e-06 -9.151398613735358542e-06 -1.407293581466999874e-04 -6.851953969080009031e-06 -1.639235588830665713e-04 -4.313484648401303540e-06 1.596704068757787229e-04 1.326504487606151471e-04 2.153343024200071363e-04 1.162624807803776196e-04 -9.183551411958328496e-06 -1.781394131065406846e-04 -1.664794080193026873e-05 -1.211876823804750080e-03 -4.210746031386271640e-03 4.981450574040965267e-04 1.425334753070838379e-04 -5.938186025453150873e-05 2.198024820405406832e-04 -1.128251653270090458e-04 5.820101223678352041e-05 5.427738220074331248e-05 -6.270346234012890221e-03 1.621003104671961056e-02 -7.159350854217540975e-04 -1.839184645217890185e-04 -2.018576298875294529e-05 -3.305565444373553444e-09 9.350266145905912442e-04 1.903071428042699343e-05 7.660302975422599610e-07 2.870019253267359037e-03 -4.226666065150721150e-08 1.471586020552524382e-06 2.783162973646588668e-06 1.401484934778734603e-04 8.244861412110861398e-09 1.329226837186211047e-06 -5.889414624798020655e-07 2.576085556223424746e-06 1.510136926619827438e-09 -1.499278104930191102e-04 -5.473169409418833923e-06 -5.107384479182405719e-06 2.121601342772991066e-05 -6.829779618842732173e-05 2.267337568855771820e-05 1.188042340613388020e-04 2.595836261906296204e-05 -3.140917027796133367e-06 -4.968013366149624673e-07 -2.985568758209288683e-05
-2.016370395492440550e-06 -1.345670554389179455e-06 -3.881831928830536927e-05 -1.147791550073644406e-05 6.130539496165574400e-05 3.197191359851411769e-05 5.031258031445941161e-06 5.555859922327237332e-05 2.648003169975322876e-05 1.288741521840060211e-05 -1.365856732312729521e-06 7.886234939822697634e-05 -2.325021444527423746e-06 -2.346289674273141111e-04 -7.739605061959243387e-04 5.796145388160967450e-05 -1.283872754253588869e-04 -8.285914275924966704e-05 6.912059734189732955e-05 2.359205485279232558e-06 6.007388892847679288e-05 8.674445363274621622e-05 -1.147131645181170227e-03 2.968381450402738080e-03 -1.640236020390908466e-04 6.992743742118519897e-04 8.160940454542104129e-07 -5.427015110733706591e-10 1.903071428042699343e-05 1.109539501580665772e-03 -3.030846157844311477e-08 4.172656933780652042e-03 3.150905073190239216e-06 1.128715346961933248e-05 -4.032501929344427783e-06 -3.349639298188254212e-04 5.736662883010825711e-06 1.340518987556358503e-05 4.008362021944641431e-06 8.063461802636967183e-06 4.145681106222926192e-08 1.983422259063255533e-04 1.906470676903588039e-05 3.971131790165425845e-07 -1.517857519292743124e-06 -2.342958892826929596e-03 -2.755585986095701972e-05 -6.739122540674186146e-05 -3.107281702405149194e-06 -4.504625429144817917e-07 -1.637958208247411596e-07 -5.370152433360872020e-06
