theo_error.scale_from_amplitudes = yes
scaling_form = 1
eft_nu = 4.0
eft_C = 1.0237
eft_nu.piN = 5.0
eft_C.piN = 3.6305
residual_list.load = no
residual_list.load.prefix = N2LOsim-450-224.theo
eft_C = 0.93180187046527863
eft_C.piN = 3.62091086804866791
eft_C = 0.91822914779186249
eft_C.piN = 3.62134180963039398
eft_C = 0.91661937534809113
eft_C.piN = 3.62077318131923676
