theo_error.scale_from_amplitudes = yes
scaling_form = 1
eft_nu = 4.0
eft_C = 1.0237
eft_nu.piN = 5.0
eft_C.piN = 3.6305
residual_list.load = no
residual_list.load.prefix = N2LOsim-450-158.theo
eft_C = 1.55647210776805878
eft_C.piN = 3.62091086804866791
eft_C = 1.20183266699314117
eft_C.piN = 3.63028533756732941
eft_C = 1.18635840713977814
eft_C.piN = 3.63196663558483124
eft_C = 1.17522574961185455
eft_C.piN = 3.63348506391048431
eft_C = 1.17443956434726715
eft_C.piN = 3.63357163965702057
