par.Ct_1S0np = -0.148351955706998
par.Ct_1S0pp = -0.147544565824798
par.C_1S0 = 2.54051614015323
par.Ct_3S1 = -0.174342719406039
par.C_3S1 = 0.723314779799860
par.C_3S1-3D1 = 0.626924806348134
par.C_3P0 = 1.16708772874164
par.C_1P1 = 0.583519610065374
par.C_3P1 = -0.966521388160239
par.C_3P2 = -0.648982187917688
par.Ct_1S0nn = -0.148083732812970
par.c_D = -0.151241061462819
par.c_E = -0.460915332907050
par.c1 = 0.108316298682840
par.c2 = 4.73679464816971
par.c3 = -3.50673977582177
par.c4 = 4.09243375934022
par.d1+d2 = 5.39121022687822
par.d3 = -4.84936594958505
par.d5 = -0.267620615225075
par.d14-d15 = -10.2802779985142
par.e14 = -0.322473011690058
par.e15 = -9.73882265326324
par.e16 = 1.45968354548609
par.e17 = 1.48336896156853
par.e18 = -1.87417937532003
par.Ct_1S0np = -0.151722497812871
par.Ct_1S0pp = -0.151028068052339
par.C_1S0 = 2.52632919856054
par.Ct_3S1 = -0.171157333995330
par.C_3S1 = 0.707521961888081
par.C_3S1-3D1 = 0.414108788289152
par.C_3P0 = 1.12641673633704
par.C_1P1 = 0.233025817780046
par.C_3P1 = -0.861662138428136
par.C_3P2 = -0.740961290387013
par.Ct_1S0nn = -0.151651700935308
par.c_D = -0.108813312840256
par.c_E = -0.301247068922769
par.c1 = -0.729790157256964
par.c2 = 2.86359068964622
par.c3 = -4.13251490375043
par.c4 = 2.85632622516024
par.d1+d2 = 4.91662662719356
par.d3 = -4.67541890151412
par.d5 = -0.111613037665136
par.d14-d15 = -10.0231848901860
par.e14 = 0.464772119799456
par.e15 = -9.99103563843542
par.e16 = 7.30705026691298
par.e17 = 1.34382574586179
par.e18 = 3.86356494721361
par.Ct_1S0np = -0.151467709930468
par.Ct_1S0pp = -0.150750432347198
par.C_1S0 = 2.49322609847601
par.Ct_3S1 = -0.167590214952876
par.C_3S1 = 0.643270488070114
par.C_3S1-3D1 = 0.306074043870676
par.C_3P0 = 1.04624926547764
par.C_1P1 = 0.784730389783942E-01
par.C_3P1 = -0.854303208197597
par.C_3P2 = -0.778308350138657
par.Ct_1S0nn = -0.151427710165150
par.c_D = 0.318925733966563E-01
par.c_E = -0.226273244145700
par.c1 = -0.766983917939841
par.c2 = 2.90764919530590
par.c3 = -4.27880464947734
par.c4 = 2.00484109162327
par.d1+d2 = 4.50878088642984
par.d3 = -4.50027847893081
par.d5 = 0.115084512713148E-01
par.d14-d15 = -9.72280796452344
par.e14 = 0.890438711127363
par.e15 = -10.1125284301671
par.e16 = 7.18385611604151
par.e17 = 1.14717234946279
par.e18 = 7.91077994290745
par.Ct_1S0np = -0.151287666190362
par.Ct_1S0pp = -0.150568399462917
par.C_1S0 = 2.49182460202528
par.Ct_3S1 = -0.167308832864231
par.C_3S1 = 0.639452052318490
par.C_3S1-3D1 = 0.297080193430404
par.C_3P0 = 1.03608732626711
par.C_1P1 = 0.627280446064127E-01
par.C_3P1 = -0.856528021757097
par.C_3P2 = -0.783628310993915
par.Ct_1S0nn = -0.151250161404409
par.c_D = 0.522519176545840E-01
par.c_E = -0.218906904374353
par.c1 = -0.747874054777146
par.c2 = 2.98655984913174
par.c3 = -4.29794143759921
par.c4 = 1.91686340055737
par.d1+d2 = 4.46573719811465
par.d3 = -4.47901472519564
par.d5 = 0.228765924989624E-01
par.d14-d15 = -9.69161959685296
par.e14 = 0.929396018562884
par.e15 = -10.0281490030215
par.e16 = 6.89100268663069
par.e17 = 1.13206403734465
par.e18 = 8.32617912994217
par.Ct_1S0np = -0.151272349676067
par.Ct_1S0pp = -0.150552962126556
par.C_1S0 = 2.49183773975132
par.Ct_3S1 = -0.167288566824705
par.C_3S1 = 0.639318908556036
par.C_3S1-3D1 = 0.296679880486171
par.C_3P0 = 1.03552936914658
par.C_1P1 = 0.618349249737389E-01
par.C_3P1 = -0.856777822164592
par.C_3P2 = -0.783937958954011
par.Ct_1S0nn = -0.151248712013019
par.c_D = 0.403960740267913
par.c_E = -0.174571784713089
par.c1 = -0.745952979177697
par.c2 = 2.99353361215722
par.c3 = -4.29898984431268
par.c4 = 1.91269518705572
par.d1+d2 = 4.46359336127793
par.d3 = -4.47769461148879
par.d5 = 0.232860370436881E-01
par.d14-d15 = -9.69018301729922
par.e14 = 0.930698972006264
par.e15 = -10.0194846751712
par.e16 = 6.86479948904990
par.e17 = 1.12952777607557
par.e18 = 8.34767894699377
