par.Ct_1S0np = 0.489590590095249
par.Ct_1S0pp = 0.491545326959578
par.C_1S0 = 0.278376406139520
par.Ct_3S1 = -0.169133210857726
par.C_3S1 = 0.878531973868878
par.C_3S1-3D1 = 0.706776672498196
par.C_3P0 = 1.28969769586325
par.C_1P1 = 0.547062103653631
par.C_3P1 = -0.972014127266058
par.C_3P2 = -0.686046322557294
par.Ct_1S0np = 0.489469088338524
par.Ct_1S0pp = 0.491423755236195
par.C_1S0 = 0.279102466444615
par.Ct_3S1 = -0.169185346878045
par.C_3S1 = 0.879230860179311
par.C_3S1-3D1 = 0.707143164812534
par.C_3P0 = 1.28885095896896
par.C_1P1 = 0.547369667400414
par.C_3P1 = -0.972140706172093
par.C_3P2 = -0.686285769685501
par.Ct_1S0np = 0.489491504589890
par.Ct_1S0pp = 0.491446690468705
par.C_1S0 = 0.279055223468783
par.Ct_3S1 = -0.169194344295319
par.C_3S1 = 0.879299426020980
par.C_3S1-3D1 = 0.707179882649855
par.C_3P0 = 1.28880636014741
par.C_1P1 = 0.547515679985421
par.C_3P1 = -0.972122941583782
par.C_3P2 = -0.686281153776098
