4.120199399431415055e-06 4.116241763780288929e-06 9.578717306693267509e-05 4.082243373306850561e-06 9.618957702504453671e-05 2.955915857441212442e-06 -6.107568887485389608e-05 -6.016225116415744250e-05 -6.411197795375479824e-05 -6.218925781527920001e-05 4.107938880673855887e-06 7.823538344026661107e-05 1.197491276033025394e-05 6.096893007383546396e-04 2.142902399033251668e-03 -2.745442807590432310e-04 2.452759483222332395e-05 8.784080026258788538e-05 -1.430319247763076757e-04 4.382875811223640018e-05 -7.570044532341995520e-05 -7.791269834088131977e-05 3.395259043934446656e-03 -8.345051620889526456e-03 3.941300406669119181e-04 -3.682591158935777332e-04 1.430898910553982204e-06 5.092819678394743415e-11 -1.722408254566267080e-05 -1.818425685979236714e-06 -2.571243664130490482e-09 -8.367144671601321239e-05 1.614202471290851856e-09 -5.040994153079287592e-08 -7.714680223055436672e-08 -1.643143798453638919e-06 -8.073813295919549549e-09 3.658225834764408150e-07 -1.097964343205870932e-07 4.536471093750522500e-07 2.210488685200799044e-10 -6.126010687448385148e-05 -2.492404876103305366e-07 2.131356919026839128e-07 -9.568224527198621883e-07 4.909799278080160776e-06 -8.384985475555157795e-07 -2.365199994647257609e-05 -1.351687882785118222e-06 1.574194707882022467e-06 3.380270010424126770e-07 1.452998041717152271e-05
4.116241763780288929e-06 4.113578591528943955e-06 9.583113752964854241e-05 4.083911210817832110e-06 9.617011225228703759e-05 2.993187295637928212e-06 -6.107275672573476847e-05 -6.009961137116569019e-05 -6.406271624060700959e-05 -6.216048071603974328e-05 4.105218228721815796e-06 7.806859421623470110e-05 1.192275702885913703e-05 6.095326615434390385e-04 2.142338811134138297e-03 -2.744603666028278726e-04 2.497862139278598866e-05 8.805511758317553306e-05 -1.431073644959134973e-04 4.375235934807005563e-05 -7.586127935003261899e-05 -7.810473379842882259e-05 3.394742254789107419e-03 -8.343025835856511183e-03 3.941612585479801947e-04 -3.703572912227387189e-04 1.422445508463240035e-06 4.619124777240475781e-11 -1.687955781066013532e-05 -1.174681250890522070e-06 -2.761650625365844681e-09 -8.498569394848988555e-05 1.496401248653700178e-09 -5.390876655801419632e-08 -7.692823514557194706e-08 -1.547543464327247280e-06 -8.016211775951540309e-09 3.633064058805467828e-07 -1.099630342130160883e-07 4.544122532074532688e-07 2.212990252463647339e-10 -6.123931721116158153e-05 -2.523555689223454867e-07 2.080385975483189647e-07 -9.280306149931531548e-07 1.194997768213328156e-06 -8.474893958356548625e-07 -2.344176666877175328e-05 -1.315434877635853793e-06 1.573566650621262243e-06 3.382079620202963664e-07 1.452554581272620523e-05
9.578717306693267509e-05 9.583113752964854241e-05 2.385281615973723797e-03 9.645390160571781183e-05 2.385416224273463962e-03 1.758095198162568486e-04 -1.393357096690703420e-03 -1.336879214058338348e-03 -1.531662229481104516e-03 -1.463540927484188346e-03 9.564947598910875613e-05 1.579967099437446171e-03 1.848595432726136631e-04 1.433352770847623296e-02 5.056070938673067061e-02 -6.621044337957536496e-03 1.647846994212007546e-03 2.674908432161489467e-03 -3.689579274380962517e-03 8.865179325440393542e-04 -2.266151556662024738e-03 -2.299979704423903062e-03 8.174133860839814802e-02 -1.976773904041322083e-01 9.724339626789330754e-03 -1.389932265235960251e-02 8.505435692308361713e-06 3.602251828182688049e-10 -3.194452890264967075e-04 -3.975104484558843057e-05 -5.350296128448742731e-08 -4.588686183776827764e-03 3.118814283343413771e-08 -1.187569771455532204e-06 -1.934993235825048445e-06 4.724004071560767881e-05 -1.229233908323795488e-07 5.615242579040331069e-06 -2.449442015235427989e-06 1.016999214189759934e-05 4.855110771084957094e-09 -1.551491457564204085e-03 -1.506753288435322927e-05 -8.352722122368726228e-07 1.997557121180054575e-06 -7.033766200950983391e-05 3.784027469333248292e-06 -3.869881876487955385e-04 -2.503141451684810391e-06 3.691091019592755013e-05 8.670189357355679140e-06 3.409405456853191680e-04
4.082243373306850561e-06 4.083911210817832110e-06 9.645390160571781183e-05 5.065555634961170679e-06 9.104572237259455530e-05 -5.393726328910182984e-06 -6.219420496726324921e-05 -6.936800349900581726e-05 -6.351408944618413123e-05 -6.337654004817029770e-05 4.070940146004289378e-06 8.330820759003550288e-05 1.441273737058834900e-05 6.044411105896839442e-04 2.134759886104151388e-03 -2.818123202886618490e-04 1.126711446431845478e-05 8.289265736859466327e-05 -1.415983498029679453e-04 4.571656857584616851e-05 -7.290356191208439767e-05 -6.986389705853883881e-05 3.406702747000645536e-03 -8.326474550940604277e-03 3.938821527710369445e-04 -3.074486280864967540e-04 9.093495637030708334e-07 -3.844867050029322773e-12 -1.605769469298801589e-05 -1.340769624653135447e-05 1.303451874063835881e-08 -2.208636425669146511e-04 8.388078193972656334e-09 -2.343251470737352564e-07 7.987555854431691327e-07 5.328303522064172220e-05 -6.371995100429977590e-09 2.995658281888813413e-07 -1.481388073636568292e-07 6.172153739546079991e-07 3.004285391701274062e-10 -5.257218720871566973e-05 2.844534418247722574e-07 1.121516131799065386e-07 -5.366119215084682856e-07 -7.402191074165075349e-06 -5.239027031663379322e-07 -3.116574671541049650e-05 -1.023712848988869945e-06 1.586932322320864063e-06 3.319626439136173815e-07 1.447120507244217938e-05
9.618957702504453671e-05 9.617011225228703759e-05 2.385416224273463962e-03 9.104572237259455530e-05 2.427928645201461472e-03 2.236397040971467478e-04 -1.380269402385477526e-03 -1.285516429151924503e-03 -1.540254020612256709e-03 -1.457716362396853371e-03 9.601958756413012531e-05 1.544996073330156053e-03 1.642900290172952813e-04 1.437024203875498715e-02 5.064144701690407452e-02 -6.592240554860556885e-03 1.778681067213269511e-03 2.735669050738960377e-03 -3.716453471985778356e-03 8.689067163367608692e-04 -2.308231702911490296e-03 -2.370614687414950104e-03 8.181807861966594597e-02 -1.979589477045072821e-01 9.754436245988429288e-03 -1.451959793470132022e-02 1.329017087152260423e-05 1.169853079101418726e-09 -3.522062433016093100e-04 6.937802103741289939e-05 -1.082978720415351674e-07 -3.889091350291731287e-03 -4.318422359947737727e-08 9.637507748511816478e-07 -6.046468695835795456e-06 -2.205481310544054360e-04 -1.525740022813421598e-07 6.866078237448907068e-06 -2.348524739290615840e-06 9.703940089005972863e-06 4.675657673377039839e-09 -1.594977616941506372e-03 -1.738482553322907853e-05 1.371069517958440388e-07 -1.946088356640207403e-06 4.230722942829951935e-05 5.301760291715349664e-07 -3.642265321827047975e-04 -6.633123748247088223e-06 3.685302239308191699e-05 8.746137973302508921e-06 3.414091609258241905e-04
2.955915857441212442e-06 2.993187295637928212e-06 1.758095198162568486e-04 -5.393726328910182984e-06 2.236397040971467478e-04 2.425808574992003881e-04 6.635879777091102205e-05 2.008123908240488247e-04 -8.438443515859386194e-05 9.609311353369134889e-06 3.110194273467819018e-06 -4.667760057843367864e-04 -1.641284072695041571e-04 6.249908886818132149e-04 1.946993263761844124e-03 -4.441332803473716038e-05 1.683995460358244343e-03 8.969750440261960427e-04 -4.924438096253367855e-04 -1.996284168092162176e-04 -6.704212525533506661e-04 -8.760909174159386232e-04 3.734486190313163201e-03 -7.829197855257390495e-03 7.434318416708961914e-04 -8.230902225136744327e-03 -4.652879337637654729e-06 1.857242538949452531e-09 8.928718683401263082e-05 2.208999923967049068e-05 -2.665567202581429118e-07 -3.863799640530765807e-03 1.488801934607748911e-08 -6.885823331569874271e-07 -1.020529308417163370e-05 -4.714725999553268077e-04 1.859942322428621723e-07 -8.378462293681615701e-06 1.928034135196276015e-06 -7.891302659649386867e-06 -4.191264016553530864e-09 -2.133203335789538447e-04 -2.617059021095153527e-05 -2.181447925098492653e-06 9.055748296043510635e-06 -7.229835772470122475e-05 8.430608703800060872e-06 2.995035683191359013e-04 1.485835794048724491e-05 3.968871224832840099e-07 1.226477667716222065e-06 1.140661602612921709e-05
-6.107568887485389608e-05 -6.107275672573476847e-05 -1.393357096690703420e-03 -6.219420496726324921e-05 -1.380269402385477526e-03 6.635879777091102205e-05 1.051647381694787060e-03 1.002977844372024505e-03 9.156621463109421242e-04 9.665763071241180449e-04 -6.086121398811232384e-05 -1.482090150275221230e-03 -2.705855956315113427e-04 -8.995968839604906453e-03 -3.181900823825008912e-02 4.240112794586328900e-03 5.659051185655315352e-04 -8.604902747032996003e-04 1.935379490766707096e-03 -7.859653418999029348e-04 8.037555450859682968e-04 6.961393293301917223e-04 -5.026616836051240461e-02 1.238837314296608733e-01 -5.667962309625428075e-03 1.071372130951916968e-03 -1.427003392424519019e-05 5.258006764800509767e-09 2.983117620028904169e-04 -1.305592082899169555e-05 2.767329243778696922e-07 -2.182878316322094461e-03 1.262817822149062832e-08 -4.094787635435959909e-07 -1.606233027389976112e-06 -4.934407953511473475e-05 2.690372823362263596e-07 -1.210241850617963912e-05 3.134220960431382238e-06 -1.288000304473169327e-05 -6.524938035017507324e-09 9.109583913817515671e-04 -1.085112779108013851e-05 -2.349558369267488336e-06 1.069519069699838400e-05 -5.421449429837924564e-05 8.141612512002561187e-06 4.748787623403217042e-04 1.783411346590672346e-05 -2.402973586861402580e-05 -4.522894411130612993e-06 -2.166242232334605032e-04
-6.016225116415744250e-05 -6.009961137116569019e-05 -1.336879214058338348e-03 -6.936800349900581726e-05 -1.285516429151924503e-03 2.008123908240488247e-04 1.002977844372024505e-03 1.379703348623697104e-03 9.255393759526134041e-04 9.938758825226931288e-04 -5.984528684256628110e-05 -1.709452724241753135e-03 -3.407939982255329828e-04 -8.673638539473010542e-03 -3.098711121451760628e-02 4.377190581255986472e-03 1.275501395786487416e-03 -5.258888897547910751e-04 1.773763264174024051e-03 -8.735223428887217050e-04 5.740126186392659462e-04 2.943594490405236283e-04 -4.936811852954502144e-02 1.208949445827902786e-01 -5.453832012611752392e-03 -2.323989323923095207e-03 -1.901739410490522583e-05 1.397898021008887554e-10 4.644914654630232496e-04 6.416671383812780425e-05 -3.913046053421358696e-07 3.272960039292427924e-03 -2.957683804830555649e-08 8.500033820025270176e-07 -9.822867862702484339e-06 -5.077714763405822814e-04 3.026427543553245509e-07 -1.372625441219717275e-05 3.917606622370255963e-06 -1.613522188296120333e-05 -8.196706516558697998e-09 7.135657331551484512e-04 -2.513498924755258097e-05 -4.171138055700499899e-06 1.811708070812069758e-05 1.948948003874778200e-05 1.805336808681757852e-05 7.056644574073055523e-04 3.092438957264609194e-05 -2.410168021254036191e-05 -4.063268440784754420e-06 -2.113213518847128472e-04
-6.411197795375479824e-05 -6.406271624060700959e-05 -1.531662229481104516e-03 -6.351408944618413123e-05 -1.540254020612256709e-03 -8.438443515859386194e-05 9.156621463109421242e-04 9.255393759526134041e-04 1.050734982380657941e-03 9.721224395678204708e-04 -6.395406203037258303e-05 -1.133972072454167250e-03 -1.491879466864819799e-04 -9.493152510442576589e-03 -3.344323895958097037e-02 4.345766554303950001e-03 -7.322981760903968631e-04 -1.571763943542327712e-03 2.339365687590908623e-03 -6.360968174480008397e-04 1.343156774485683566e-03 1.363948549704671349e-03 -5.358444379065800678e-02 1.305243198823010653e-01 -6.299107907659334815e-03 7.457302152901907136e-03 -1.736404549510906531e-05 -3.463669988024906162e-09 4.412796876397148509e-04 2.814250305423453556e-05 8.920415608042256823e-09 3.265575140425524235e-03 -3.483112261358729394e-08 1.235204291180062103e-06 1.782733462117176567e-06 2.521612365342444482e-05 8.564248302544987116e-08 -3.917912873925266400e-06 1.454392076186570497e-06 -6.033492758848437443e-06 -2.878501181984339102e-09 9.637986223584955534e-04 7.140124495834211477e-06 -2.417790902460423171e-06 1.114536310006945715e-05 6.768004893979392118e-06 1.062360855198576722e-05 3.386686007976638744e-04 1.692660088845577033e-05 -2.451446185411787352e-05 -5.507831878812801630e-06 -2.261075848759268195e-04
-6.218925781527920001e-05 -6.216048071603974328e-05 -1.463540927484188346e-03 -6.337654004817029770e-05 -1.457716362396853371e-03 9.609311353369134889e-06 9.665763071241180449e-04 9.938758825226931288e-04 9.721224395678204708e-04 9.790827094832870500e-04 -6.198941008938425000e-05 -1.355025953736604168e-03 -2.256393799667048275e-04 -9.159366618667594967e-03 -3.244006538786035204e-02 4.355779112669088196e-03 1.897206891061042032e-05 -1.179994460302984062e-03 2.125038086189249414e-03 -7.232907148710428094e-04 1.055829123482549155e-03 9.592635248370819101e-04 -5.191422166390802923e-02 1.266143396939047872e-01 -5.973463454736427369e-03 3.791818581395763749e-03 -1.335084543372721431e-05 2.424318526116156061e-10 3.060203323343763278e-04 6.660998617563280942e-07 -9.689166920999612576e-08 4.288003985316278521e-06 -2.694508807964929629e-10 5.658261586839798109e-08 -1.123676158763450754e-06 -7.318354666100272709e-05 2.021851847485606946e-07 -9.125790695349921764e-06 2.612437423646840609e-06 -1.076060771704337050e-05 -5.386876427378011510e-09 9.173732349751903201e-04 -4.992270112505570717e-06 -1.922587779409206119e-06 8.927983444299597655e-06 -2.724501006337691421e-05 7.474305150197473026e-06 4.344259522053742304e-04 1.589461103012111367e-05 -2.431200991617267390e-05 -4.957999434943839567e-06 -2.199789606310564318e-04
4.107938880673855887e-06 4.105218228721815796e-06 9.564947598910875613e-05 4.070940146004289378e-06 9.601958756413012531e-05 3.110194273467819018e-06 -6.086121398811232384e-05 -5.984528684256628110e-05 -6.395406203037258303e-05 -6.198941008938425000e-05 4.225415136933229646e-06 7.716945840629052598e-05 1.368724117318680313e-05 6.083188802050747872e-04 2.137872690178426859e-03 -2.737253195278182118e-04 2.575315420220634132e-05 8.826109743685422657e-05 -1.429712957011464679e-04 4.354060696431190695e-05 -7.598185087507420502e-05 -7.835499051237843288e-05 3.387719842849725750e-03 -8.325618670394201865e-03 3.934920496512114797e-04 -3.734844078783852456e-04 1.429502901360857923e-06 4.915444007395289069e-11 -1.689068522950152695e-05 -1.191893731354188728e-06 -2.857532775293155509e-09 -8.745236579448453502e-05 1.568754677307429652e-09 -5.523293215456582493e-08 -8.255251638921869612e-08 -1.809883264177195149e-06 8.176315044204068776e-06 6.471537672296809521e-07 -4.012410581676986065e-06 9.132258413415461638e-09 1.317143462648582246e-09 -6.572629675832695117e-05 -5.091748242864638711e-07 2.092245159343681156e-07 -9.325623507177456320e-07 1.178688395725047686e-06 -8.536465853859426984e-07 2.751594492401643549e-04 3.953442034317408586e-06 1.569676298065315110e-06 3.379374167724551546e-07 1.449453356923407078e-05
7.823538344026661107e-05 7.806859421623470110e-05 1.579967099437446171e-03 8.330820759003550288e-05 1.544996073330156053e-03 -4.667760057843367864e-04 -1.482090150275221230e-03 -1.709452724241753135e-03 -1.133972072454167250e-03 -1.355025953736604168e-03 7.716945840629052598e-05 3.465654016726668098e-03 7.335593084251052810e-04 1.106813076867375380e-02 3.977733708813101926e-02 -5.811420873976977028e-03 -3.952806276514187096e-03 -4.895186130045115023e-04 -1.744213268222703046e-03 1.452788160193751706e-03 1.329623912848664109e-04 7.251604918313957898e-04 6.205643495262880283e-02 -1.546351363873859908e-01 6.404051448239678895e-03 1.403021596172364382e-02 3.189993504811714149e-05 -4.805737174891102831e-09 -6.665856663792386026e-04 1.398671358404706886e-04 5.070990609982168531e-07 1.198974643190711675e-02 -1.242402499344345807e-07 4.251803485004259237e-06 1.141598956611082674e-05 3.108314396732377786e-04 -2.474886972141113547e-05 3.541735306630137064e-05 7.427614701552494719e-06 3.544167779594805843e-05 -2.535313215116063285e-05 -8.747910519635864086e-04 6.825982403565036881e-05 8.373061042709157434e-06 -3.610458310558658715e-05 3.007704302377965698e-04 -3.180080540160620719e-05 -2.225164055130604904e-03 -7.589875778483463507e-05 3.223193249825105085e-05 3.899954018282396333e-06 2.740166882409671742e-04
1.197491276033025394e-05 1.192275702885913703e-05 1.848595432726136631e-04 1.441273737058834900e-05 1.642900290172952813e-04 -1.641284072695041571e-04 -2.705855956315113427e-04 -3.407939982255329828e-04 -1.491879466864819799e-04 -2.256393799667048275e-04 1.368724117318680313e-05 7.335593084251052810e-04 2.765614146117678076e-04 1.624586712155061180e-03 5.899835478943138596e-03 -9.122219406824531081e-04 -1.370603106742759349e-03 -4.712461126043891182e-04 -7.382415194390863026e-05 3.274069920666921175e-04 3.193992682732155414e-04 4.781135440269218811e-04 8.692540614577758812e-03 -2.271414222065389760e-02 7.380521647430090572e-04 5.829962964495841865e-03 9.412274196000727246e-06 -1.539014119991230638e-09 -9.451369792648453051e-05 -4.515867448912325540e-06 1.821639651210201182e-07 4.210597084085204028e-03 3.593271024362056739e-08 7.077401115466904585e-07 4.053095777101210727e-06 1.219062170337067156e-04 -3.093400347331518942e-06 3.093996386337173916e-06 -1.752320296935800520e-04 -1.130487382540484722e-05 -3.203181006582155597e-06 -7.444249383795863151e-04 2.801370738013777760e-06 2.524321391352679007e-06 -1.046068151854561600e-05 1.425996032660057614e-04 -8.557581342342720013e-06 4.080566507427738597e-03 6.147911900922357648e-05 5.195194705165012602e-06 1.270938089401754477e-07 4.161353479238972386e-05
6.096893007383546396e-04 6.095326615434390385e-04 1.433352770847623296e-02 6.044411105896839442e-04 1.437024203875498715e-02 6.249908886818132149e-04 -8.995968839604906453e-03 -8.673638539473010542e-03 -9.493152510442576589e-03 -9.159366618667594967e-03 6.083188802050747872e-04 1.106813076867375380e-02 1.624586712155061180e-03 9.067464571868379120e-02 3.183361886835679999e-01 -4.048938058954638236e-02 5.272567373393793021e-03 1.382389109841607351e-02 -2.157532883954349848e-02 6.273992208167178744e-03 -1.180352908519785235e-02 -1.238295120519986373e-02 5.045996978622062645e-01 -1.239718282327633592e+00 5.886658837209267359e-02 -6.240216954925897896e-02 1.851510543464232660e-04 3.817761668800987281e-09 -2.067068997369548525e-03 -2.332001640848779854e-04 -7.780325080738781919e-07 -1.558306972926567710e-02 2.553881285927070677e-07 -9.213740707444396624e-06 -1.529662423486684148e-05 -3.166597650240262837e-04 -1.019904475252573367e-06 4.631406236023870147e-05 -1.511786164044008137e-05 6.258319941815606766e-05 3.015961671562106299e-08 -9.285626536422264196e-03 -6.047870687213338349e-05 2.412337617167989830e-05 -1.115528857691532071e-04 -7.321629185597035207e-06 -9.817709728627714355e-05 -3.116464348479730528e-03 -1.589062800311757918e-04 2.326911564133160950e-04 5.108108378923967383e-05 2.156974178578401069e-03
2.142902399033251668e-03 2.142338811134138297e-03 5.056070938673067061e-02 2.134759886104151388e-03 5.064144701690407452e-02 1.946993263761844124e-03 -3.181900823825008912e-02 -3.098711121451760628e-02 -3.344323895958097037e-02 -3.244006538786035204e-02 2.137872690178426859e-03 3.977733708813101926e-02 5.899835478943138596e-03 3.183361886835679999e-01 1.134847463709305337e+00 -1.437646336503617950e-01 1.696467316847655171e-02 4.542531351373080978e-02 -6.875021449993441724e-02 1.933234619963505527e-02 -4.300264208316821601e-02 1.969823127532080442e-02 1.663366823225120639e+00 -4.387165361391645035e+00 1.349681732167551940e-01 -1.672028605862792561e-01 6.000173673883869635e-04 1.088458557474246495e-08 -7.825621599956179841e-03 -7.098662621158689096e-04 -1.807998775265917093e-06 -5.041426619485921135e-02 7.616496794448951033e-07 -2.776765257610156184e-05 -3.993671776956426241e-05 -4.569676319685948775e-04 -4.002028826290798408e-06 1.815142702041884753e-04 -5.827750560901503497e-05 2.410288749930260428e-04 1.170603423478137912e-07 -3.259354318788839494e-02 -1.660419653234452208e-04 7.678617674797165243e-05 -3.572052382960364198e-04 3.799834891335976362e-05 -3.107000800064783474e-04 -1.140090959891986930e-02 -5.311156110205380665e-04 7.394073466906211749e-04 1.911669625834674891e-04 8.957534903519198330e-03
-2.745442807590432310e-04 -2.744603666028278726e-04 -6.621044337957536496e-03 -2.818123202886618490e-04 -6.592240554860556885e-03 -4.441332803473716038e-05 4.240112794586328900e-03 4.377190581255986472e-03 4.345766554303950001e-03 4.355779112669088196e-03 -2.737253195278182118e-04 -5.811420873976977028e-03 -9.122219406824531081e-04 -4.048938058954638236e-02 -1.437646336503617950e-01 1.958938246259619292e-02 -8.756013924722150406e-04 -5.813822825477569720e-03 9.746728567682249808e-03 -3.076609023624262383e-03 5.163113039986098191e-03 4.633320472061722844e-03 -2.322266182254691114e-01 5.621718153575050447e-01 -2.695531203086291155e-02 2.155550132668674485e-02 -3.632643928510226919e-05 6.800331703137715630e-10 1.455178578330900861e-03 2.000043379152554270e-06 -5.160377560289368358e-07 2.846073609340128881e-03 1.235141487297743954e-08 -1.758763394564564384e-07 -6.077752568726369248e-06 -4.700661669351804636e-04 8.524538176629281813e-07 -3.850363699360156359e-05 1.163603083681512321e-05 -4.796042584985052188e-05 -2.396453317085849976e-08 4.138449553732001865e-03 -1.662706234804457576e-05 -3.481403180365186741e-06 1.804779440243970586e-05 -5.826453054435932994e-05 1.247724844089633715e-05 1.826134410410903269e-03 4.645748601146207899e-05 -1.077834304708485909e-04 -2.265477286754908007e-05 -9.727685483507456099e-04
2.452759483222332395e-05 2.497862139278598866e-05 1.647846994212007546e-03 1.126711446431845478e-05 1.778681067213269511e-03 1.683995460358244343e-03 5.659051185655315352e-04 1.275501395786487416e-03 -7.322981760903968631e-04 1.897206891061042032e-05 2.575315420220634132e-05 -3.952806276514187096e-03 -1.370603106742759349e-03 5.272567373393793021e-03 1.696467316847655171e-02 -8.756013924722150406e-04 1.473852411696397607e-02 7.985977071781374254e-03 -4.452309390714843940e-03 -1.737183614945883928e-03 -6.032982835880020683e-03 -7.563435005578728748e-03 3.475589348198217937e-02 -6.934851868826613641e-02 6.812528831871935905e-03 -7.226355724164165717e-02 -7.044657351515276372e-05 1.471572381652322442e-08 8.245915571351936178e-04 -2.965084133460780288e-04 -1.298627907940278841e-06 -4.283931158743138623e-02 2.751874623200685212e-07 -9.822392087064919951e-06 -3.330738688337282977e-05 -6.388037897194535301e-04 1.633653989897969259e-06 -7.313670800858304837e-05 1.399856303663770936e-05 -5.698099365648580757e-05 -3.058696565472874109e-08 -1.403164382923505985e-03 -1.988672584636293021e-04 -2.519638641240289642e-05 1.050959049998854115e-04 -8.178759356905702981e-04 9.825719388916410101e-05 2.160426218814983507e-03 1.492889383127706600e-04 4.199729720627858113e-06 1.090889477353449246e-05 9.799688525603046955e-05
8.784080026258788538e-05 8.805511758317553306e-05 2.674908432161489467e-03 8.289265736859466327e-05 2.735669050738960377e-03 8.969750440261960427e-04 -8.604902747032996003e-04 -5.258888897547910751e-04 -1.571763943542327712e-03 -1.179994460302984062e-03 8.826109743685422657e-05 -4.895186130045115023e-04 -4.712461126043891182e-04 1.382389109841607351e-02 4.542531351373080978e-02 -5.813822825477569720e-03 7.985977071781374254e-03 1.096057291838907662e-02 -1.164698781372570588e-02 1.043432529766986309e-03 -3.671753018982509397e-03 -1.979684285316747616e-02 1.058166603284941831e-01 -1.858773822546147814e-01 1.033064861982006810e-03 -2.618397725124718689e-02 -2.736289935783502741e-05 7.545226198853375509e-09 3.420946286009801142e-05 -1.560636899722974628e-04 -5.383626407822196859e-07 -2.329523106478027794e-02 1.408175447830153065e-07 -5.099610172177771361e-06 -1.580428237419565386e-05 -2.049475760668510423e-04 6.249716923071794238e-07 -2.788612559252407220e-05 4.166307308707924797e-06 -1.679562793018729599e-05 -9.502763732591638999e-09 -1.867592675924711551e-03 -9.988303946897446762e-05 -1.233944395184961200e-05 5.051252734209979732e-05 -4.140946304573029507e-04 4.843310715910983466e-05 6.362018988704739057e-04 6.597525861515514715e-05 8.618988708984950508e-05 -1.634458469037522915e-05 4.078886623481902600e-05
-1.430319247763076757e-04 -1.431073644959134973e-04 -3.689579274380962517e-03 -1.415983498029679453e-04 -3.716453471985778356e-03 -4.924438096253367855e-04 1.935379490766707096e-03 1.773763264174024051e-03 2.339365687590908623e-03 2.125038086189249414e-03 -1.429712957011464679e-04 -1.744213268222703046e-03 -7.382415194390863026e-05 -2.157532883954349848e-02 -6.875021449993441724e-02 9.746728567682249808e-03 -4.452309390714843940e-03 -1.164698781372570588e-02 5.078313139937143394e-02 -2.800040844833184481e-02 9.466895595724202084e-03 4.261599847611117348e-02 -1.891845954569563448e-01 2.878182839599909282e-01 -6.134452010459895410e-02 5.005409831008053589e-02 -8.335719337483036450e-06 -3.828158460785970793e-09 4.236466690613411223e-04 9.446987872245237957e-05 2.245438998899319695e-07 1.305896851727220837e-02 -8.612314990044016874e-08 3.167627356568478632e-06 7.714674380073462996e-06 3.517714236747629332e-05 -5.995785598401603205e-08 2.522649143676722853e-06 1.390315007794122152e-06 -5.934489194815853743e-06 -2.339294350509102200e-09 2.426823895371048832e-03 5.001854636122001396e-05 3.400973878292989152e-06 -1.218570723859086844e-05 1.900740776648599862e-04 -1.329733518404640500e-05 2.857772027902572682e-04 -1.052476285958273205e-05 -7.792851254838444562e-04 2.304490850332571576e-05 1.158611181693685200e-03
4.382875811223640018e-05 4.375235934807005563e-05 8.865179325440393542e-04 4.571656857584616851e-05 8.689067163367608692e-04 -1.996284168092162176e-04 -7.859653418999029348e-04 -8.735223428887217050e-04 -6.360968174480008397e-04 -7.232907148710428094e-04 4.354060696431190695e-05 1.452788160193751706e-03 3.274069920666921175e-04 6.273992208167178744e-03 1.933234619963505527e-02 -3.076609023624262383e-03 -1.737183614945883928e-03 1.043432529766986309e-03 -2.800040844833184481e-02 1.914129408778561872e-02 -3.405108434559626571e-03 -1.377812146909965230e-02 5.763715277909282897e-02 -8.051388656122986098e-02 3.710844646166699956e-02 -1.645302922965708597e-02 2.223732289388048782e-05 -1.886378208862562078e-09 -2.997631143276249864e-04 2.828943500523053311e-05 1.610191504974232570e-07 5.021217381725200622e-03 -2.462867219672425206e-08 8.617731651993804516e-07 4.084486292760832374e-06 9.252433550460155550e-05 -3.269718826252077967e-07 1.469088591266911109e-05 -3.360644748726536336e-06 1.376610263214950176e-05 7.112868442615468319e-09 -5.203057075413687962e-04 2.530577239592201818e-05 5.103188870114980675e-06 -2.207239330403505960e-05 1.175779913913592407e-04 -2.008951904643206595e-05 -5.652451038943442181e-04 -3.229447636337118640e-05 5.146009075159042618e-04 -1.246015297386155715e-05 -7.830309184868560054e-04
-7.570044532341995520e-05 -7.586127935003261899e-05 -2.266151556662024738e-03 -7.290356191208439767e-05 -2.308231702911490296e-03 -6.704212525533506661e-04 8.037555450859682968e-04 5.740126186392659462e-04 1.343156774485683566e-03 1.055829123482549155e-03 -7.598185087507420502e-05 1.329623912848664109e-04 3.193992682732155414e-04 -1.180352908519785235e-02 -4.300264208316821601e-02 5.163113039986098191e-03 -6.032982835880020683e-03 -3.671753018982509397e-03 9.466895595724202084e-03 -3.405108434559626571e-03 7.398745226880283632e-02 -2.048884037171329331e-03 -5.601849655979939530e-02 1.631008903089256057e-01 -1.655384669652113505e-01 1.953214822551102570e-01 2.371083293043668431e-05 -5.574800379895454151e-09 6.021291023354242815e-05 1.114677504123608534e-04 3.273127711619551121e-07 1.762338646636017747e-02 -9.736272105218632535e-08 3.557393596770765765e-06 1.089300963432304539e-05 9.341806447022223028e-05 -4.219455470423543305e-07 1.880456134035052624e-05 -2.454102343706464509e-06 9.835961254542682775e-06 5.726294491849627990e-09 1.554666331287353574e-03 7.258783935378130463e-05 9.961401710825292674e-06 -4.082257130519784810e-05 3.110020724806034434e-04 -3.935862323441307741e-05 -3.987400583763022399e-04 -5.125500397001857153e-05 -7.661404781516255053e-06 -1.956175231604035964e-04 -1.427257190113175121e-04
-7.791269834088131977e-05 -7.810473379842882259e-05 -2.299979704423903062e-03 -6.986389705853883881e-05 -2.370614687414950104e-03 -8.760909174159386232e-04 6.961393293301917223e-04 2.943594490405236283e-04 1.363948549704671349e-03 9.592635248370819101e-04 -7.835499051237843288e-05 7.251604918313957898e-04 4.781135440269218811e-04 -1.238295120519986373e-02 1.969823127532080442e-02 4.633320472061722844e-03 -7.563435005578728748e-03 -1.979684285316747616e-02 4.261599847611117348e-02 -1.377812146909965230e-02 -2.048884037171329331e-03 8.038378861339998682e-01 -1.658441596512350236e+00 6.085411836463365809e-01 -6.122484789813695816e-01 4.047541843907863646e-01 5.378604762756083383e-06 -7.523178546010706865e-09 -2.281931840875828666e-04 1.765127108123756275e-04 8.060736269052890564e-07 2.198566283483445460e-02 -1.726351051473678186e-07 6.140968276171831496e-06 1.883683043368660954e-05 4.160550245354443415e-04 -6.955750022930796603e-07 3.107510287880093367e-05 -5.472507769113517059e-06 2.217937771009659016e-05 1.224760791506755540e-08 1.665854924441916062e-03 1.042805339531581346e-04 7.881035706941067311e-06 -3.147696301823184458e-05 3.854315989609131922e-04 -2.986173164244891403e-05 -7.126959921767398072e-04 -4.762368417893141971e-05 -2.162718546176230108e-04 -3.175795028508102700e-04 5.057812494612212370e-03
3.395259043934446656e-03 3.394742254789107419e-03 8.174133860839814802e-02 3.406702747000645536e-03 8.181807861966594597e-02 3.734486190313163201e-03 -5.026616836051240461e-02 -4.936811852954502144e-02 -5.358444379065800678e-02 -5.191422166390802923e-02 3.387719842849725750e-03 6.205643495262880283e-02 8.692540614577758812e-03 5.045996978622062645e-01 1.663366823225120639e+00 -2.322266182254691114e-01 3.475589348198217937e-02 1.058166603284941831e-01 -1.891845954569563448e-01 5.763715277909282897e-02 -5.601849655979939530e-02 -1.658441596512350236e+00 6.033460718382603005e+00 -7.886599519322507135e+00 1.598931409304182427e+00 -1.167829844632751524e+00 6.995401413166995675e-04 2.174059488496052057e-08 -1.354036665049172805e-02 -1.002093954668431888e-03 -7.619318405497865851e-07 -1.034638941686581853e-01 9.710859503048788900e-07 -3.641695788271616461e-05 -4.462181705955258946e-05 1.015026321036693359e-03 -6.268747741043105585e-06 2.845138163450423646e-04 -9.701244046919722049e-05 4.013610570018369883e-04 1.951669448637457529e-07 -5.244037070003702838e-02 -2.801097806189098015e-04 6.924144452319095830e-05 -3.416090269787907174e-04 -4.695296920870740075e-04 -2.765279333673249340e-04 -1.753345701508432150e-02 -6.009988916095791852e-04 1.502302429525457367e-03 9.783949591568366893e-04 2.402847675934309448e-03
-8.345051620889526456e-03 -8.343025835856511183e-03 -1.976773904041322083e-01 -8.326474550940604277e-03 -1.979589477045072821e-01 -7.829197855257390495e-03 1.238837314296608733e-01 1.208949445827902786e-01 1.305243198823010653e-01 1.266143396939047872e-01 -8.325618670394201865e-03 -1.546351363873859908e-01 -2.271414222065389760e-02 -1.239718282327633592e+00 -4.387165361391645035e+00 5.621718153575050447e-01 -6.934851868826613641e-02 -1.858773822546147814e-01 2.878182839599909282e-01 -8.051388656122986098e-02 1.631008903089256057e-01 6.085411836463365809e-01 -7.886599519322507135e+00 1.760365233914912153e+01 -1.070268840435439905e+00 1.021618001566695355e+00 -2.212105994643715282e-03 -4.393823622000986161e-08 3.110600071149787968e-02 2.686863326279596929e-03 5.899384737339709989e-06 2.062253047714240894e-01 -2.831802619153619600e-06 1.037692572264246649e-04 1.442932691521065631e-04 8.572387296799867558e-04 1.563431118027142056e-05 -7.091516132085066374e-04 2.300942535358557718e-04 -9.516616769925002753e-04 -4.624643487528556647e-07 1.272838857692386305e-01 6.452137811199957834e-04 -2.735443606610857628e-04 1.281869820456968141e-03 8.105095633009209381e-05 1.104789060174526938e-03 4.424452710155136331e-02 1.953228848341566262e-03 -2.817340026276936131e-03 -1.116505955554756690e-03 -3.240442433740035183e-02
3.941300406669119181e-04 3.941612585479801947e-04 9.724339626789330754e-03 3.938821527710369445e-04 9.754436245988429288e-03 7.434318416708961914e-04 -5.667962309625428075e-03 -5.453832012611752392e-03 -6.299107907659334815e-03 -5.973463454736427369e-03 3.934920496512114797e-04 6.404051448239678895e-03 7.380521647430090572e-04 5.886658837209267359e-02 1.349681732167551940e-01 -2.695531203086291155e-02 6.812528831871935905e-03 1.033064861982006810e-03 -6.134452010459895410e-02 3.710844646166699956e-02 -1.655384669652113505e-01 -6.122484789813695816e-01 1.598931409304182427e+00 -1.070268840435439905e+00 3.184204483232825567e+00 -2.762107418309088125e+00 6.019655068109142949e-05 5.209010509435413232e-09 -1.445992293789759124e-03 -1.630924242347586402e-04 -2.491884735147483703e-07 -2.010330059591325380e-02 1.522899370549718350e-07 -5.663240342595473754e-06 -1.036737781438720188e-05 5.890755638381377397e-05 -4.318855153529278393e-07 1.978393055415229239e-05 -8.836612390292133691e-06 3.672607617296271324e-05 1.736213472502965996e-08 -6.291332715645296669e-03 -6.746337942109561733e-05 1.915201283809645329e-06 -1.387330687973187954e-05 -2.133836026656735912e-04 -7.863900337293775649e-06 -1.618941955200996902e-03 -3.542686804286233069e-05 5.062940303538648358e-04 -7.148004000727726810e-04 -3.708783992755719863e-03
-3.682591158935777332e-04 -3.703572912227387189e-04 -1.389932265235960251e-02 -3.074486280864967540e-04 -1.451959793470132022e-02 -8.230902225136744327e-03 1.071372130951916968e-03 -2.323989323923095207e-03 7.457302152901907136e-03 3.791818581395763749e-03 -3.734844078783852456e-04 1.403021596172364382e-02 5.829962964495841865e-03 -6.240216954925897896e-02 -1.672028605862792561e-01 2.155550132668674485e-02 -7.226355724164165717e-02 -2.618397725124718689e-02 5.005409831008053589e-02 -1.645302922965708597e-02 1.953214822551102570e-01 4.047541843907863646e-01 -1.167829844632751524e+00 1.021618001566695355e+00 -2.762107418309088125e+00 2.826151097339299145e+00 2.879379959542873488e-04 -7.107688530611568371e-08 -2.838683544080623702e-03 1.467156278033457427e-03 6.104635603736184757e-06 2.102471610930096713e-01 -1.360732790895626478e-06 4.872716799873559232e-05 1.595915866263907445e-04 2.876438305445459115e-03 -7.230318642120154706e-06 3.233996869916648748e-04 -5.855984455506636375e-05 2.378711537947518224e-04 1.292217940246906774e-07 1.053855726893203337e-02 9.580811043315381505e-04 1.152342536524443193e-04 -4.769064472762088317e-04 3.904488001919005549e-03 -4.492592449932042474e-04 -8.887896653643140646e-03 -6.662772915275479288e-04 -2.893030855459719766e-04 8.520555979105864930e-04 5.936262192467074705e-04
1.430898910553982204e-06 1.422445508463240035e-06 8.505435692308361713e-06 9.093495637030708334e-07 1.329017087152260423e-05 -4.652879337637654729e-06 -1.427003392424519019e-05 -1.901739410490522583e-05 -1.736404549510906531e-05 -1.335084543372721431e-05 1.429502901360857923e-06 3.189993504811714149e-05 9.412274196000727246e-06 1.851510543464232660e-04 6.000173673883869635e-04 -3.632643928510226919e-05 -7.044657351515276372e-05 -2.736289935783502741e-05 -8.335719337483036450e-06 2.223732289388048782e-05 2.371083293043668431e-05 5.378604762756083383e-06 6.995401413166995675e-04 -2.212105994643715282e-03 6.019655068109142949e-05 2.879379959542873488e-04 9.235667395005625244e-05 2.764146615591894495e-10 -2.441064105849534505e-05 -5.475444836860322609e-07 -3.765137830783964291e-09 3.121512167397573674e-05 2.931128455036852296e-08 -1.138103079023175304e-07 -3.270858265598685542e-07 -2.469853656119091095e-05 2.984620941584998355e-07 -1.537019654843681023e-07 4.159032258881393082e-07 -5.303736135117292715e-07 -1.113858269880321094e-10 -2.663157925799150092e-06 -2.767353540650461579e-07 8.984764333091219561e-06 -4.306947544945880734e-06 2.547292982048657284e-05 -5.290565295143292357e-06 3.072679276020640190e-05 -5.154261494839708029e-06 4.099558750405842783e-07 3.310550906667051693e-08 4.286081192149053968e-06
5.092819678394743415e-11 4.619124777240475781e-11 3.602251828182688049e-10 -3.844867050029322773e-12 1.169853079101418726e-09 1.857242538949452531e-09 5.258006764800509767e-09 1.397898021008887554e-10 -3.463669988024906162e-09 2.424318526116156061e-10 4.915444007395289069e-11 -4.805737174891102831e-09 -1.539014119991230638e-09 3.817761668800987281e-09 1.088458557474246495e-08 6.800331703137715630e-10 1.471572381652322442e-08 7.545226198853375509e-09 -3.828158460785970793e-09 -1.886378208862562078e-09 -5.574800379895454151e-09 -7.523178546010706865e-09 2.174059488496052057e-08 -4.393823622000986161e-08 5.209010509435413232e-09 -7.107688530611568371e-08 2.764146615591894495e-10 3.776724754485927691e-13 -8.894281567124676540e-09 -9.208533067205650581e-10 1.708151787502806486e-11 -1.222422303163132881e-07 1.324285838812909535e-12 -4.801100061002611407e-11 -6.354032606387634925e-11 -2.026500815480758606e-09 3.982116729599145337e-12 -1.740314457871327338e-10 4.316209083111924668e-11 -1.763610938853078122e-10 -8.425015617938234185e-14 2.835212502850071630e-09 -2.509788803133492721e-10 9.444480552757483873e-11 -5.029267244786110300e-10 3.500134670540266099e-10 -5.824874383476530552e-10 -6.910515806827395894e-10 -5.984825665944863107e-10 -1.510262667470588876e-12 9.686591437265267961e-12 5.876590332883754990e-11
-1.722408254566267080e-05 -1.687955781066013532e-05 -3.194452890264967075e-04 -1.605769469298801589e-05 -3.522062433016093100e-04 8.928718683401263082e-05 2.983117620028904169e-04 4.644914654630232496e-04 4.412796876397148509e-04 3.060203323343763278e-04 -1.689068522950152695e-05 -6.665856663792386026e-04 -9.451369792648453051e-05 -2.067068997369548525e-03 -7.825621599956179841e-03 1.455178578330900861e-03 8.245915571351936178e-04 3.420946286009801142e-05 4.236466690613411223e-04 -2.997631143276249864e-04 6.021291023354242815e-05 -2.281931840875828666e-04 -1.354036665049172805e-02 3.110600071149787968e-02 -1.445992293789759124e-03 -2.838683544080623702e-03 -2.441064105849534505e-05 -8.894281567124676540e-09 1.581710762563056597e-03 -2.622197814550350991e-05 3.570085017220380494e-07 3.501268625923681897e-03 6.924503370906828327e-10 4.712439923075132519e-07 -1.200072883384025840e-06 -9.027855715996427506e-06 2.726530014090517218e-07 -4.701208465458308019e-06 9.217765640379956904e-07 -3.064349403523755403e-06 -4.766881036573159534e-10 4.368349267337012657e-05 -1.533824552598942324e-05 -7.500930071916630223e-06 3.063454562501925153e-05 -1.728036931244371235e-04 3.415256783965822982e-05 4.508774435518884960e-04 4.397287944302599001e-05 -6.852439500250938124e-06 -8.559979642719837235e-07 -5.314528809227837955e-05
-1.818425685979236714e-06 -1.174681250890522070e-06 -3.975104484558843057e-05 -1.340769624653135447e-05 6.937802103741289939e-05 2.208999923967049068e-05 -1.305592082899169555e-05 6.416671383812780425e-05 2.814250305423453556e-05 6.660998617563280942e-07 -1.191893731354188728e-06 1.398671358404706886e-04 -4.515867448912325540e-06 -2.332001640848779854e-04 -7.098662621158689096e-04 2.000043379152554270e-06 -2.965084133460780288e-04 -1.560636899722974628e-04 9.446987872245237957e-05 2.828943500523053311e-05 1.114677504123608534e-04 1.765127108123756275e-04 -1.002093954668431888e-03 2.686863326279596929e-03 -1.630924242347586402e-04 1.467156278033457427e-03 -5.475444836860322609e-07 -9.208533067205650581e-10 -2.622197814550350991e-05 1.204522701794469731e-03 -2.547627259362298689e-08 5.038926092381952777e-03 9.006366411309674495e-06 1.394187502188410694e-05 -4.083914144237865106e-06 -4.425546866064835878e-04 1.673466082837561490e-05 1.479232845788875442e-05 1.481118788016696103e-05 8.859629378536054440e-06 9.252891145761242404e-08 2.902019760736917835e-05 1.372322051502159441e-05 3.840292566434266410e-07 -1.805332131535888187e-06 -2.274097621866957766e-03 -2.749840458917376842e-05 -7.395586340404542228e-05 -3.532107316355569495e-06 -2.581313922121669993e-07 -2.515659992374903174e-07 -4.642564838240188854e-06
