4.069695757484971189e-06 4.066677842217107511e-06 9.398127735907668505e-05 4.044371074697385600e-06 9.417589545927011415e-05 2.279915722042411406e-06 -6.032743198102193067e-05 -5.903762852197198721e-05 -6.254903120527154851e-05 -6.129153888890402017e-05 4.061838725256520105e-06 6.605925993075031672e-05 1.858510116426948918e-05 6.030446162589034537e-04 2.117724555176914072e-03 -2.692618107297388452e-04 1.867380590079662650e-05 8.303496775621738493e-05 -1.391042997405270241e-04 4.405790746197381884e-05 -6.990995241191167689e-05 -6.582021482665997738e-05 3.322889369067760605e-03 -8.232808404044809208e-03 3.921584654892748198e-04 -3.416744639436308361e-04 1.449298903613259244e-06 3.020540299389655155e-11 -8.337478306144958763e-06 -1.813317176960959422e-06 -2.275766407620638360e-09 -4.119399095885573477e-05 1.449016680636709996e-09 -4.486277770934517527e-08 -7.168021871673997090e-08 -1.677785649497837034e-06 -6.058728674548234291e-09 2.365355793600363068e-07 -8.567133531189380767e-08 3.403229600254127453e-07 1.988837381581840897e-10 -2.081085003085810227e-05 9.655597195263863071e-07 2.144090592866501372e-07 -9.661674456290677834e-07 5.121983942235494458e-06 -8.224456358575117020e-07 -1.312112642846731843e-05 -1.176027796560688670e-06 1.562328537910240797e-06 3.125749280325388054e-07 1.490225119287497276e-05
4.066677842217107511e-06 4.064907791845035460e-06 9.404326891004704224e-05 4.046197778598067618e-06 9.418271333881457236e-05 2.320651789649914824e-06 -6.030156731806925581e-05 -5.899499134426734146e-05 -6.254368621381198399e-05 -6.128031406477686671e-05 4.060047307914872519e-06 6.589236747503527660e-05 1.850931920705017132e-05 6.029666673961969281e-04 2.117503998737783628e-03 -2.692750597471493660e-04 1.914284105724895917e-05 8.328534824346423004e-05 -1.392203066534774712e-04 4.398669886783347237e-05 -7.010231567359235562e-05 -6.601345401166205289e-05 3.323150782028526980e-03 -8.232239242637492266e-03 3.922935900798010410e-04 -3.439278895392657628e-04 1.445357742104305948e-06 2.797858580937347927e-11 -8.192182512341240967e-06 -1.155410097080695640e-06 -2.356634877528101623e-09 -4.334133989512198710e-05 1.332925090037401916e-09 -4.852536315985852899e-08 -7.161360681841829035e-08 -1.613285944433888306e-06 -5.976383118360112198e-09 2.333119916705729147e-07 -8.560531922270354067e-08 3.401515157317317272e-07 1.986426688168866219e-10 -2.096404502913781239e-05 9.553325053485879920e-07 2.104581717754423868e-07 -9.418931049882174666e-07 1.340074062018765617e-06 -8.374237337373474010e-07 -1.296400236779668160e-05 -1.146088396118676694e-06 1.562012584106823083e-06 3.128172416340590745e-07 1.489999767604663774e-05
9.398127735907668505e-05 9.404326891004704224e-05 2.315535479725037548e-03 9.444037418685688457e-05 2.309235095032844635e-03 1.448989658878916894e-04 -1.356662521631782923e-03 -1.288716430931938434e-03 -1.492673035373229653e-03 -1.434705077973607266e-03 9.394286571517613030e-05 1.276204501946902846e-03 3.121952774630744635e-04 1.406868432923863085e-02 4.958990243419100774e-02 -6.450239523027792923e-03 1.367130641184710182e-03 2.473412872214235218e-03 -3.533925262939270010e-03 9.017627083910974804e-04 -2.052707700130216792e-03 -1.921247448407676934e-03 7.928579956494968828e-02 -1.934957031630635815e-01 9.565987221786011185e-03 -1.254576574614224387e-02 9.863834073463230190e-06 4.474679936947262281e-10 -1.044873792419607290e-04 -3.530595859875027931e-05 7.688391930467339959e-10 -3.153453366098111534e-03 2.390186939525661147e-08 -9.347666042472232033e-07 -1.702290384928203527e-06 1.329058288274432916e-05 -6.372188301026793740e-08 2.565873230233302047e-06 -1.727673762786633463e-06 6.955357902227938584e-06 4.006374763151615001e-09 -9.566069429824050879e-04 9.159221321159836027e-07 -5.080786241927114492e-07 4.793701382308705904e-07 -5.324713761785865090e-05 3.055521897195731453e-06 -1.577131509281322688e-04 2.128516033302030840e-07 3.638437881668067690e-05 7.884763881956928736e-06 3.474482967651735090e-04
4.044371074697385600e-06 4.046197778598067618e-06 9.444037418685688457e-05 4.565874984930921054e-06 9.075041998444539773e-05 -3.142885800870861002e-06 -6.139170562927156170e-05 -6.381682663959844745e-05 -6.242138537154316626e-05 -6.200231321718766703e-05 4.039844601910261584e-06 6.877736588748291835e-05 2.235998860390499081e-05 6.003005898254380659e-04 2.113938748348752426e-03 -2.734679636294455010e-04 1.045704170120671540e-05 7.988493752432462196e-05 -1.381999729968789049e-04 4.527317679097383330e-05 -6.814533577937363119e-05 -6.094244041719606682e-05 3.329851492085906736e-03 -8.225183460058656595e-03 3.914256384077548700e-04 -3.034809188681677128e-04 1.080232492322155395e-06 -1.296563889637721493e-11 -4.532574320904598619e-06 -1.134916957553416266e-05 7.229690777813091048e-09 -1.737507714579291632e-04 7.770683441533649013e-09 -2.173531796702981612e-07 5.395718560749309329e-07 2.859939001978150101e-05 -2.826348830715767475e-09 1.038252335358745104e-07 -9.251519249909204858e-08 3.710168759242619598e-07 1.976827308425831761e-10 -1.362530606031200816e-05 1.170350414900111169e-06 1.422295737003293653e-07 -6.687704048690399837e-07 -6.227532634056899113e-06 -6.224683982398099565e-07 -1.425559479587151157e-05 -8.659233048535240604e-07 1.570920074549879857e-06 3.091677560215349866e-07 1.487701123425951810e-05
9.417589545927011415e-05 9.418271333881457236e-05 2.309235095032844635e-03 9.075041998444539773e-05 2.337301782033276206e-03 1.774692623929630206e-04 -1.346272063449701576e-03 -1.254518435471439113e-03 -1.493090915658971691e-03 -1.429095429260609498e-03 9.409363841769507412e-05 1.260321727853755142e-03 2.879211195214125257e-04 1.407090476013603091e-02 4.956552331078613316e-02 -6.421316236459080444e-03 1.429720275623499711e-03 2.498308672086612791e-03 -3.540382880351392383e-03 8.915806371775140916e-04 -2.067922151830108631e-03 -1.954611438980698342e-03 7.919258262119736880e-02 -1.933692222734990640e-01 9.567399346357061823e-03 -1.283437879405999182e-02 1.406122680273607647e-05 9.810161162932966312e-10 -1.351397851681723360e-04 7.046890503825167503e-05 -3.657630169053798154e-08 -2.146058935841440966e-03 -5.114445292278628314e-08 1.250818828042369286e-06 -4.987980032971310387e-06 -1.600612292192053819e-04 -1.100581658142610125e-07 4.450220995117419312e-06 -1.811614734578686161e-06 7.265647883076336830e-06 4.279660502326344804e-09 -9.933281779628071705e-04 6.795835785584036749e-07 3.654936138005066478e-07 -3.052227634775535163e-06 5.839183330536137700e-05 2.906510481999081551e-07 -1.649427337595582750e-04 -3.954975444700195239e-06 3.629540264647145291e-05 7.906646092094279579e-06 3.472457333074829193e-04
2.279915722042411406e-06 2.320651789649914824e-06 1.448989658878916894e-04 -3.142885800870861002e-06 1.774692623929630206e-04 1.913717450132863818e-04 7.488849451706440161e-05 1.772149774763314854e-04 -6.347567386741360918e-05 2.947018301520384974e-06 2.385513033944340961e-06 -4.059016340129591193e-04 -2.349883408916417585e-04 4.844983808880914478e-04 1.542729095693272812e-03 -6.642353289313906420e-05 1.305292173023519554e-03 7.034993453342223806e-04 -3.867700357490790291e-04 -1.567495785094849721e-04 -5.162326108813607281e-04 -6.544134501588892878e-04 3.032219635647948400e-03 -6.244055701463285986e-03 6.322632519496893975e-04 -6.428222451159612202e-03 -5.542524872533148259e-06 1.764155008032122783e-09 -5.329858337356777260e-05 3.181602479795890147e-05 -1.631950129775554739e-07 -2.338468145914987355e-03 1.346041107827400835e-09 -2.238598768763946240e-07 -8.947701917057627010e-06 -3.481333105784311190e-04 1.596098338744091456e-07 -6.218406716948575098e-06 1.557728516532902338e-06 -6.218393418350861471e-06 -2.993849787597639666e-09 -7.784434050036130853e-04 -3.942471342270983844e-05 -2.150247769720295783e-06 8.920473759445327329e-06 -5.458542438542135641e-05 8.632053475955708770e-06 1.798340457337109803e-04 1.290189527321485688e-05 3.257766702032446956e-07 8.948964736280269840e-07 9.417170522411212288e-06
-6.032743198102193067e-05 -6.030156731806925581e-05 -1.356662521631782923e-03 -6.139170562927156170e-05 -1.346272063449701576e-03 7.488849451706440161e-05 1.009520285040278785e-03 1.024203478488065798e-03 9.147634855734017691e-04 9.503717810589291069e-04 -6.017361281048820760e-05 -1.318372197692732574e-03 -4.503941617185808666e-04 -8.863797066552579068e-03 -3.132842604410763371e-02 4.146067372294010532e-03 6.354094900929004811e-04 -7.942906252160327136e-04 1.877604791586592013e-03 -7.868506058599815042e-04 7.298977735516105382e-04 5.287654890885344801e-04 -4.903433347273146448e-02 1.217769091043202634e-01 -5.596614854839671027e-03 7.220861428131556542e-04 -1.824517117029720063e-05 3.107491137774262630e-09 1.024552921539658085e-04 -2.360991318269318345e-06 1.326574323917072366e-07 -1.989012665216480930e-03 2.858689896408532067e-09 -8.310687491828440307e-08 -1.850988370110439434e-06 -5.389967903604481371e-05 2.391357072603062485e-07 -9.388742714640944048e-06 2.716795283282044942e-06 -1.083422033327015473e-05 -5.823790519743088090e-09 -2.345374395261113558e-04 -4.526609293245508999e-05 -3.273077827425769353e-06 1.462273592879901177e-05 -5.264571055973954158e-05 1.241117362976558122e-05 3.015345876519027286e-04 1.948527955056660846e-05 -2.380045157456398260e-05 -4.178552585055467481e-06 -2.213289657186933736e-04
-5.903762852197198721e-05 -5.899499134426734146e-05 -1.288716430931938434e-03 -6.381682663959844745e-05 -1.254518435471439113e-03 1.772149774763314854e-04 1.024203478488065798e-03 1.271463529287143865e-03 8.944971250493245849e-04 9.610257097045736552e-04 -5.884096943463826333e-05 -1.534361108431998117e-03 -5.693330124703529756e-04 -8.548664451540087528e-03 -3.041112279520793646e-02 4.182100354536994608e-03 1.302237889160573221e-03 -4.543918642377672411e-04 1.697579205972670618e-03 -8.662590810564151349e-04 4.915947375905866269e-04 1.704275518903588388e-04 -4.765856147343588978e-02 1.182787521178293721e-01 -5.298424028907101901e-03 -2.542221860012608761e-03 -2.129568318044177899e-05 1.617858511026817567e-09 3.935663734305289369e-05 5.895038209745940221e-05 -2.251685277427862210e-07 1.643462209571404549e-03 -3.538059921777598788e-08 1.071648310110085644e-06 -6.860005729356565608e-06 -2.645432044115050884e-04 2.790911067398688086e-07 -1.087059390821996946e-05 3.323707769891660316e-06 -1.327977211419577023e-05 -6.918322914475470307e-09 -7.226647101128147194e-04 -6.668003882065825475e-05 -4.559777296814461741e-06 1.986421425215660955e-05 1.051049370936305732e-05 1.913814999445314957e-05 4.093457667368546491e-04 2.755734342899762945e-05 -2.367760036415092787e-05 -3.733752308274950647e-06 -2.154351283434073399e-04
-6.254903120527154851e-05 -6.254368621381198399e-05 -1.492673035373229653e-03 -6.242138537154316626e-05 -1.493090915658971691e-03 -6.347567386741360918e-05 9.147634855734017691e-04 8.944971250493245849e-04 9.966820994357528541e-04 9.533946707580377494e-04 -6.247548438618487679e-05 -9.494929981153497249e-04 -2.505024327057665031e-04 -9.290524509211301254e-03 -3.273165559448773521e-02 4.245570153148246414e-03 -5.642363852572982548e-04 -1.451526744260818631e-03 2.244163846898782847e-03 -6.434829348758255331e-04 1.217560224031610447e-03 1.120242146239180080e-03 -5.197325982548848394e-02 1.275490116419745468e-01 -6.197605322453376628e-03 6.644619901989570754e-03 -1.424938499448256810e-05 -1.583866017236747416e-09 2.154930893531311004e-04 2.312851069813267774e-05 1.596097395593404210e-08 1.809758276455780213e-03 -2.375170140885208389e-08 8.624080365144486638e-07 1.290022068505599410e-06 1.674182008571877635e-05 6.554071420407187525e-08 -2.572687258423479307e-06 1.216910699228350028e-06 -4.865685806991123656e-06 -2.819817398494477815e-09 4.209718413894071674e-04 -9.669935004941188151e-06 -1.678051890724652616e-06 8.097612064733664274e-06 7.602066794157694726e-06 6.744490469251796232e-06 1.640226019497834174e-04 1.024845852293033895e-05 -2.415406077710228011e-05 -5.013307377428383423e-06 -2.298003103896987815e-04
-6.129153888890402017e-05 -6.128031406477686671e-05 -1.434705077973607266e-03 -6.200231321718766703e-05 -1.429095429260609498e-03 2.947018301520384974e-06 9.503717810589291069e-04 9.610257097045736552e-04 9.533946707580377494e-04 9.550989828516474357e-04 -6.118286882695588025e-05 -1.123447227823110928e-03 -3.476579232713062186e-04 -9.055129049681812786e-03 -3.199629430286623361e-02 4.226198591840011481e-03 -1.957018236344205964e-05 -1.160351683284395648e-03 2.082921090212805706e-03 -7.073734572975980822e-04 1.006209844191228303e-03 8.399364108562230695e-04 -5.065174246544398851e-02 1.246324496796580583e-01 -5.928266691554356926e-03 3.959496157549053513e-03 -1.435184876849871717e-05 3.712244437737280442e-10 7.104687143637515177e-05 7.850211916515991564e-06 -6.608625657816158417e-08 -1.450357153451830011e-04 -5.622636473162087032e-09 2.398129970377030715e-07 -6.843655712232769393e-07 -3.974124313212932256e-05 1.519033273289242566e-07 -5.975804486621558701e-06 2.003863662024348909e-06 -8.009603717681458519e-06 -4.380866542937804203e-09 1.082273143793727058e-04 -2.683159049106844388e-05 -2.019756866550397074e-06 9.423886144074281637e-06 -1.908710519684958545e-05 7.690924088942008690e-06 2.260309226376953321e-04 1.272664972955222029e-05 -2.398241893578385858e-05 -4.633942901722023898e-06 -2.251850763695445652e-04
4.061838725256520105e-06 4.060047307914872519e-06 9.394286571517613030e-05 4.039844601910261584e-06 9.409363841769507412e-05 2.385513033944340961e-06 -6.017361281048820760e-05 -5.884096943463826333e-05 -6.247548438618487679e-05 -6.118286882695588025e-05 4.161200072299518806e-06 6.532362121040184222e-05 1.978378292922814623e-05 6.022573757025382300e-04 2.114914646505118394e-03 -2.688660524721413073e-04 1.960817598365582919e-05 8.341830456063985732e-05 -1.391489277412698105e-04 4.386068232826272197e-05 -7.018228159973548676e-05 -6.616947806105049983e-05 3.319185531360568930e-03 -8.222197289285172739e-03 3.919278652173356333e-04 -3.458330143437399889e-04 1.448639248169233006e-06 2.959352326788902915e-11 -8.249036774995543146e-06 -1.178073428265149219e-06 -2.393852659934986727e-09 -4.474797522930884497e-05 1.389627823563397398e-09 -4.951290178802783104e-08 -7.451239980396215957e-08 -1.715464887307073719e-06 7.459141660714493686e-06 5.330063477838768636e-07 -3.635378696821101636e-06 -6.583880095585876151e-08 9.157354420458930417e-10 -2.870588449569334228e-05 6.184102548813346168e-07 2.109356629530988845e-07 -9.435931474923420049e-07 1.320568213858989560e-06 -8.401240519448987228e-07 2.200804919878710908e-04 3.168899649618416377e-06 1.559745682048430995e-06 3.126762395387646568e-07 1.488129419944573665e-05
6.605925993075031672e-05 6.589236747503527660e-05 1.276204501946902846e-03 6.877736588748291835e-05 1.260321727853755142e-03 -4.059016340129591193e-04 -1.318372197692732574e-03 -1.534361108431998117e-03 -9.494929981153497249e-04 -1.123447227823110928e-03 6.532362121040184222e-05 2.906543791269066909e-03 1.068810946667036760e-03 9.335677831304074747e-03 3.338681282352591595e-02 -4.734987458898397110e-03 -3.539181867826734704e-03 -5.701917168211029664e-04 -1.377192529621953671e-03 1.257711720045510094e-03 2.432943218036670661e-04 7.871509829783752618e-04 5.102718230942265148e-02 -1.292967884936246925e-01 5.212672917279882051e-03 1.291035250680773981e-02 3.679644610449779547e-05 -4.845791825310602428e-09 -2.139966774310262889e-05 9.925271728655956640e-05 2.631095750895712709e-07 1.012420889990042067e-02 -8.005629416024008500e-08 2.764335571798804073e-06 9.034051028206500125e-06 2.020503151225588575e-04 -1.726679201158798013e-05 2.758860123221362661e-05 6.634410973626618302e-06 2.876457582724126753e-05 -2.420081750461790672e-05 2.144564197477345519e-03 1.494004117104393134e-04 9.318278963876820795e-06 -3.994644973238397663e-05 2.441026745946014813e-04 -3.668650202946473291e-05 -1.396788790304415596e-03 -6.703106230369006873e-05 2.721107864647073863e-05 2.985153855663136828e-06 2.390012103528917867e-04
1.858510116426948918e-05 1.850931920705017132e-05 3.121952774630744635e-04 2.235998860390499081e-05 2.879211195214125257e-04 -2.349883408916417585e-04 -4.503941617185808666e-04 -5.693330124703529756e-04 -2.505024327057665031e-04 -3.476579232713062186e-04 1.978378292922814623e-05 1.068810946667036760e-03 5.214020164170151198e-04 2.549328470167437546e-03 9.260796479802931719e-03 -1.428099253817783146e-03 -1.854365400518755277e-03 -5.850722352497518194e-04 -1.972344310918193759e-04 4.771308622739544756e-04 3.726858736816339164e-04 6.344966852089074273e-04 1.385817316327397040e-02 -3.575820739352859184e-02 1.226885512155663840e-03 7.744872331800701365e-03 1.119158748327796248e-05 -3.004411663274350946e-09 6.638550548119687990e-05 1.025817511756498426e-05 1.874146253350693501e-07 4.988277952530041984e-03 5.652568142834557748e-09 1.452824127014989357e-06 7.825037309694730668e-06 2.524053525451244208e-04 -3.164348510644508565e-06 8.477692792869122147e-06 -1.464888104292101070e-04 -3.437405610434410301e-06 -4.300645474149244194e-06 3.293976353600561158e-04 4.854985045509587854e-05 3.280100049987633444e-06 -1.370489049979021928e-05 1.818396000120216130e-04 -1.131882018107468225e-05 2.766212347295136757e-03 3.725024557471836093e-05 8.140288345275689089e-06 3.869143121111162038e-07 6.721197844230481573e-05
6.030446162589034537e-04 6.029666673961969281e-04 1.406868432923863085e-02 6.003005898254380659e-04 1.407090476013603091e-02 4.844983808880914478e-04 -8.863797066552579068e-03 -8.548664451540087528e-03 -9.290524509211301254e-03 -9.055129049681812786e-03 6.022573757025382300e-04 9.335677831304074747e-03 2.549328470167437546e-03 8.974644204624056265e-02 3.149118172297016849e-01 -3.983525896679548234e-02 4.090868561668905071e-03 1.298148055749414297e-02 -2.095388036817513733e-02 6.357591458612184797e-03 -1.084452923235436524e-02 -1.042188963303893739e-02 4.944295698030222175e-01 -1.224330503761515754e+00 5.862693571554239425e-02 -5.706465217554143599e-02 1.901812678259024749e-04 2.725260810354251932e-09 -1.104198602500767188e-03 -2.153470205738175893e-04 -5.682741354991556790e-07 -8.898834371089387948e-03 2.175082047235586153e-07 -7.939488014202111273e-06 -1.334133878273328821e-05 -2.889552769216720903e-04 -7.405991529742848728e-07 2.895595566420583445e-05 -1.181657034440550651e-05 4.699955779237672209e-05 2.769415567486824926e-08 -4.018241710170069106e-03 1.007146584255849263e-04 2.511942201540067065e-05 -1.162834709664124192e-04 5.106477110244141832e-05 -9.944857487211254665e-05 -1.695184322613020036e-03 -1.390666433096174629e-04 2.313789585450665555e-04 4.713357163135087384e-05 2.214689725677082815e-03
2.117724555176914072e-03 2.117503998737783628e-03 4.958990243419100774e-02 2.113938748348752426e-03 4.956552331078613316e-02 1.542729095693272812e-03 -3.132842604410763371e-02 -3.041112279520793646e-02 -3.273165559448773521e-02 -3.199629430286623361e-02 2.114914646505118394e-03 3.338681282352591595e-02 9.260796479802931719e-03 3.149118172297016849e-01 1.121673010837726858e+00 -1.410870805918049975e-01 1.344560118456181522e-02 4.277320043735195060e-02 -6.640731699323740300e-02 1.932838338493095970e-02 -3.987256034261265486e-02 2.515988342228983599e-02 1.627784585347627377e+00 -4.328995151909190042e+00 1.347034385057916950e-01 -1.513767256781275994e-01 6.203716524376991226e-04 7.043611533171780043e-09 -3.636596952896143254e-03 -6.888215007061313389e-04 -1.305150042122792941e-06 -2.876037234151339675e-02 6.710031397650200057e-07 -2.472542599401825663e-05 -3.632117041090459188e-05 -5.938144612298834049e-04 -2.894543237896520020e-06 1.134362077134083659e-04 -4.508494182307373071e-05 1.796155999810432758e-04 1.041237347972289992e-07 -1.306829239000069712e-02 4.142839009997655638e-04 8.036458348579059998e-05 -3.744210533528467160e-04 1.832403205473965831e-04 -3.156410694756832044e-04 -6.082010031231922971e-03 -4.555752000056020336e-04 7.284849598492672881e-04 1.771315241580251657e-04 9.172231882092514790e-03
-2.692618107297388452e-04 -2.692750597471493660e-04 -6.450239523027792923e-03 -2.734679636294455010e-04 -6.421316236459080444e-03 -6.642353289313906420e-05 4.146067372294010532e-03 4.182100354536994608e-03 4.245570153148246414e-03 4.226198591840011481e-03 -2.688660524721413073e-04 -4.734987458898397110e-03 -1.428099253817783146e-03 -3.983525896679548234e-02 -1.410870805918049975e-01 1.889431033352825459e-02 -9.476006172998805311e-04 -5.641129608384466872e-03 9.477948380486534569e-03 -3.001951526871874353e-03 4.864050220590020179e-03 4.026046861624285947e-03 -2.252550609319387831e-01 5.505024377752900655e-01 -2.656508124076151917e-02 2.171967035083636338e-02 -4.118315794234332866e-05 1.152883988788137434e-09 2.697898324946742588e-04 3.342058414236771151e-05 -3.861988407872690865e-07 1.597386441221096236e-03 -1.094780447583767749e-08 6.144451740298728038e-07 -3.843729260131715302e-06 -2.614904209415195072e-04 6.060098304833450348e-07 -2.393904675401260367e-05 8.625614017945799924e-06 -3.457896822984273032e-05 -1.878059457633503206e-08 8.139304792177345406e-04 -1.018533646267942686e-04 -4.017723251910256592e-06 2.078694617453913645e-05 -2.781638441054445178e-05 1.357673661969856578e-05 8.799087360773375291e-04 3.210558945512498151e-05 -1.057658343350382742e-04 -2.100137429663130481e-05 -9.913005279587085161e-04
1.867380590079662650e-05 1.914284105724895917e-05 1.367130641184710182e-03 1.045704170120671540e-05 1.429720275623499711e-03 1.305292173023519554e-03 6.354094900929004811e-04 1.302237889160573221e-03 -5.642363852572982548e-04 -1.957018236344205964e-05 1.960817598365582919e-05 -3.539181867826734704e-03 -1.854365400518755277e-03 4.090868561668905071e-03 1.344560118456181522e-02 -9.476006172998805311e-04 1.157482553191954873e-02 6.337975849410455199e-03 -3.530653866116229000e-03 -1.385366170769742169e-03 -4.702274907390080819e-03 -5.704478910352088657e-03 2.820790412477211170e-02 -5.532788848810121785e-02 5.781312498118857182e-03 -5.713243785776148109e-02 -7.588575260323607524e-05 1.353528006020133812e-08 -1.472948393496478802e-04 -1.603654760695644263e-04 -5.315248474388848715e-07 -3.046674434932226255e-02 1.335307003545267287e-07 -4.956935744159634359e-06 -2.544291837626163293e-05 -4.883151946517185881e-04 1.466075635944566307e-06 -5.725544895334287206e-05 1.211428830527600445e-05 -4.807042859753439480e-05 -2.425442640160159729e-08 -6.658375056429161054e-03 -3.393064230368703386e-04 -2.457767531012810841e-05 1.023081077659520970e-04 -5.764259841074914452e-04 9.976843100410772683e-05 1.472923394010056033e-03 1.371730050769773409e-04 3.341527388739895071e-06 8.040612711088345312e-06 8.107810165058530012e-05
8.303496775621738493e-05 8.328534824346423004e-05 2.473412872214235218e-03 7.988493752432462196e-05 2.498308672086612791e-03 7.034993453342223806e-04 -7.942906252160327136e-04 -4.543918642377672411e-04 -1.451526744260818631e-03 -1.160351683284395648e-03 8.341830456063985732e-05 -5.701917168211029664e-04 -5.850722352497518194e-04 1.298148055749414297e-02 4.277320043735195060e-02 -5.641129608384466872e-03 6.337975849410455199e-03 1.003045638329340059e-02 -1.104467213517524443e-02 1.184687134377160897e-03 -2.847907202153175926e-03 -1.808474379715098446e-02 9.911122881635647808e-02 -1.746165287573188951e-01 -3.936481751103809712e-04 -1.781708084935377384e-02 -2.889613213141879847e-05 6.790353314921112414e-09 -1.497440697214888310e-04 -9.309174498635879686e-05 -1.713875244664956860e-07 -1.643837354768749870e-02 7.276514283593242400e-08 -2.759019947135104520e-06 -1.228321233951307280e-05 -1.837532079552410677e-04 6.045782233710967716e-07 -2.353569401504696017e-05 4.006788880759279290e-06 -1.580214860605652611e-05 -7.612622923323810537e-09 -3.716775156107601091e-03 -1.503968144441611074e-04 -1.186067455524612313e-05 4.827252504114966434e-05 -2.954162903420424059e-04 4.889671747629198840e-05 5.344112462130018535e-04 6.351640315279536071e-05 8.460982923742262725e-05 -1.749095733590622429e-05 3.460739794648821032e-05
-1.391042997405270241e-04 -1.392203066534774712e-04 -3.533925262939270010e-03 -1.381999729968789049e-04 -3.540382880351392383e-03 -3.867700357490790291e-04 1.877604791586592013e-03 1.697579205972670618e-03 2.244163846898782847e-03 2.082921090212805706e-03 -1.391489277412698105e-04 -1.377192529621953671e-03 -1.972344310918193759e-04 -2.095388036817513733e-02 -6.640731699323740300e-02 9.477948380486534569e-03 -3.530653866116229000e-03 -1.104467213517524443e-02 5.020766105504413657e-02 -2.796927828803738580e-02 8.662921583355860655e-03 4.150735666272088037e-02 -1.837698104279990308e-01 2.776815717466457056e-01 -6.377521642668058932e-02 4.854777780625593731e-02 -9.094805612556897237e-06 -3.232608650786567751e-09 2.103570594705310849e-04 6.781127902011425588e-05 5.157080308320744026e-08 8.856328905957349187e-03 -5.392110833306030805e-08 2.059006373609018632e-06 6.166469531992606432e-06 5.973433069311874326e-05 -1.131886332839549717e-07 4.329173129741080377e-06 6.846152877460893328e-07 -2.839806931942342948e-06 -2.175435028173157218e-09 2.247482938391599100e-03 4.418049010106106717e-05 2.915100948488928482e-06 -9.903497274315536063e-06 1.316625231777363773e-04 -1.291860695053791365e-05 4.823593350774109346e-05 -1.320268210996940722e-05 -7.798443090063257588e-04 2.410882493383423514e-05 1.201988111383888629e-03
4.405790746197381884e-05 4.398669886783347237e-05 9.017627083910974804e-04 4.527317679097383330e-05 8.915806371775140916e-04 -1.567495785094849721e-04 -7.868506058599815042e-04 -8.662590810564151349e-04 -6.434829348758255331e-04 -7.073734572975980822e-04 4.386068232826272197e-05 1.257711720045510094e-03 4.771308622739544756e-04 6.357591458612184797e-03 1.932838338493095970e-02 -3.001951526871874353e-03 -1.385366170769742169e-03 1.184687134377160897e-03 -2.796927828803738580e-02 1.904149173629605257e-02 -3.379664680345615888e-03 -1.397865379347311768e-02 5.785221899824322112e-02 -8.029343002442378141e-02 3.959520168159699760e-02 -2.038676070782961813e-02 2.364244925007303683e-05 -1.840800083219086922e-09 -5.423945118647142407e-05 9.203366246014713391e-06 6.149813068047017258e-08 3.794202010521893677e-03 -6.251747618184368946e-09 2.302867851778233080e-07 3.067266056945743576e-06 6.555718914061569528e-05 -2.805177641268221819e-07 1.096951892871629152e-05 -2.808525785367133858e-06 1.116681894391961538e-05 5.922560576774497262e-09 6.895415899505032750e-04 5.913172021609236522e-05 5.148085442341624712e-06 -2.228461334583771355e-05 8.697001778410132894e-05 -2.062906404734569967e-05 -3.485349743020847105e-04 -2.910986379077909318e-05 5.164130481910226417e-04 -1.258496202389335441e-05 -8.085031727950818667e-04
-6.990995241191167689e-05 -7.010231567359235562e-05 -2.052707700130216792e-03 -6.814533577937363119e-05 -2.067922151830108631e-03 -5.162326108813607281e-04 7.298977735516105382e-04 4.915947375905866269e-04 1.217560224031610447e-03 1.006209844191228303e-03 -7.018228159973548676e-05 2.432943218036670661e-04 3.726858736816339164e-04 -1.084452923235436524e-02 -3.987256034261265486e-02 4.864050220590020179e-03 -4.702274907390080819e-03 -2.847907202153175926e-03 8.662921583355860655e-03 -3.379664680345615888e-03 7.362597884251079194e-02 -2.675172071399715967e-03 -5.049389100891803206e-02 1.509598162354375828e-01 -1.622324718531392151e-01 1.881363979302818068e-01 2.434987077152135594e-05 -4.850645420104956670e-09 1.002962616414527423e-04 6.523417119789592629e-05 6.122173021500649287e-08 1.216307719228364170e-02 -4.729028354077015544e-08 1.828398668065885796e-06 8.239094816291162772e-06 9.599271258438830435e-05 -4.119239313541696391e-07 1.600028018149545576e-05 -2.464918672377539392e-06 9.671553207092507067e-06 4.610747333531540839e-09 2.723966434975895121e-03 1.048814774911092750e-04 9.413799934496378620e-06 -3.834972218881987644e-05 2.202973417261079635e-04 -3.899546772419971833e-05 -3.649420215095236443e-04 -4.935872562598595805e-05 -5.140111539208853508e-06 -1.945218714343281436e-04 -1.450084313234658944e-04
-6.582021482665997738e-05 -6.601345401166205289e-05 -1.921247448407676934e-03 -6.094244041719606682e-05 -1.954611438980698342e-03 -6.544134501588892878e-04 5.287654890885344801e-04 1.704275518903588388e-04 1.120242146239180080e-03 8.399364108562230695e-04 -6.616947806105049983e-05 7.871509829783752618e-04 6.344966852089074273e-04 -1.042188963303893739e-02 2.515988342228983599e-02 4.026046861624285947e-03 -5.704478910352088657e-03 -1.808474379715098446e-02 4.150735666272088037e-02 -1.397865379347311768e-02 -2.675172071399715967e-03 7.938745399183479989e-01 -1.630486344593974124e+00 5.809802040499068010e-01 -6.152718475557630295e-01 4.038039552600862780e-01 8.025257582322325393e-06 -6.709844428361191992e-09 2.101118472741621474e-04 1.030316021726819270e-04 4.034251509766378183e-07 1.484782239554914215e-02 -9.538681698623968870e-08 3.481030466396424528e-06 1.433444710602388455e-05 3.137671494520222161e-04 -6.312973265792168354e-07 2.469642362191465542e-05 -4.861812569230280245e-06 1.933459309130268803e-05 9.298152308955827107e-09 3.523495173696558624e-03 1.516462170422580992e-04 7.299151037890008520e-06 -2.906095347670424383e-05 2.529901847254506226e-04 -2.958759776311496682e-05 -5.166108409564893703e-04 -4.263309221608820986e-05 -2.066512667242489129e-04 -3.026873773076994584e-04 5.130578944348498927e-03
3.322889369067760605e-03 3.323150782028526980e-03 7.928579956494968828e-02 3.329851492085906736e-03 7.919258262119736880e-02 3.032219635647948400e-03 -4.903433347273146448e-02 -4.765856147343588978e-02 -5.197325982548848394e-02 -5.065174246544398851e-02 3.319185531360568930e-03 5.102718230942265148e-02 1.385817316327397040e-02 4.944295698030222175e-01 1.627784585347627377e+00 -2.252550609319387831e-01 2.820790412477211170e-02 9.911122881635647808e-02 -1.837698104279990308e-01 5.785221899824322112e-02 -5.049389100891803206e-02 -1.630486344593974124e+00 5.911456603152705824e+00 -7.723241164235265188e+00 1.601100188130068158e+00 -1.150857201841134936e+00 7.358390957367595166e-04 1.441329184748545132e-08 -4.975060135985058182e-03 -9.860626308156124255e-04 -1.244479100151224711e-07 -6.366340512296971010e-02 8.461459055145461629e-07 -3.212828851927923617e-05 -4.311136014126082220e-05 9.152192847316316035e-05 -4.218250793456024362e-06 1.663167747977819340e-04 -7.192123254615246449e-05 2.876377911786966515e-04 1.645393289771054580e-07 -2.277629175947016443e-02 5.516176596104839774e-04 7.619553086041748534e-05 -3.750674078934299483e-04 -2.185037574060727473e-04 -2.867608376580267084e-04 -8.617694105376449282e-03 -4.743913495624548339e-04 1.466583546449567056e-03 9.257732698269389646e-04 2.539835174661772728e-03
-8.232808404044809208e-03 -8.232239242637492266e-03 -1.934957031630635815e-01 -8.225183460058656595e-03 -1.933692222734990640e-01 -6.244055701463285986e-03 1.217769091043202634e-01 1.182787521178293721e-01 1.275490116419745468e-01 1.246324496796580583e-01 -8.222197289285172739e-03 -1.292967884936246925e-01 -3.575820739352859184e-02 -1.224330503761515754e+00 -4.328995151909190042e+00 5.505024377752900655e-01 -5.532788848810121785e-02 -1.746165287573188951e-01 2.776815717466457056e-01 -8.029343002442378141e-02 1.509598162354375828e-01 5.809802040499068010e-01 -7.723241164235265188e+00 1.734550452438046975e+01 -1.071816928621291298e+00 9.642987702394760774e-01 -2.293517872848499766e-03 -2.839787151715033366e-08 1.375424232295565860e-02 2.620729913471589196e-03 4.053853416672631249e-06 1.197587614633474629e-01 -2.495125396816650991e-06 9.242919228887844273e-05 1.327007887235224473e-04 1.754840968596653753e-03 1.116540923668880625e-05 -4.380765166661926020e-04 1.765467152677362346e-04 -7.039125080031578829e-04 -4.067300021651956682e-07 5.162649382912339741e-02 -1.578075585097683592e-03 -2.880277215390654737e-04 1.351633012900826762e-03 -4.821455478273431266e-04 1.124982857384867595e-03 2.324824046541814834e-02 1.654571791514854390e-03 -2.757663325391001945e-03 -1.045538317575736478e-03 -3.318622714541962643e-02
3.921584654892748198e-04 3.922935900798010410e-04 9.565987221786011185e-03 3.914256384077548700e-04 9.567399346357061823e-03 6.322632519496893975e-04 -5.596614854839671027e-03 -5.298424028907101901e-03 -6.197605322453376628e-03 -5.928266691554356926e-03 3.919278652173356333e-04 5.212672917279882051e-03 1.226885512155663840e-03 5.862693571554239425e-02 1.347034385057916950e-01 -2.656508124076151917e-02 5.781312498118857182e-03 -3.936481751103809712e-04 -6.377521642668058932e-02 3.959520168159699760e-02 -1.622324718531392151e-01 -6.152718475557630295e-01 1.601100188130068158e+00 -1.071816928621291298e+00 3.185964836383630150e+00 -2.758706279380712001e+00 6.737487207519264045e-05 4.530185199029188746e-09 -6.030051101254363215e-04 -1.473096579869184861e-04 -1.013619108702036352e-07 -1.397833470203555840e-02 1.240400931790952278e-07 -4.700684021767898157e-06 -1.014228576085687408e-05 -7.809262260276126797e-05 -1.851456036405620736e-07 7.426784884542545352e-06 -5.907820800802801378e-06 2.371913854889144978e-05 1.421423205193237608e-08 -4.068965026303955450e-03 -7.057148749653108428e-06 3.204454355820675928e-06 -2.004685541202579037e-05 -1.511359729730599448e-04 -1.030195874097291860e-05 -6.905091362689804325e-04 -2.408750721165695387e-05 5.621132807636815536e-04 -7.466082748684016446e-04 -3.914559897305974930e-03
-3.416744639436308361e-04 -3.439278895392657628e-04 -1.254576574614224387e-02 -3.034809188681677128e-04 -1.283437879405999182e-02 -6.428222451159612202e-03 7.220861428131556542e-04 -2.542221860012608761e-03 6.644619901989570754e-03 3.959496157549053513e-03 -3.458330143437399889e-04 1.291035250680773981e-02 7.744872331800701365e-03 -5.706465217554143599e-02 -1.513767256781275994e-01 2.171967035083636338e-02 -5.713243785776148109e-02 -1.781708084935377384e-02 4.854777780625593731e-02 -2.038676070782961813e-02 1.881363979302818068e-01 4.038039552600862780e-01 -1.150857201841134936e+00 9.642987702394760774e-01 -2.758706279380712001e+00 2.753224782147341898e+00 3.076874275302492233e-04 -6.530917790385943431e-08 1.064645935311009329e-03 8.335894679642269706e-04 2.495787100111004619e-06 1.495719928188957160e-01 -6.938208293810695264e-07 2.582797966704430736e-05 1.236389510452623973e-04 2.289962662554191185e-03 -6.632951379682839613e-06 2.589034683711123456e-04 -5.191854489199202095e-05 2.058261337283565583e-04 1.024032840252826282e-07 3.333305214635810115e-02 1.567877674265371907e-03 1.115415424172042731e-04 -4.599775578424177436e-04 2.757419404107196159e-03 -4.546008746001308073e-04 -6.340540179423145156e-03 -6.181402819161181499e-04 -3.382642306322837912e-04 8.873533721158235197e-04 8.630157383578860794e-04
1.449298903613259244e-06 1.445357742104305948e-06 9.863834073463230190e-06 1.080232492322155395e-06 1.406122680273607647e-05 -5.542524872533148259e-06 -1.824517117029720063e-05 -2.129568318044177899e-05 -1.424938499448256810e-05 -1.435184876849871717e-05 1.448639248169233006e-06 3.679644610449779547e-05 1.119158748327796248e-05 1.901812678259024749e-04 6.203716524376991226e-04 -4.118315794234332866e-05 -7.588575260323607524e-05 -2.889613213141879847e-05 -9.094805612556897237e-06 2.364244925007303683e-05 2.434987077152135594e-05 8.025257582322325393e-06 7.358390957367595166e-04 -2.293517872848499766e-03 6.737487207519264045e-05 3.076874275302492233e-04 8.666880319223544966e-05 7.055382317096000362e-11 -2.480985823324374881e-05 9.206628108234650123e-07 -1.054560249388491970e-08 1.165229675698307277e-04 8.260491117856882467e-09 -9.728923310789708508e-08 -2.906530915467290770e-07 -1.740583531204920547e-05 5.681751711678974436e-08 -2.763355432678310538e-08 1.444323233318381666e-07 -3.753392256659742739e-07 -2.164671418114009022e-10 2.720166634313983111e-05 1.171521883073570740e-06 8.428385500484830624e-06 -4.036780194136793262e-06 1.887030390173020090e-05 -4.989185480493525730e-06 2.577046753613387777e-05 -4.860298612206588285e-06 4.348172950618033420e-07 3.318517686181019692e-08 4.547935633671576941e-06
3.020540299389655155e-11 2.797858580937347927e-11 4.474679936947262281e-10 -1.296563889637721493e-11 9.810161162932966312e-10 1.764155008032122783e-09 3.107491137774262630e-09 1.617858511026817567e-09 -1.583866017236747416e-09 3.712244437737280442e-10 2.959352326788902915e-11 -4.845791825310602428e-09 -3.004411663274350946e-09 2.725260810354251932e-09 7.043611533171780043e-09 1.152883988788137434e-09 1.353528006020133812e-08 6.790353314921112414e-09 -3.232608650786567751e-09 -1.840800083219086922e-09 -4.850645420104956670e-09 -6.709844428361191992e-09 1.441329184748545132e-08 -2.839787151715033366e-08 4.530185199029188746e-09 -6.530917790385943431e-08 7.055382317096000362e-11 2.346862552888294996e-13 -5.486230754585037545e-09 -6.292338518604034314e-10 1.106813913387829232e-11 -7.356047821368500360e-08 9.406141534426093268e-13 -3.301612242808783237e-11 -6.800760051992768631e-11 -2.145863971724524727e-09 3.347861360666110909e-12 -1.359468685855955688e-10 3.637426149254019504e-11 -1.464220100236554079e-10 -7.073846375737115792e-14 -5.484378653478853258e-09 -4.662277317532658379e-10 4.202636409632069479e-11 -2.776739085329105311e-10 -4.063874096053965093e-11 -3.224596535631274654e-10 3.037175130929802365e-10 -3.165600252711431341e-10 -4.399113983674582192e-12 7.750864844514428101e-12 3.594273760325618135e-11
-8.337478306144958763e-06 -8.192182512341240967e-06 -1.044873792419607290e-04 -4.532574320904598619e-06 -1.351397851681723360e-04 -5.329858337356777260e-05 1.024552921539658085e-04 3.935663734305289369e-05 2.154930893531311004e-04 7.104687143637515177e-05 -8.249036774995543146e-06 -2.139966774310262889e-05 6.638550548119687990e-05 -1.104198602500767188e-03 -3.636596952896143254e-03 2.697898324946742588e-04 -1.472948393496478802e-04 -1.497440697214888310e-04 2.103570594705310849e-04 -5.423945118647142407e-05 1.002962616414527423e-04 2.101118472741621474e-04 -4.975060135985058182e-03 1.375424232295565860e-02 -6.030051101254363215e-04 1.064645935311009329e-03 -2.480985823324374881e-05 -5.486230754585037545e-09 1.220731234763496259e-03 3.561250307841854048e-05 9.767093381989416718e-07 4.433150110819681841e-03 -7.004126712228903252e-08 2.421018317087344812e-06 5.899624565612792212e-06 2.501895937289136352e-04 -6.987295882633920401e-08 4.572885045602495958e-06 -1.451097954621841145e-06 6.073509175739403322e-06 3.191346959440336886e-09 1.468709581448616368e-05 7.221704015000060656e-06 -6.018264938089606893e-06 2.527887878237501518e-05 -4.297136018008211551e-05 2.712016570986748031e-05 6.719136476495616954e-05 2.936340665917313572e-05 -2.318300074736239718e-06 -5.317394714991625069e-07 -2.582327805053771975e-05
-1.813317176960959422e-06 -1.155410097080695640e-06 -3.530595859875027931e-05 -1.134916957553416266e-05 7.046890503825167503e-05 3.181602479795890147e-05 -2.360991318269318345e-06 5.895038209745940221e-05 2.312851069813267774e-05 7.850211916515991564e-06 -1.178073428265149219e-06 9.925271728655956640e-05 1.025817511756498426e-05 -2.153470205738175893e-04 -6.888215007061313389e-04 3.342058414236771151e-05 -1.603654760695644263e-04 -9.309174498635879686e-05 6.781127902011425588e-05 9.203366246014713391e-06 6.523417119789592629e-05 1.030316021726819270e-04 -9.860626308156124255e-04 2.620729913471589196e-03 -1.473096579869184861e-04 8.335894679642269706e-04 9.206628108234650123e-07 -6.292338518604034314e-10 3.561250307841854048e-05 1.135475190633581776e-03 -3.765354038985580764e-08 4.978417063017067865e-03 2.555193328879421847e-06 1.181267232818659118e-05 -4.494308589140255982e-06 -3.326224950817420695e-04 4.557231631052687394e-06 1.432453881694593422e-05 2.711570185898355689e-06 8.690983375132934019e-06 3.477386302538258327e-08 2.339461573058064145e-04 2.166854790569277360e-05 4.573735709220259672e-07 -1.738727269242163860e-06 -2.299425748018140390e-03 -2.743808036898397348e-05 -7.332226635468550024e-05 -3.496383050512497521e-06 -3.487575531805897785e-07 -1.675891229656338903e-07 -4.752382127399707736e-06
