2.098519339061215855e-05 2.121962999959474351e-05 -4.078775101607639599e-05 -1.599059136557866556e-06 5.017855265139305253e-06 4.960865362054522388e-06 -1.105202453782513268e-05 1.123442524732818478e-05 1.461209252805458475e-05 -1.368414646343338321e-07 0.000000000000000000e+00 -1.286239570601164180e-05 -2.133784865370476110e-09 1.517322039675437454e-04 -1.523261848632463723e-05 -2.802139238320916920e-08 7.708111220390308346e-04 1.614421926126356429e-06 3.265738493456846061e-07 5.894869356284126506e-07 3.935959502997180145e-05 -3.762701582498747394e-04 -2.826924283870167878e-05 7.962942559101772211e-06 2.662171559356958701e-06 -3.926573516465334300e-04 -6.599076501860161370e-06 -3.129720490261047375e-06 1.319871399159596558e-05 -4.591909312101840902e-05 1.462921625500632886e-05 -3.135026802473223767e-02 -5.049376968870810355e-04
2.121962999959474351e-05 2.146259322881598382e-05 -4.125474426384492560e-05 -1.391791452638932910e-06 4.487181697125924992e-06 4.788680222205208165e-06 -1.119461958864213636e-05 1.166498903961570133e-05 1.477500494707045646e-05 -1.462855115189784004e-07 0.000000000000000000e+00 -1.298061105318723582e-05 -2.159525797646786334e-09 1.535046462031415060e-04 -1.812088406586111880e-05 -2.892039570951006801e-08 7.915612945384568628e-04 9.761787893295298017e-07 1.446653880485007723e-07 5.531070585830684993e-07 3.818702219143872852e-05 -3.814568891189976801e-04 -2.865485319016343723e-05 7.180655528643302210e-06 2.643580017015839325e-06 -3.989091694617890281e-04 -6.681497401221857089e-06 -3.162773682609009125e-06 1.335012390400041820e-05 -5.973614219335288215e-05 1.466514347401071363e-05 -3.170920822414438622e-02 -5.107189054390582142e-04
-4.078775101607639599e-05 -4.125474426384492560e-05 7.929866018488554479e-05 2.675349022166430735e-06 -8.625359851404878976e-06 -9.204767121199847261e-06 2.151753222356710880e-05 -2.242196998091776502e-05 -2.839988968575922140e-05 2.811405090324816307e-07 0.000000000000000000e+00 2.501014231571829826e-05 4.150744872671798818e-09 -2.950609991439950624e-04 3.483144673379701475e-05 5.558809792812199443e-08 -1.521506129257150283e-03 -1.876466832436250466e-06 -2.780842206724656717e-07 -1.063177907220661241e-06 -7.340281187308720441e-05 7.332251086154440052e-04 5.507951404930575234e-05 -1.380218961254975295e-05 -5.081321408645589561e-06 7.667716266924178709e-04 1.284298930325492765e-05 6.084686365968931088e-06 -2.566065834242949620e-05 1.148225819820335891e-04 -2.818891367547421241e-05 6.095051060350104716e-02 9.816889100898295445e-04
-1.599059136557866556e-06 -1.391791452638932910e-06 2.675349022166430735e-06 7.233697084706076387e-05 -1.789223255407842224e-04 -4.973027260915450197e-05 -8.551612035790268326e-06 1.514327457024745513e-04 1.589101473150470644e-07 -2.083813870307673262e-06 0.000000000000000000e+00 3.391434894634502210e-07 -5.895783046979218525e-10 2.454385457045473633e-06 -7.903376912843883533e-05 -6.790009762336000124e-08 5.420202997495603310e-03 -7.807473764660659602e-05 -1.259520452820866025e-05 -5.373083595880001329e-06 -3.836634772865847283e-04 -1.003449534650986902e-04 -2.644351697664613443e-06 -1.250250647109458200e-04 -6.831454926539599711e-06 -2.731799596067133943e-04 2.080630145601008429e-06 2.157042397537857673e-07 -8.646307180747836831e-07 -5.044526255626581666e-04 -5.982842701029261092e-06 2.056325902145586873e-03 3.311985927072504088e-05
5.017855265139305253e-06 4.487181697125924992e-06 -8.625359851404878976e-06 -1.789223255407842224e-04 4.592654881399894093e-04 1.836134668483217791e-04 2.228073905907890990e-05 -3.638857434006850756e-04 3.479161483855636909e-06 5.788428374013339223e-06 0.000000000000000000e+00 -1.239177016382610273e-06 1.349865803435766761e-09 2.215923175602794526e-05 2.147683566700601054e-04 2.617474791679009206e-07 -1.214470611882999436e-02 1.926479988675844845e-04 3.235868467230428914e-05 2.073164982638383972e-05 1.433112055654962250e-03 2.260605045322999589e-04 4.914104667552413904e-06 3.060277485953901604e-04 1.641884499317135506e-05 6.268895861997646679e-04 -6.636963410349152257e-06 -6.890685547297345123e-07 2.788251900514772898e-06 1.312826341639914069e-03 1.618514159089855345e-05 -6.629621305786804336e-03 -1.067788546731605046e-04
4.960865362054522388e-06 4.788680222205208165e-06 -9.204767121199847261e-06 -4.973027260915450197e-05 1.836134668483217791e-04 2.544601640339353875e-04 1.011159546663598639e-05 -6.680870535464284560e-05 1.393833808910179348e-05 3.732859351878636498e-06 0.000000000000000000e+00 -1.708420867739038804e-06 1.878899365825624437e-11 1.012835360421214157e-04 8.043105995390095048e-05 3.846973284067946592e-07 8.241680252250099207e-04 4.696118061570331509e-05 1.128116439313784656e-05 3.052953474493698226e-05 2.025281242963052758e-03 -1.783004406435625966e-05 -4.705042784937278416e-06 6.857043479792131592e-05 2.666481421723109544e-06 -1.199270865489990116e-07 -7.011307738359324096e-06 -7.188481848514113515e-07 2.977293446010760290e-06 5.026582428115271891e-04 8.379731219618528296e-06 -7.074965134535572686e-03 -1.139517084118869795e-04
-1.105202453782513268e-05 -1.119461958864213636e-05 2.151753222356710880e-05 -8.551612035790268326e-06 2.228073905907890990e-05 1.011159546663598639e-05 7.590044003884944938e-05 -2.251463732403629690e-05 -2.009867887919594465e-05 2.775364130428598927e-06 0.000000000000000000e+00 8.356889343695860829e-06 6.111664647026014590e-09 -6.998379346042482964e-06 9.282437353700100395e-07 4.928873378083342253e-07 -9.088242785559182656e-04 7.585483814261964836e-06 1.008750672798356908e-06 1.087498342611886316e-06 7.980297774227236487e-05 2.135915554497738581e-04 1.549123694710304949e-05 1.073366599269489876e-05 -3.588598108866768132e-07 2.449303102510666736e-04 3.340896995944518674e-06 1.599435135428321653e-06 -6.968413749843659918e-06 6.683414670476098729e-05 -7.295843429580024002e-06 1.653879867447845264e-02 2.663793146961965837e-04
1.123442524732818478e-05 1.166498903961570133e-05 -2.242196998091776502e-05 1.514327457024745513e-04 -3.638857434006850756e-04 -6.680870535464284560e-05 -2.251463732403629690e-05 2.403947658694004317e-03 -1.298605189382568003e-05 -5.497324932306677693e-06 0.000000000000000000e+00 -8.922746645780503421e-06 -1.535628804844758415e-09 -5.370134227563811612e-05 2.494915860832544246e-05 -1.197055465910186890e-07 3.404922904436703812e-02 -1.471019569815744290e-04 -1.980288476456099073e-05 -5.973449508550717819e-06 -5.118062433780328543e-04 -4.289380275715559514e-04 -1.689976236962079356e-05 -2.171152805640618215e-04 -6.003418802335730193e-06 -7.315532058105559017e-04 3.469963436117949074e-06 -1.705117213729729538e-06 7.257258587896331720e-06 -7.128557061174760996e-04 1.235484566834786958e-06 -1.723396733169260328e-02 -2.775759290423604692e-04
1.461209252805458475e-05 1.477500494707045646e-05 -2.839988968575922140e-05 1.589101473150470644e-07 3.479161483855636909e-06 1.393833808910179348e-05 -2.009867887919594465e-05 -1.298605189382568003e-05 1.012238266115248240e-04 5.339257481609494510e-06 0.000000000000000000e+00 -5.647615449985929799e-06 -5.999879123011372500e-09 7.181108883857433272e-04 -1.636339520634122011e-05 5.843144642803913869e-08 3.003446720034369695e-03 -3.032058926900062744e-07 2.433669932724903791e-07 1.712004585151196956e-06 1.113790683398507787e-04 -2.606306326438703183e-04 -1.886828338593613617e-05 6.699217618169528898e-06 2.791618452853200302e-06 -2.665973565926026503e-04 -4.047282626023679294e-06 -2.156526001240082807e-06 9.192452444884207047e-06 -3.101060329519688330e-05 1.019562465600813906e-05 -2.182871404629427650e-02 -3.515804262932338857e-04
-1.368414646343338321e-07 -1.462855115189784004e-07 2.811405090324816307e-07 -2.083813870307673262e-06 5.788428374013339223e-06 3.732859351878636498e-06 2.775364130428598927e-06 -5.497324932306677693e-06 5.339257481609494510e-06 2.470720536784476464e-06 0.000000000000000000e+00 7.074289466580309560e-07 7.027096605609677384e-11 1.353925439004373406e-05 1.174879175278900971e-06 -2.176213748746442100e-08 -6.617148257727036758e-05 2.233212454596681486e-06 4.091994470431187321e-07 4.372916419862998186e-07 2.942618477506025532e-05 6.594325920407072724e-06 4.255073919739835078e-07 3.903083726222289818e-06 2.917092180310116018e-07 1.244438757965358223e-05 4.239385583436239885e-08 1.623534156421597065e-08 -9.153857544275037187e-08 1.810887515309914217e-05 7.528704369550611316e-08 2.160901273351405324e-04 3.480418449072376495e-06
0.000000000000000000e+00 0.000000000000000000e+00 0.000000000000000000e+00 0.000000000000000000e+00 0.000000000000000000e+00 0.000000000000000000e+00 0.000000000000000000e+00 0.000000000000000000e+00 0.000000000000000000e+00 0.000000000000000000e+00 8.594645909991990234e-08 0.000000000000000000e+00 0.000000000000000000e+00 0.000000000000000000e+00 0.000000000000000000e+00 0.000000000000000000e+00 0.000000000000000000e+00 0.000000000000000000e+00 0.000000000000000000e+00 0.000000000000000000e+00 0.000000000000000000e+00 1.563493033555311594e-06 1.215936258656273451e-07 0.000000000000000000e+00 0.000000000000000000e+00 1.691511667579911468e-06 3.193951345982984850e-08 0.000000000000000000e+00 0.000000000000000000e+00 0.000000000000000000e+00 0.000000000000000000e+00 1.275724693818638933e-04 2.115906278788713932e-06
-1.286239570601164180e-05 -1.298061105318723582e-05 2.501014231571829826e-05 3.391434894634502210e-07 -1.239177016382610273e-06 -1.708420867739038804e-06 8.356889343695860829e-06 -8.922746645780503421e-06 -5.647615449985929799e-06 7.074289466580309560e-07 0.000000000000000000e+00 4.852861152071144394e-04 -3.054201679509367226e-10 -5.991013222996612660e-05 -6.944275123077432764e-05 3.145761618066352451e-08 -3.886455654790354672e-04 2.425941036333344869e-07 1.229083147103976443e-07 -1.805623171427737669e-07 -1.399503553235757790e-05 2.797721727228629938e-04 1.764629919006742187e-05 1.760801185266533847e-06 -2.470713919987584832e-07 2.568680683381502914e-04 4.164495321939448446e-06 4.451180569824289915e-05 -3.025453413472294106e-06 3.893087206641477086e-04 -4.753983058128782769e-06 8.625816253265794487e-02 2.032491404768033854e-04
-2.133784865370476110e-09 -2.159525797646786334e-09 4.150744872671798818e-09 -5.895783046979218525e-10 1.349865803435766761e-09 1.878899365825624437e-11 6.111664647026014590e-09 -1.535628804844758415e-09 -5.999879123011372500e-09 7.027096605609677384e-11 0.000000000000000000e+00 -3.054201679509367226e-10 7.314500181550178197e-13 -3.744107053443372419e-08 1.802037864874717308e-09 2.750564384833654112e-11 -2.226106000109326134e-07 5.595505648529191501e-10 6.703535155692661213e-11 -7.004459181559834428e-12 7.140967268059441769e-11 3.924226008091624195e-08 2.889987569873878941e-09 2.804088861378723004e-10 -2.343291046972562390e-10 4.251536267129818470e-08 6.383887541988067565e-10 1.715079222752077332e-10 -1.360595450809488701e-09 7.518914757604052485e-09 -1.462716829567335771e-09 2.965244943324108772e-06 5.174190528265498105e-08
1.517322039675437454e-04 1.535046462031415060e-04 -2.950609991439950624e-04 2.454385457045473633e-06 2.215923175602794526e-05 1.012835360421214157e-04 -6.998379346042482964e-06 -5.370134227563811612e-05 7.181108883857433272e-04 1.353925439004373406e-05 0.000000000000000000e+00 -5.991013222996612660e-05 -3.744107053443372419e-08 6.032301499876825158e-03 -2.041956786175269786e-04 2.214747254346147473e-06 2.485435341304529852e-02 -1.004300855222731137e-05 -6.910251840056959934e-07 1.218506873169414328e-05 8.121042157922335990e-04 -2.726984336464180307e-03 -1.998546422309482331e-04 4.996636115621330915e-05 2.518019626243931376e-05 -2.823061341980570571e-03 -4.372961457675743303e-05 -2.154449215394952389e-05 9.561143234131246646e-05 -4.958344467264291875e-04 1.042259700338271340e-04 -2.249780950470835483e-01 -3.655623657088288934e-03
-1.523261848632463723e-05 -1.812088406586111880e-05 3.483144673379701475e-05 -7.903376912843883533e-05 2.147683566700601054e-04 8.043105995390095048e-05 9.282437353700100395e-07 2.494915860832544246e-05 -1.636339520634122011e-05 1.174879175278900971e-06 0.000000000000000000e+00 -6.944275123077432764e-05 1.802037864874717308e-09 -2.041956786175269786e-04 8.416624325486539784e-03 5.759691572180365520e-07 -1.148085109385702613e-03 8.390808056488450236e-04 2.801365296423410554e-04 4.131277192546637799e-05 2.374657012430736089e-04 1.274417983562574613e-03 1.115938562657571922e-04 9.525343924874235275e-04 4.163291116018348744e-05 2.042560609392675766e-03 2.517536866684430129e-05 -4.491235838004283516e-06 -1.214267232678719134e-05 6.106319443764288146e-03 4.735015264335292612e-05 1.328131706410375090e-02 4.526073152866553432e-04
-2.802139238320916920e-08 -2.892039570951006801e-08 5.558809792812199443e-08 -6.790009762336000124e-08 2.617474791679009206e-07 3.846973284067946592e-07 4.928873378083342253e-07 -1.197055465910186890e-07 5.843144642803913869e-08 -2.176213748746442100e-08 0.000000000000000000e+00 3.145761618066352451e-08 2.750564384833654112e-11 2.214747254346147473e-06 5.759691572180365520e-07 5.459640721811259892e-09 7.680702340249239888e-06 1.098666626212406502e-07 3.236549648508930853e-08 4.822688462088055852e-08 3.039893841556178670e-06 6.679497350683747103e-07 4.785719845808807696e-08 1.423540629184670129e-07 4.538860900490664159e-09 7.767846794529370288e-07 4.057326405319061864e-09 4.488465766659126990e-09 -1.795738962759602079e-08 1.386330891912674510e-06 -6.830521748527028568e-09 4.355483852889048503e-05 6.868456822620203706e-07
7.708111220390308346e-04 7.915612945384568628e-04 -1.521506129257150283e-03 5.420202997495603310e-03 -1.214470611882999436e-02 8.241680252250099207e-04 -9.088242785559182656e-04 3.404922904436703812e-02 3.003446720034369695e-03 -6.617148257727036758e-05 0.000000000000000000e+00 -3.886455654790354672e-04 -2.226106000109326134e-07 2.485435341304529852e-02 -1.148085109385702613e-03 7.680702340249239888e-06 8.270110333493000399e-01 -5.487346979942379563e-03 -7.132876609812544878e-04 1.729575410061167003e-04 7.416737956894760113e-03 -2.294407271505125717e-02 -1.274504926473977919e-03 -8.587489926537553511e-03 -3.317885056485264834e-04 -3.714880980833156626e-02 -1.331075670299644977e-04 -1.121157368760530208e-04 4.928965817106535424e-04 -2.903126354885078933e-02 2.753210413928393265e-04 -1.162915495766808194e+00 -1.884608275517130060e-02
1.614421926126356429e-06 9.761787893295298017e-07 -1.876466832436250466e-06 -7.807473764660659602e-05 1.926479988675844845e-04 4.696118061570331509e-05 7.585483814261964836e-06 -1.471019569815744290e-04 -3.032058926900062744e-07 2.233212454596681486e-06 0.000000000000000000e+00 2.425941036333344869e-07 5.595505648529191501e-10 -1.004300855222731137e-05 8.390808056488450236e-04 1.098666626212406502e-07 -5.487346979942379563e-03 1.614532198059339936e-04 4.060982440032287960e-05 8.254427002760453920e-06 3.228614688214829077e-04 2.042731203074029701e-04 1.215226700657849349e-05 2.210579713021709443e-04 1.154830467195973633e-05 4.544771184281797037e-04 3.531818639176897077e-07 -1.247981618711922909e-07 6.097104696988928460e-07 1.478458249858314363e-03 1.532270444421510516e-05 -1.387366208827558664e-03 -2.331713404753294155e-05
3.265738493456846061e-07 1.446653880485007723e-07 -2.780842206724656717e-07 -1.259520452820866025e-05 3.235868467230428914e-05 1.128116439313784656e-05 1.008750672798356908e-06 -1.980288476456099073e-05 2.433669932724903791e-07 4.091994470431187321e-07 0.000000000000000000e+00 1.229083147103976443e-07 6.703535155692661213e-11 -6.910251840056959934e-07 2.801365296423410554e-04 3.236549648508930853e-08 -7.132876609812544878e-04 4.060982440032287960e-05 1.176255827687190066e-05 2.407473982073047370e-06 7.452857348237693145e-05 4.926233825845927121e-05 3.584194842530482815e-06 5.167695068835016417e-05 2.611202423112945581e-06 9.945489861702741508e-05 4.258231908407192316e-07 -1.242591836022993240e-08 9.109481583883779764e-08 4.183780446141340133e-04 4.242261558572173844e-06 -1.941485171491714665e-04 -3.473671030535142320e-06
5.894869356284126506e-07 5.531070585830684993e-07 -1.063177907220661241e-06 -5.373083595880001329e-06 2.073164982638383972e-05 3.052953474493698226e-05 1.087498342611886316e-06 -5.973449508550717819e-06 1.712004585151196956e-06 4.372916419862998186e-07 0.000000000000000000e+00 -1.805623171427737669e-07 -7.004459181559834428e-12 1.218506873169414328e-05 4.131277192546637799e-05 4.822688462088055852e-08 1.729575410061167003e-04 8.254427002760453920e-06 2.407473982073047370e-06 3.808032080807638836e-06 2.415042667334739825e-04 8.357171452612945648e-07 -2.119369359397312566e-07 1.080455146286679949e-05 4.343311877949004682e-07 3.924216257905956422e-06 -7.313364181739200698e-07 -8.167337349931609811e-08 3.440500707864359483e-07 9.570003815511092895e-05 1.340247497503520774e-06 -8.147497402896156614e-04 -1.316561569628562880e-05
3.935959502997180145e-05 3.818702219143872852e-05 -7.340281187308720441e-05 -3.836634772865847283e-04 1.433112055654962250e-03 2.025281242963052758e-03 7.980297774227236487e-05 -5.118062433780328543e-04 1.113790683398507787e-04 2.942618477506025532e-05 0.000000000000000000e+00 -1.399503553235757790e-05 7.140967268059441769e-11 8.121042157922335990e-04 2.374657012430736089e-04 3.039893841556178670e-06 7.416737956894760113e-03 3.228614688214829077e-04 7.452857348237693145e-05 2.415042667334739825e-04 1.614373223287329101e-02 -2.063234033878682573e-04 -4.247832464347178218e-05 4.829057115059010702e-04 1.811228963241141648e-05 -1.266742876917734129e-04 -5.681698435108757862e-05 -5.758303969486522057e-06 2.373906044440266796e-05 3.550516164924640006e-03 6.229491517213166371e-05 -5.647005997631612817e-02 -9.086191628556541423e-04
-3.762701582498747394e-04 -3.814568891189976801e-04 7.332251086154440052e-04 -1.003449534650986902e-04 2.260605045322999589e-04 -1.783004406435625966e-05 2.135915554497738581e-04 -4.289380275715559514e-04 -2.606306326438703183e-04 6.594325920407072724e-06 1.563493033555311594e-06 2.797721727228629938e-04 3.924226008091624195e-08 -2.726984336464180307e-03 1.274417983562574613e-03 6.679497350683747103e-07 -2.294407271505125717e-02 2.042731203074029701e-04 4.926233825845927121e-05 8.357171452612945648e-07 -2.063234033878682573e-04 7.128834759763232921e-03 5.291467115612395961e-04 1.866510825468478013e-04 -3.024513139381490855e-05 7.815915231763099699e-03 1.195358911880729498e-04 6.048292974330511218e-05 -2.367542977072095690e-04 3.084329856667044831e-03 -2.405542160427773105e-04 5.739459046080733762e-01 9.102787023705930652e-03
-2.826924283870167878e-05 -2.865485319016343723e-05 5.507951404930575234e-05 -2.644351697664613443e-06 4.914104667552413904e-06 -4.705042784937278416e-06 1.549123694710304949e-05 -1.689976236962079356e-05 -1.886828338593613617e-05 4.255073919739835078e-07 1.215936258656273451e-07 1.764629919006742187e-05 2.889987569873878941e-09 -1.998546422309482331e-04 1.115938562657571922e-04 4.785719845808807696e-08 -1.274504926473977919e-03 1.215226700657849349e-05 3.584194842530482815e-06 -2.119369359397312566e-07 -4.247832464347178218e-05 5.291467115612395961e-04 3.970455664928605055e-05 7.967318862150486373e-06 -2.594976319394484315e-06 5.712256887490045187e-04 9.170669087666988807e-06 4.243622614915606608e-06 -1.782134748386874360e-05 2.196229572060720201e-04 -1.819538140650263104e-05 4.255031803814722513e-02 6.848032864505206345e-04
7.962942559101772211e-06 7.180655528643302210e-06 -1.380218961254975295e-05 -1.250250647109458200e-04 3.060277485953901604e-04 6.857043479792131592e-05 1.073366599269489876e-05 -2.171152805640618215e-04 6.699217618169528898e-06 3.903083726222289818e-06 0.000000000000000000e+00 1.760801185266533847e-06 2.804088861378723004e-10 4.996636115621330915e-05 9.525343924874235275e-04 1.423540629184670129e-07 -8.587489926537553511e-03 2.210579713021709443e-04 5.167695068835016417e-05 1.080455146286679949e-05 4.829057115059010702e-04 1.866510825468478013e-04 7.967318862150486373e-06 3.149226259277205478e-04 1.743055396322234064e-05 5.576664793200214552e-04 -2.043187372039416377e-06 -6.195509801756674537e-07 4.519290970531386267e-06 1.953810783184103776e-03 2.444498278738124622e-05 -9.838047620045625025e-03 -1.720888733423058458e-04
2.662171559356958701e-06 2.643580017015839325e-06 -5.081321408645589561e-06 -6.831454926539599711e-06 1.641884499317135506e-05 2.666481421723109544e-06 -3.588598108866768132e-07 -6.003418802335730193e-06 2.791618452853200302e-06 2.917092180310116018e-07 0.000000000000000000e+00 -2.470713919987584832e-07 -2.343291046972562390e-10 2.518019626243931376e-05 4.163291116018348744e-05 4.538860900490664159e-09 -3.317885056485264834e-04 1.154830467195973633e-05 2.611202423112945581e-06 4.343311877949004682e-07 1.811228963241141648e-05 -3.024513139381490855e-05 -2.594976319394484315e-06 1.743055396322234064e-05 1.251223435014913467e-06 -1.152887190949264317e-05 -7.727625473006005783e-07 -2.788992961436790521e-07 1.657618632460622079e-06 1.043563836548231494e-04 2.913677878665192503e-06 -3.716766108918912771e-03 -6.320457009919797922e-05
-3.926573516465334300e-04 -3.989091694617890281e-04 7.667716266924178709e-04 -2.731799596067133943e-04 6.268895861997646679e-04 -1.199270865489990116e-07 2.449303102510666736e-04 -7.315532058105559017e-04 -2.665973565926026503e-04 1.244438757965358223e-05 1.691511667579911468e-06 2.568680683381502914e-04 4.251536267129818470e-08 -2.823061341980570571e-03 2.042560609392675766e-03 7.767846794529370288e-07 -3.714880980833156626e-02 4.544771184281797037e-04 9.945489861702741508e-05 3.924216257905956422e-06 -1.266742876917734129e-04 7.815915231763099699e-03 5.712256887490045187e-04 5.576664793200214552e-04 -1.152887190949264317e-05 9.036226937748815732e-03 1.251090651542380815e-04 5.990406443150284521e-05 -2.479937734182136510e-04 5.080195681201635054e-03 -2.332649485771364709e-04 5.938711957802567110e-01 9.530822199897356906e-03
-6.599076501860161370e-06 -6.681497401221857089e-06 1.284298930325492765e-05 2.080630145601008429e-06 -6.636963410349152257e-06 -7.011307738359324096e-06 3.340896995944518674e-06 3.469963436117949074e-06 -4.047282626023679294e-06 4.239385583436239885e-08 3.193951345982984850e-08 4.164495321939448446e-06 6.383887541988067565e-10 -4.372961457675743303e-05 2.517536866684430129e-05 4.057326405319061864e-09 -1.331075670299644977e-04 3.531818639176897077e-07 4.258231908407192316e-07 -7.313364181739200698e-07 -5.681698435108757862e-05 1.195358911880729498e-04 9.170669087666988807e-06 -2.043187372039416377e-06 -7.727625473006005783e-07 1.251090651542380815e-04 2.302891014922181944e-06 9.947448383149022852e-07 -4.154819689512286553e-06 3.418203502447731562e-05 -4.411163926536767335e-06 9.934008196270844443e-03 1.597537723329229848e-04
-3.129720490261047375e-06 -3.162773682609009125e-06 6.084686365968931088e-06 2.157042397537857673e-07 -6.890685547297345123e-07 -7.188481848514113515e-07 1.599435135428321653e-06 -1.705117213729729538e-06 -2.156526001240082807e-06 1.623534156421597065e-08 0.000000000000000000e+00 4.451180569824289915e-05 1.715079222752077332e-10 -2.154449215394952389e-05 -4.491235838004283516e-06 4.488465766659126990e-09 -1.121157368760530208e-04 -1.247981618711922909e-07 -1.242591836022993240e-08 -8.167337349931609811e-08 -5.758303969486522057e-06 6.048292974330511218e-05 4.243622614915606608e-06 -6.195509801756674537e-07 -2.788992961436790521e-07 5.990406443150284521e-05 9.947448383149022852e-07 4.269076661777131831e-06 -1.516610063006435323e-06 3.990995510808462209e-05 -1.797895157716879010e-06 1.065835946512505399e-02 6.583501993747759495e-05
1.319871399159596558e-05 1.335012390400041820e-05 -2.566065834242949620e-05 -8.646307180747836831e-07 2.788251900514772898e-06 2.977293446010760290e-06 -6.968413749843659918e-06 7.257258587896331720e-06 9.192452444884207047e-06 -9.153857544275037187e-08 0.000000000000000000e+00 -3.025453413472294106e-06 -1.360595450809488701e-09 9.561143234131246646e-05 -1.214267232678719134e-05 -1.795738962759602079e-08 4.928965817106535424e-04 6.097104696988928460e-07 9.109481583883779764e-08 3.440500707864359483e-07 2.373906044440266796e-05 -2.367542977072095690e-04 -1.782134748386874360e-05 4.519290970531386267e-06 1.657618632460622079e-06 -2.479937734182136510e-04 -4.154819689512286553e-06 -1.516610063006435323e-06 8.357619875391022199e-06 -3.337241708848204323e-05 9.166208491073999339e-06 -1.899573862485264344e-02 -3.188241624347706534e-04
-4.591909312101840902e-05 -5.973614219335288215e-05 1.148225819820335891e-04 -5.044526255626581666e-04 1.312826341639914069e-03 5.026582428115271891e-04 6.683414670476098729e-05 -7.128557061174760996e-04 -3.101060329519688330e-05 1.810887515309914217e-05 0.000000000000000000e+00 3.893087206641477086e-04 7.518914757604052485e-09 -4.958344467264291875e-04 6.106319443764288146e-03 1.386330891912674510e-06 -2.903126354885078933e-02 1.478458249858314363e-03 4.183780446141340133e-04 9.570003815511092895e-05 3.550516164924640006e-03 3.084329856667044831e-03 2.196229572060720201e-04 1.953810783184103776e-03 1.043563836548231494e-04 5.080195681201635054e-03 3.418203502447731562e-05 3.990995510808462209e-05 -3.337241708848204323e-05 3.043393235014837592e-02 2.593262116782368864e-04 1.469133230341445606e-01 1.328386170673142479e-03
1.462921625500632886e-05 1.466514347401071363e-05 -2.818891367547421241e-05 -5.982842701029261092e-06 1.618514159089855345e-05 8.379731219618528296e-06 -7.295843429580024002e-06 1.235484566834786958e-06 1.019562465600813906e-05 7.528704369550611316e-08 0.000000000000000000e+00 -4.753983058128782769e-06 -1.462716829567335771e-09 1.042259700338271340e-04 4.735015264335292612e-05 -6.830521748527028568e-09 2.753210413928393265e-04 1.532270444421510516e-05 4.242261558572173844e-06 1.340247497503520774e-06 6.229491517213166371e-05 -2.405542160427773105e-04 -1.819538140650263104e-05 2.444498278738124622e-05 2.913677878665192503e-06 -2.332649485771364709e-04 -4.411163926536767335e-06 -1.797895157716879010e-06 9.166208491073999339e-06 2.593262116782368864e-04 1.299820890547581729e-05 -2.097816032963702171e-02 -3.500609257486237205e-04
-3.135026802473223767e-02 -3.170920822414438622e-02 6.095051060350104716e-02 2.056325902145586873e-03 -6.629621305786804336e-03 -7.074965134535572686e-03 1.653879867447845264e-02 -1.723396733169260328e-02 -2.182871404629427650e-02 2.160901273351405324e-04 1.275724693818638933e-04 8.625816253265794487e-02 2.965244943324108772e-06 -2.249780950470835483e-01 1.328131706410375090e-02 4.355483852889048503e-05 -1.162915495766808194e+00 -1.387366208827558664e-03 -1.941485171491714665e-04 -8.147497402896156614e-04 -5.647005997631612817e-02 5.739459046080733762e-01 4.255031803814722513e-02 -9.838047620045625025e-03 -3.716766108918912771e-03 5.938711957802567110e-01 9.934008196270844443e-03 1.065835946512505399e-02 -1.899573862485264344e-02 1.469133230341445606e-01 -2.097816032963702171e-02 5.839178836105399029e+01 7.396839549922336055e-01
-5.049376968870810355e-04 -5.107189054390582142e-04 9.816889100898295445e-04 3.311985927072504088e-05 -1.067788546731605046e-04 -1.139517084118869795e-04 2.663793146961965837e-04 -2.775759290423604692e-04 -3.515804262932338857e-04 3.480418449072376495e-06 2.115906278788713932e-06 2.032491404768033854e-04 5.174190528265498105e-08 -3.655623657088288934e-03 4.526073152866553432e-04 6.868456822620203706e-07 -1.884608275517130060e-02 -2.331713404753294155e-05 -3.473671030535142320e-06 -1.316561569628562880e-05 -9.086191628556541423e-04 9.102787023705930652e-03 6.848032864505206345e-04 -1.720888733423058458e-04 -6.320457009919797922e-05 9.530822199897356906e-03 1.597537723329229848e-04 6.583501993747759495e-05 -3.188241624347706534e-04 1.328386170673142479e-03 -3.500609257486237205e-04 7.396839549922336055e-01 1.223359080850658191e-02
