2.332064644165414282e-08 1.723897125726694842e-08 -9.372869939545924153e-07 -1.798589307586009079e-08 1.652853595785441421e-07 1.573964326558362705e-07 3.359300940706359184e-07 -2.888734386840608396e-07 -4.812623538021214291e-07 4.674544457935261119e-09 1.968240824847641844e-08 4.172746681170368941e-07 7.523566888206656359e-11 -6.603383271395355322e-06 -7.221913891416125198e-08 9.685099935470256939e-10 -2.332600233405661330e-05 3.691331837531194922e-11 7.646148850115384824e-09 -1.796693397541166271e-08 -8.397239890411842992e-07 -2.065896388863417969e-06 -1.830137775526487758e-07 -2.034628262560417536e-06 -2.840482608483617239e-07 -1.034447914087089974e-05 -2.746156384010553428e-07 1.017573621848051377e-07 -4.288625250834819172e-07 6.496993935961391215e-06 -4.172325876529754213e-07 1.074440131775711268e-07 -4.853988509704610030e-07
1.723897125726694842e-08 1.366611012361858243e-08 -7.425978659644481019e-07 -1.231623591995181309e-08 8.003151679562318528e-08 1.369877005458891028e-07 2.703967171045738820e-07 -3.279303515709180487e-07 -3.839220618830195370e-07 3.875929278103172670e-09 1.559406505865558378e-08 3.556127295694583900e-07 5.997201949566004835e-11 -5.243543986181494558e-06 4.944750070609928950e-07 7.295887344601168025e-10 -2.155678033645899852e-05 -7.021731710494421026e-12 1.509651282877071449e-10 -1.702947729867443787e-08 -7.389606265911025132e-07 -1.743957198132323177e-06 -1.581891868371171835e-07 -1.711958293689746433e-06 -2.388143510536531973e-07 -8.647661779615618220e-06 -2.314758230029570391e-07 8.284943199048274606e-08 -3.395419495606058024e-07 1.656259215824583498e-06 -3.655183961998749055e-07 8.512621578123184434e-08 -3.845739386091619551e-07
-9.372869939545924153e-07 -7.425978659644481019e-07 4.037526997895041550e-05 6.695122944371206973e-07 -4.350176512189359940e-06 -7.446977228836832130e-06 -1.471065793733891633e-05 1.782780774540704364e-05 2.087808658666813228e-05 -2.120223002247411812e-07 -8.478540212269871876e-07 -1.797743073590924522e-05 -3.266147862087335596e-09 2.851207007135373047e-04 -2.688129201403808817e-05 -3.970826320631093657e-08 1.172113078382636987e-03 3.801865644312442678e-10 -8.153754302472860597e-09 9.257743065311314408e-07 4.017172464416935524e-05 9.481770116731333517e-05 8.600749280573644296e-06 9.311406775209966956e-05 1.298753136007889011e-05 4.702212534363946423e-04 1.258609071765441318e-05 -4.383136970131675162e-06 1.847402593740291412e-05 -9.004828497537157726e-05 1.987337577715823832e-05 -4.628338030556866040e-06 2.090940104984975528e-05
-1.798589307586009079e-08 -1.231623591995181309e-08 6.695122944371206973e-07 1.821868315564019993e-06 -1.294667193344258467e-05 -1.928606223864934849e-05 4.433765789465093616e-07 -2.779909116203388584e-06 1.285210482910935555e-06 2.338551635610733348e-07 -1.405931629424056004e-08 -2.143280804960610447e-07 -4.110605625724979590e-11 1.399244692074401851e-05 -1.735650506238233258e-05 3.066283634526607642e-08 -1.738036489307202381e-04 7.915867362690816165e-09 -1.896166383337716721e-07 2.361247236316144225e-06 1.038209958764139051e-04 2.664505469442181928e-05 1.703372626429063145e-06 2.536899148959370282e-05 2.604320369693271776e-06 1.541534835012492910e-04 2.727687918689969064e-06 -7.332822763134256790e-08 3.062713574723293426e-07 -8.386340124789034840e-06 2.605357592609857771e-07 -7.674819799061202647e-08 3.467246430671363391e-07
1.652853595785441421e-07 8.003151679562318528e-08 -4.350176512189359940e-06 -1.294667193344258467e-05 1.106043777635302554e-04 1.206441554952731844e-04 -4.288233274802303761e-06 5.468746875844382476e-05 -7.063491951347570155e-06 -1.712811480913029167e-06 9.135083556914490824e-08 1.372274624545817692e-06 9.136504201058737966e-11 -8.159239111942119353e-05 2.161240812102754221e-04 -1.858229482936542847e-07 2.454440679506775073e-03 -1.398589000380772707e-07 4.166489304458666645e-06 -1.412957340344564561e-05 -6.456680927824926929e-04 -1.466533789282442851e-04 -5.916806382024558349e-06 -1.405517277992923393e-04 -1.235950487056561481e-05 -8.601067921603200005e-04 -1.199945325230005326e-05 4.782480458572422749e-07 -1.989814790260639727e-06 1.910835980885199938e-04 -3.253646739632979143e-07 4.986737525591905677e-07 -2.252853922176266702e-06
1.573964326558362705e-07 1.369877005458891028e-07 -7.446977228836832130e-06 -1.928606223864934849e-05 1.206441554952731844e-04 2.186336326581311297e-04 -3.690418437043607932e-06 -1.381765280141248563e-06 -1.543057441070094628e-05 -2.430598718781156100e-06 1.563816066802000977e-07 2.401908818394498230e-06 6.122020780660591483e-10 -1.638611042758714750e-04 1.019706770415311432e-04 -3.528820320006146083e-07 7.644000770811551927e-04 -8.981576135027008859e-10 -4.761508740432318000e-07 -2.733314515484406768e-05 -1.180291893462163174e-03 -3.197001921441850218e-04 -2.348879145337046820e-05 -3.035756951344342194e-04 -3.299056041133285281e-05 -1.839399467769576354e-03 -3.538791967169452416e-05 8.140452058573613862e-07 -3.406822583428743946e-06 -2.706052868896997832e-05 -4.102712770572578250e-06 8.536692866424352600e-07 -3.856614050333979575e-06
3.359300940706359184e-07 2.703967171045738820e-07 -1.471065793733891633e-05 4.433765789465093616e-07 -4.288233274802303761e-06 -3.690418437043607932e-06 5.985338277985284246e-05 -2.597205443343404773e-06 -1.755854451710594870e-05 2.714326780630153284e-06 3.089141074120373246e-07 7.958668174973603058e-06 5.747787604059032880e-09 -3.067465737298884611e-05 -5.610788675780174336e-06 4.388076173516064812e-07 -3.498874360746646655e-04 5.983956300875885154e-09 -2.188802443700846264e-07 4.125739233791621601e-07 1.963504014633114900e-05 -2.138466429268801359e-05 -2.551120604602775549e-06 -2.139642109265715918e-05 -3.535232627947517663e-06 -1.011389748067125161e-04 -3.660370059127100313e-06 1.549986131434003342e-06 -6.736021967617742112e-06 1.709991149505334470e-05 -7.398096892452980198e-06 1.686326744598748619e-06 -7.618303151392846754e-06
-2.888734386840608396e-07 -3.279303515709180487e-07 1.782780774540704364e-05 -2.779909116203388584e-06 5.468746875844382476e-05 -1.381765280141248563e-06 -2.597205443343404773e-06 2.226147182839860808e-03 -1.604823440096595912e-05 -7.971213173073213342e-07 -3.743721960121967534e-07 -8.794357893833530887e-06 8.627554559921526303e-11 -9.842647395574271739e-05 2.414723386253908924e-04 -3.670429454012003175e-08 2.691033997582115492e-02 -1.557304897801384467e-07 5.587683568330595679e-06 1.373904280175823236e-06 1.454418626151391823e-05 1.219919309427313687e-04 1.845034050569017690e-05 1.206205138070690557e-04 1.542371079017114109e-05 5.450489099539135599e-04 1.659471846097719836e-05 -1.945008207617858262e-06 8.156222735820370821e-06 3.128204381389510132e-04 1.230494069846081108e-05 -2.043654955930681461e-06 9.232601594557165547e-06
-4.812623538021214291e-07 -3.839220618830195370e-07 2.087808658666813228e-05 1.285210482910935555e-06 -7.063491951347570155e-06 -1.543057441070094628e-05 -1.755854451710594870e-05 -1.604823440096595912e-05 9.453728788268736744e-05 6.545570337061191280e-06 -4.384260384453275886e-07 -5.743496105052386339e-06 -6.339360723438207047e-09 8.594439852952777577e-04 -2.340144854233802566e-05 6.232767691434574562e-08 2.439999065992150967e-03 -4.147167250021783194e-09 1.797220627329373837e-07 1.960530973273826829e-06 8.348727604109520994e-05 7.956588005091457644e-05 6.914315983640013096e-06 7.749653059645441916e-05 9.763695204429200249e-06 3.963833903152890847e-04 9.225534430911391120e-06 -2.245217172410456227e-06 9.555220841178049834e-06 -3.694597388060159594e-05 1.037282897324687028e-05 -2.393317548209947431e-06 1.081226913954325366e-05
4.674544457935261119e-09 3.875929278103172670e-09 -2.120223002247411812e-07 2.338551635610733348e-07 -1.712811480913029167e-06 -2.430598718781156100e-06 2.714326780630153284e-06 -7.971213173073213342e-07 6.545570337061191280e-06 3.541270670721562798e-06 4.452328366573450683e-09 9.080633688036332369e-07 3.491426862495800447e-11 3.806280141512760189e-05 -4.990032652210364809e-06 -3.312018201952423506e-08 1.014371680416592395e-04 1.241420658813383648e-09 -3.206555583476543310e-08 2.958277360423977203e-07 1.307406047881546816e-05 4.506206130201723596e-06 2.719156135254335790e-07 4.317434372802940766e-06 3.885975053300319629e-07 2.358770911775654215e-05 3.261975619429064255e-07 1.637544839713414679e-08 -9.772515578083892685e-08 -2.250892862456564589e-07 -1.113483602887782887e-07 2.430475080334610926e-08 -1.098013538787982991e-07
1.968240824847641844e-08 1.559406505865558378e-08 -8.478540212269871876e-07 -1.405931629424056004e-08 9.135083556914490824e-08 1.563816066802000977e-07 3.089141074120373246e-07 -3.743721960121967534e-07 -4.384260384453275886e-07 4.452328366573450683e-09 6.485709363974278563e-08 3.775141800591501827e-07 6.858694939343815305e-11 -5.987346530711992451e-06 5.644893902074543616e-07 8.338473192368115519e-10 -2.461360103245297676e-05 -7.983666923776532717e-12 1.712234587422415427e-10 -1.944064941114360442e-08 -8.435797035397971784e-07 2.099568478380744259e-06 3.152035226004256917e-08 -1.955333966003912776e-06 -2.727295865809772132e-07 -3.879036629346267320e-06 -1.789493959580920427e-07 9.204298343149853188e-08 -3.879423515296552837e-07 1.890954551158822244e-06 -4.173277745709982676e-07 8.649298554196320867e-05 1.021376889965682565e-06
4.172746681170368941e-07 3.556127295694583900e-07 -1.797743073590924522e-05 -2.143280804960610447e-07 1.372274624545817692e-06 2.401908818394498230e-06 7.958668174973603058e-06 -8.794357893833530887e-06 -5.743496105052386339e-06 9.080633688036332369e-07 3.775141800591501827e-07 1.414589296758807528e-04 9.646950557808917753e-10 -9.261943282203403407e-05 3.552262855861340498e-08 2.718670930256000372e-08 -4.382602581256545265e-04 8.136730804948559264e-08 2.820019689953032615e-08 -2.952884689648077373e-07 -1.302784569104493918e-05 -3.725950373877450600e-05 -3.532062142840757835e-06 -3.456622542058541731e-05 -5.140496104252380675e-06 -1.861587507961323120e-04 -5.252493008738084338e-06 1.384004635076569687e-05 -6.815334516948295788e-06 8.743715294072804459e-05 -8.227648663704988731e-06 3.375910333220750938e-05 -8.625124705579656785e-06
7.523566888206656359e-11 5.997201949566004835e-11 -3.266147862087335596e-09 -4.110605625724979590e-11 9.136504201058737966e-11 6.122020780660591483e-10 5.747787604059032880e-09 8.627554559921526303e-11 -6.339360723438207047e-09 3.491426862495800447e-11 6.858694939343815305e-11 9.646950557808917753e-10 8.309595910765335731e-13 -5.202266662162140765e-08 1.341048520099136211e-09 2.807433417659289619e-11 -1.771482205313772486e-07 3.506359612815471049e-13 -2.627446069998344660e-11 -8.189163829987848850e-11 -3.336179604246810849e-09 -8.044842164534862416e-09 -7.644797417982464085e-10 -7.908372066977629670e-09 -1.098945135478652978e-09 -3.956857010181084933e-08 -1.071409175318515480e-09 3.097025779874650109e-10 -1.499728402811299929e-09 5.468712899400277019e-09 -1.626334198909201685e-09 2.657601319674776045e-10 -1.693808784739926383e-09
-6.603383271395355322e-06 -5.243543986181494558e-06 2.851207007135373047e-04 1.399244692074401851e-05 -8.159239111942119353e-05 -1.638611042758714750e-04 -3.067465737298884611e-05 -9.842647395574271739e-05 8.594439852952777577e-04 3.806280141512760189e-05 -5.987346530711992451e-06 -9.261943282203403407e-05 -5.202266662162140765e-08 8.799386130863680322e-03 -2.876342201032779881e-04 2.370172003257118930e-06 2.529765114489754274e-02 -1.765697115816777042e-08 1.248262860332289682e-06 2.067716611528715688e-05 8.857220320033312201e-04 9.644713991580732958e-04 8.368041586808427099e-05 9.405761287159518933e-04 1.211432935549523754e-04 4.805782282090206858e-03 1.147493462513633511e-04 -3.060630628396199010e-05 1.305020342740806491e-04 -5.901411207110828124e-04 1.408053734285613255e-04 -3.136145329111465904e-05 1.476858770941840858e-04
-7.221913891416125198e-08 4.944750070609928950e-07 -2.688129201403808817e-05 -1.735650506238233258e-05 2.161240812102754221e-04 1.019706770415311432e-04 -5.610788675780174336e-06 2.414723386253908924e-04 -2.340144854233802566e-05 -4.990032652210364809e-06 5.644893902074543616e-07 3.552262855861340498e-08 1.341048520099136211e-09 -2.876342201032779881e-04 1.777082309765759408e-03 -1.079762574423980484e-07 7.115180959502464056e-03 3.865147995458824567e-05 2.965559022221477768e-05 -7.373584213544420499e-06 -5.616653748327559087e-04 -5.430023249997041265e-05 1.198111863174188554e-05 -5.547371401417832402e-05 -1.039465762466026578e-06 -4.783260944488560719e-04 4.135102519316442981e-06 2.003338194693964992e-06 -1.242365699561291485e-05 -1.913093469772910067e-03 -3.301402722769594764e-05 -2.973930957190314730e-06 -1.405203820136162999e-05
9.685099935470256939e-10 7.295887344601168025e-10 -3.970826320631093657e-08 3.066283634526607642e-08 -1.858229482936542847e-07 -3.528820320006146083e-07 4.388076173516064812e-07 -3.670429454012003175e-08 6.232767691434574562e-08 -3.312018201952423506e-08 8.338473192368115519e-10 2.718670930256000372e-08 2.807433417659289619e-11 2.370172003257118930e-06 -1.079762574423980484e-07 5.765892794163138037e-09 3.423883907971723095e-06 2.181568692142892545e-09 2.441996590608515783e-09 4.441747579433372289e-08 1.904396030999535014e-06 4.822771236328782896e-07 3.344319961014398835e-08 4.541560502206173576e-07 4.600368411667349922e-08 2.771038553813908250e-06 4.811883805785010393e-08 4.203419055519226209e-09 -1.817756751995232610e-08 2.213131770018545767e-07 -1.821307880198938692e-08 5.205585093565337717e-09 -2.054984809131893628e-08
-2.332600233405661330e-05 -2.155678033645899852e-05 1.172113078382636987e-03 -1.738036489307202381e-04 2.454440679506775073e-03 7.644000770811551927e-04 -3.498874360746646655e-04 2.691033997582115492e-02 2.439999065992150967e-03 1.014371680416592395e-04 -2.461360103245297676e-05 -4.382602581256545265e-04 -1.771482205313772486e-07 2.529765114489754274e-02 7.115180959502464056e-03 3.423883907971723095e-06 4.576999283064273616e-01 -1.488383164176923003e-05 1.998250452141184111e-04 -5.200415709599462503e-05 -3.859957205529188952e-03 3.684449035880409985e-03 5.761084563771501355e-04 3.599237554665717358e-03 5.777499285439819526e-04 1.639700110259903129e-02 6.088219804221083574e-04 -1.265399846137495578e-04 5.363955277698737598e-04 8.345795586659873061e-03 6.866664879179782115e-04 -1.319474800277701263e-04 6.070619403012424619e-04
3.691331837531194922e-11 -7.021731710494421026e-12 3.801865644312442678e-10 7.915867362690816165e-09 -1.398589000380772707e-07 -8.981576135027008859e-10 5.983956300875885154e-09 -1.557304897801384467e-07 -4.147167250021783194e-09 1.241420658813383648e-09 -7.983666923776532717e-12 8.136730804948559264e-08 3.506359612815471049e-13 -1.765697115816777042e-08 3.865147995458824567e-05 2.181568692142892545e-09 -1.488383164176923003e-05 3.109475378667753643e-06 1.081363868918626652e-06 1.490121066509513301e-07 -2.514081710575468817e-06 6.071324745644930125e-06 2.948356141618959846e-07 5.997040195478815593e-06 2.710251931643804997e-07 1.359132179184819228e-05 1.012855332067212077e-07 7.191268709485691320e-09 1.149834287849767812e-09 2.103553498967993642e-07 2.412443947809599695e-09 4.696545291444198235e-08 1.212699916928960263e-09
7.646148850115384824e-09 1.509651282877071449e-10 -8.153754302472860597e-09 -1.896166383337716721e-07 4.166489304458666645e-06 -4.761508740432318000e-07 -2.188802443700846264e-07 5.587683568330595679e-06 1.797220627329373837e-07 -3.206555583476543310e-08 1.712234587422415427e-10 2.820019689953032615e-08 -2.627446069998344660e-11 1.248262860332289682e-06 2.965559022221477768e-05 2.441996590608515783e-09 1.998250452141184111e-04 1.081363868918626652e-06 8.325163249351152672e-07 2.089312881412629858e-07 2.255711153215862502e-06 5.861702642039065352e-06 8.714862903082372671e-07 5.516060520789617185e-06 7.617723921365128784e-07 2.454564745894433764e-05 8.783584989214593395e-07 3.715713955481112773e-09 -3.356711037061746686e-09 2.108250377887204848e-05 2.069052599187008801e-07 1.749311831955147872e-08 -3.864828962230142729e-09
-1.796693397541166271e-08 -1.702947729867443787e-08 9.257743065311314408e-07 2.361247236316144225e-06 -1.412957340344564561e-05 -2.733314515484406768e-05 4.125739233791621601e-07 1.373904280175823236e-06 1.960530973273826829e-06 2.958277360423977203e-07 -1.944064941114360442e-08 -2.952884689648077373e-07 -8.189163829987848850e-11 2.067716611528715688e-05 -7.373584213544420499e-06 4.441747579433372289e-08 -5.200415709599462503e-05 1.490121066509513301e-07 2.089312881412629858e-07 3.445209189452898611e-06 1.475577445147216666e-04 4.091398801412765113e-05 3.104521995382560253e-06 3.883354290600416202e-05 4.265099650123048731e-06 2.340005898295968083e-04 4.593203696173232832e-06 -1.007860286211224664e-07 4.235746747966267459e-07 7.881249523732447386e-06 5.552588249854369986e-07 -1.038296553190770365e-07 4.794862855429760029e-07
-8.397239890411842992e-07 -7.389606265911025132e-07 4.017172464416935524e-05 1.038209958764139051e-04 -6.456680927824926929e-04 -1.180291893462163174e-03 1.963504014633114900e-05 1.454418626151391823e-05 8.348727604109520994e-05 1.307406047881546816e-05 -8.435797035397971784e-07 -1.302784569104493918e-05 -3.336179604246810849e-09 8.857220320033312201e-04 -5.616653748327559087e-04 1.904396030999535014e-06 -3.859957205529188952e-03 -2.514081710575468817e-06 2.255711153215862502e-06 1.475577445147216666e-04 6.374577944851515798e-03 1.724767413997039004e-03 1.274513165779822771e-04 1.637427663028691738e-03 1.786158385449024570e-04 9.938576717895152360e-03 1.919054152576125027e-04 -4.396885382987570017e-06 1.837688099980842643e-05 1.722350842838447894e-04 2.239426563500404374e-05 -4.643795725178854358e-06 2.080315149488097838e-05
-2.065896388863417969e-06 -1.743957198132323177e-06 9.481770116731333517e-05 2.664505469442181928e-05 -1.466533789282442851e-04 -3.197001921441850218e-04 -2.138466429268801359e-05 1.219919309427313687e-04 7.956588005091457644e-05 4.506206130201723596e-06 2.099568478380744259e-06 -3.725950373877450600e-05 -8.044842164534862416e-09 9.644713991580732958e-04 -5.430023249997041265e-05 4.822771236328782896e-07 3.684449035880409985e-03 6.071324745644930125e-06 5.861702642039065352e-06 4.091398801412765113e-05 1.724767413997039004e-03 1.038960113162410662e-03 7.513381580672717232e-05 6.550722963995831869e-04 7.831721912994963470e-05 4.225604984327615068e-03 8.878137640954551670e-05 -1.004741891942473562e-05 4.341802888654584157e-05 1.725525675912061561e-04 5.052288698263267513e-05 7.502573718232032236e-03 1.761134706653247339e-04
-1.830137775526487758e-07 -1.581891868371171835e-07 8.600749280573644296e-06 1.703372626429063145e-06 -5.916806382024558349e-06 -2.348879145337046820e-05 -2.551120604602775549e-06 1.845034050569017690e-05 6.914315983640013096e-06 2.719156135254335790e-07 3.152035226004256917e-08 -3.532062142840757835e-06 -7.644797417982464085e-10 8.368041586808427099e-05 1.198111863174188554e-05 3.344319961014398835e-08 5.761084563771501355e-04 2.948356141618959846e-07 8.714862903082372671e-07 3.104521995382560253e-06 1.274513165779822771e-04 7.513381580672717232e-05 6.213828205377509293e-06 5.427015466258965450e-05 6.876278635050266562e-06 3.325735478279742436e-04 7.659899788983532941e-06 -9.202839422093959531e-07 3.937156928794100805e-06 2.791396773766523942e-05 4.705322425710031302e-06 3.886075507296020198e-04 1.104047839051949734e-05
-2.034628262560417536e-06 -1.711958293689746433e-06 9.311406775209966956e-05 2.536899148959370282e-05 -1.405517277992923393e-04 -3.035756951344342194e-04 -2.139642109265715918e-05 1.206205138070690557e-04 7.749653059645441916e-05 4.317434372802940766e-06 -1.955333966003912776e-06 -3.456622542058541731e-05 -7.908372066977629670e-09 9.405761287159518933e-04 -5.547371401417832402e-05 4.541560502206173576e-07 3.599237554665717358e-03 5.997040195478815593e-06 5.516060520789617185e-06 3.883354290600416202e-05 1.637427663028691738e-03 6.550722963995831869e-04 5.427015466258965450e-05 6.283146299583275158e-04 7.514843855305368739e-05 3.546144935696172226e-03 7.793063158832712366e-05 -9.681401862044276471e-06 4.265779402420232696e-05 1.529379790258342145e-04 4.944976079501133394e-05 -9.053469171246107000e-06 4.825659842106319781e-05
-2.840482608483617239e-07 -2.388143510536531973e-07 1.298753136007889011e-05 2.604320369693271776e-06 -1.235950487056561481e-05 -3.299056041133285281e-05 -3.535232627947517663e-06 1.542371079017114109e-05 9.763695204429200249e-06 3.885975053300319629e-07 -2.727295865809772132e-07 -5.140496104252380675e-06 -1.098945135478652978e-09 1.211432935549523754e-04 -1.039465762466026578e-06 4.600368411667349922e-08 5.777499285439819526e-04 2.710251931643804997e-07 7.617723921365128784e-07 4.265099650123048731e-06 1.786158385449024570e-04 7.831721912994963470e-05 6.876278635050266562e-06 7.514843855305368739e-05 9.362649442351777374e-06 4.227784320461662687e-04 9.766995343873239707e-06 -1.371193006799099072e-06 5.947328360185630836e-06 2.047997047767706642e-05 6.888365782237302790e-06 -1.341993546509209434e-06 6.729108802040054531e-06
-1.034447914087089974e-05 -8.647661779615618220e-06 4.702212534363946423e-04 1.541534835012492910e-04 -8.601067921603200005e-04 -1.839399467769576354e-03 -1.011389748067125161e-04 5.450489099539135599e-04 3.963833903152890847e-04 2.358770911775654215e-05 -3.879036629346267320e-06 -1.861587507961323120e-04 -3.956857010181084933e-08 4.805782282090206858e-03 -4.783260944488560719e-04 2.771038553813908250e-06 1.639700110259903129e-02 1.359132179184819228e-05 2.454564745894433764e-05 2.340005898295968083e-04 9.938576717895152360e-03 4.225604984327615068e-03 3.325735478279742436e-04 3.546144935696172226e-03 4.227784320461662687e-04 2.110189725472735173e-02 4.531678755649419803e-04 -4.998708601862524102e-05 2.152900303898222035e-04 5.713927188105139259e-04 2.476945912801777235e-04 1.096038570482353938e-02 4.297260173918226404e-04
-2.746156384010553428e-07 -2.314758230029570391e-07 1.258609071765441318e-05 2.727687918689969064e-06 -1.199945325230005326e-05 -3.538791967169452416e-05 -3.660370059127100313e-06 1.659471846097719836e-05 9.225534430911391120e-06 3.261975619429064255e-07 -1.789493959580920427e-07 -5.252493008738084338e-06 -1.071409175318515480e-09 1.147493462513633511e-04 4.135102519316442981e-06 4.811883805785010393e-08 6.088219804221083574e-04 1.012855332067212077e-07 8.783584989214593395e-07 4.593203696173232832e-06 1.919054152576125027e-04 8.878137640954551670e-05 7.659899788983532941e-06 7.793063158832712366e-05 9.766995343873239707e-06 4.531678755649419803e-04 1.044281493679033951e-05 -1.350907750623668462e-06 5.760851474197391842e-06 2.159065643326472115e-05 6.692608307324173749e-06 1.553520768571281508e-04 9.168932376663741076e-06
1.017573621848051377e-07 8.284943199048274606e-08 -4.383136970131675162e-06 -7.332822763134256790e-08 4.782480458572422749e-07 8.140452058573613862e-07 1.549986131434003342e-06 -1.945008207617858262e-06 -2.245217172410456227e-06 1.637544839713414679e-08 9.204298343149853188e-08 1.384004635076569687e-05 3.097025779874650109e-10 -3.060630628396199010e-05 2.003338194693964992e-06 4.203419055519226209e-09 -1.265399846137495578e-04 7.191268709485691320e-09 3.715713955481112773e-09 -1.007860286211224664e-07 -4.396885382987570017e-06 -1.004741891942473562e-05 -9.202839422093959531e-07 -9.681401862044276471e-06 -1.371193006799099072e-06 -4.998708601862524102e-05 -1.350907750623668462e-06 1.537380024522688415e-06 -1.879632682009648491e-06 1.402317039926313135e-05 -2.101819854878082803e-06 3.325798062074634985e-06 -2.208914163402470205e-06
-4.288625250834819172e-07 -3.395419495606058024e-07 1.847402593740291412e-05 3.062713574723293426e-07 -1.989814790260639727e-06 -3.406822583428743946e-06 -6.736021967617742112e-06 8.156222735820370821e-06 9.555220841178049834e-06 -9.772515578083892685e-08 -3.879423515296552837e-07 -6.815334516948295788e-06 -1.499728402811299929e-09 1.305020342740806491e-04 -1.242365699561291485e-05 -1.817756751995232610e-08 5.363955277698737598e-04 1.149834287849767812e-09 -3.356711037061746686e-09 4.235746747966267459e-07 1.837688099980842643e-05 4.341802888654584157e-05 3.937156928794100805e-06 4.265779402420232696e-05 5.947328360185630836e-06 2.152900303898222035e-04 5.760851474197391842e-06 -1.879632682009648491e-06 8.468066337136044970e-06 -4.062976722792283562e-05 9.100721444245158683e-06 -1.736876274495033539e-06 9.575492636550995802e-06
6.496993935961391215e-06 1.656259215824583498e-06 -9.004828497537157726e-05 -8.386340124789034840e-06 1.910835980885199938e-04 -2.706052868896997832e-05 1.709991149505334470e-05 3.128204381389510132e-04 -3.694597388060159594e-05 -2.250892862456564589e-07 1.890954551158822244e-06 8.743715294072804459e-05 5.468712899400277019e-09 -5.901411207110828124e-04 -1.913093469772910067e-03 2.213131770018545767e-07 8.345795586659873061e-03 2.103553498967993642e-07 2.108250377887204848e-05 7.881249523732447386e-06 1.722350842838447894e-04 1.725525675912061561e-04 2.791396773766523942e-05 1.529379790258342145e-04 2.047997047767706642e-05 5.713927188105139259e-04 2.159065643326472115e-05 1.402317039926313135e-05 -4.062976722792283562e-05 1.267340629602170012e-02 8.066568156332095958e-05 3.779567303881880251e-05 -4.604022214545081069e-05
-4.172325876529754213e-07 -3.655183961998749055e-07 1.987337577715823832e-05 2.605357592609857771e-07 -3.253646739632979143e-07 -4.102712770572578250e-06 -7.398096892452980198e-06 1.230494069846081108e-05 1.037282897324687028e-05 -1.113483602887782887e-07 -4.173277745709982676e-07 -8.227648663704988731e-06 -1.626334198909201685e-09 1.408053734285613255e-04 -3.301402722769594764e-05 -1.821307880198938692e-08 6.866664879179782115e-04 2.412443947809599695e-09 2.069052599187008801e-07 5.552588249854369986e-07 2.239426563500404374e-05 5.052288698263267513e-05 4.705322425710031302e-06 4.944976079501133394e-05 6.888365782237302790e-06 2.476945912801777235e-04 6.692608307324173749e-06 -2.101819854878082803e-06 9.100721444245158683e-06 8.066568156332095958e-05 1.103498617194815951e-05 -1.917997718379342517e-06 1.029973543460423290e-05
1.074440131775711268e-07 8.512621578123184434e-08 -4.628338030556866040e-06 -7.674819799061202647e-08 4.986737525591905677e-07 8.536692866424352600e-07 1.686326744598748619e-06 -2.043654955930681461e-06 -2.393317548209947431e-06 2.430475080334610926e-08 8.649298554196320867e-05 3.375910333220750938e-05 2.657601319674776045e-10 -3.136145329111465904e-05 -2.973930957190314730e-06 5.205585093565337717e-09 -1.319474800277701263e-04 4.696545291444198235e-08 1.749311831955147872e-08 -1.038296553190770365e-07 -4.643795725178854358e-06 7.502573718232032236e-03 3.886075507296020198e-04 -9.053469171246107000e-06 -1.341993546509209434e-06 1.096038570482353938e-02 1.553520768571281508e-04 3.325798062074634985e-06 -1.736876274495033539e-06 3.779567303881880251e-05 -1.917997718379342517e-06 1.587927471040584682e-01 2.679520856586728103e-03
-4.853988509704610030e-07 -3.845739386091619551e-07 2.090940104984975528e-05 3.467246430671363391e-07 -2.252853922176266702e-06 -3.856614050333979575e-06 -7.618303151392846754e-06 9.232601594557165547e-06 1.081226913954325366e-05 -1.098013538787982991e-07 1.021376889965682565e-06 -8.625124705579656785e-06 -1.693808784739926383e-09 1.476858770941840858e-04 -1.405203820136162999e-05 -2.054984809131893628e-08 6.070619403012424619e-04 1.212699916928960263e-09 -3.864828962230142729e-09 4.794862855429760029e-07 2.080315149488097838e-05 1.761134706653247339e-04 1.104047839051949734e-05 4.825659842106319781e-05 6.729108802040054531e-06 4.297260173918226404e-04 9.168932376663741076e-06 -2.208914163402470205e-06 9.575492636550995802e-06 -4.604022214545081069e-05 1.029973543460423290e-05 2.679520856586728103e-03 5.616948366040440768e-05
