par.Ct_1S0np = -0.150622532143627
par.Ct_1S0pp = -0.148913834270203
par.C_1S0 = 1.69350481093600
par.Ct_3S1 = -0.184312039709438
par.C_3S1 = -0.217899794020048
par.C_3S1-3D1 = 0.263422413165984
par.C_3P0 = 1.29979117865505
par.C_1P1 = 1.02509005037230
par.C_3P1 = -0.336126655491496
par.C_3P2 = -0.202925280977147
par.Ct_1S0nn = -0.149910259097322
par.Ct_1S0np = -0.154176676900964
par.Ct_1S0pp = -0.152752597140137
par.C_1S0 = 1.65183031739892
par.Ct_3S1 = -0.186702292811786
par.C_3S1 = -0.242367294613723
par.C_3S1-3D1 = 0.249373204444369
par.C_3P0 = 1.27439987754013
par.C_1P1 = 0.972017076225278
par.C_3P1 = -0.338578057488952
par.C_3P2 = -0.219100256371956
par.Ct_1S0nn = -0.153588196011275
par.Ct_1S0np = -0.154135165341219
par.Ct_1S0pp = -0.152727938539237
par.C_1S0 = 1.64816800358148
par.Ct_3S1 = -0.186766273105694
par.C_3S1 = -0.242681919048729
par.C_3S1-3D1 = 0.250537462731376
par.C_3P0 = 1.27583751948932
par.C_1P1 = 0.973564092918813
par.C_3P1 = -0.342364551697641
par.C_3P2 = -0.218644804220825
par.Ct_1S0nn = -0.153553421589211
