5.497521181707504550e-06 5.833168984994091043e-06 4.911763105917606317e-05 7.976668031343362145e-07 -3.927497013627298361e-06 -6.186408429850051506e-06 -1.520461592274083283e-05 4.010727540021009744e-05 2.484612410594172922e-05 7.121566005058470642e-09 5.653499769473089570e-06 -7.794748334159857443e-06 -2.240943269147376765e-09 1.360163721179554613e-04 -1.301820045688436433e-05 -1.470231611655835401e-08 9.711420466740927930e-04 -7.604913892812548203e-10 5.343148460953109540e-08 5.609397935294212503e-07 3.815045160420926145e-05 6.691843553647674201e-05 6.599506232817573812e-06 6.452625278635139294e-05 9.332057508421991390e-06 3.229036440424215885e-04 9.520897557136873861e-06 -1.972024472575068636e-06 8.360859299805671187e-06 -2.943146710252285276e-05 9.150759914194409920e-06 -2.036212661261225131e-06 9.462458927919792457e-06
5.833168984994091043e-06 6.194966445403514763e-06 5.216389858372811889e-05 8.350836342394615985e-07 -4.399039587681719506e-06 -6.524522933024742712e-06 -1.612399327388238870e-05 4.152071074681584881e-05 2.636948359810797437e-05 8.441934822362863744e-09 6.004128909690776945e-06 -8.233600103188611671e-06 -2.378167453485585538e-09 1.443904212831394142e-04 -1.253042004110498178e-05 -1.571186467462192036e-08 1.022320631081959866e-03 -8.684996308733470673e-10 4.157080595066248134e-08 5.878780341975051697e-07 4.017099926536380383e-05 7.076410414241410913e-05 6.968545933068859475e-06 6.824345468459440888e-05 9.867760639461183858e-06 3.416311926017712923e-04 1.006613395065836375e-05 -2.090366010634829253e-06 8.879811931649085014e-06 -3.965919145201279319e-05 9.636839195530924260e-06 -2.162498240783765108e-06 1.004931909835028042e-05
4.911763105917606317e-05 5.216389858372811889e-05 4.392410318690784937e-04 7.031863844689962642e-06 -3.704283238971615717e-05 -5.494015724535557705e-05 -1.357641815183471704e-04 3.496164205924260347e-04 2.220384953274373010e-04 7.151732288132340307e-08 5.055718321234144055e-05 -6.970413455250842622e-05 -2.002342995958355967e-08 1.215812293304353387e-03 -1.055126549573661760e-04 -1.322826063500267247e-07 8.608260240857789833e-03 -7.312578101884231622e-09 3.500244471037048824e-07 4.950257735905015271e-06 3.382623240039054464e-04 5.958630167015642552e-04 5.867798453312189242e-05 5.746294622635276985e-04 8.308970302247351870e-05 2.876663955974807351e-03 8.476075672023869782e-05 -1.763521836352930830e-05 7.476809756664741502e-05 -3.339475395887667002e-04 8.114605525724963449e-05 -1.820910600024099911e-05 8.461931355180435041e-05
7.976668031343362145e-07 8.350836342394615985e-07 7.031863844689962642e-06 1.330002075937101838e-05 -7.603848835320981946e-05 -1.049091882063106653e-04 2.595312335169357796e-06 -7.680590991790265634e-05 6.737951782551187539e-06 3.621427888572725045e-07 8.093761805618330616e-07 -8.774538621487510483e-07 -1.931904217718254643e-10 3.920854289135690472e-05 -2.630375804876434974e-05 1.283697152063290493e-07 1.422455828100568790e-03 -5.681471061077363863e-09 3.664976118438501902e-07 9.376213170340684519e-06 6.445818456659239797e-04 7.658228134457878476e-05 6.216840648104068575e-06 7.120475234556530040e-05 8.996115427550794495e-06 3.937605875415351158e-04 9.531341496100890394e-06 -2.846225764885813533e-07 1.196731911205192190e-06 1.260069608481519986e-05 1.473047230609104286e-06 -2.915118234271171477e-07 1.354681025576006985e-06
-3.927497013627298361e-06 -4.399039587681719506e-06 -3.704283238971615717e-05 -7.603848835320981946e-05 6.295735897036242815e-04 6.322472861304136941e-04 -2.812672750454328632e-05 9.434705123919751675e-04 -2.721505643782950356e-05 -2.848251884001424983e-06 -4.263675585729815650e-06 4.382191070023238512e-06 -7.479594084168222451e-11 -1.746612355561530882e-04 4.974079299808337185e-04 -7.548695993589451506e-07 -3.919733382099267055e-03 -2.620764687492744667e-07 7.530988622904509212e-06 -5.404092744026476811e-05 -3.841490142651924483e-03 -3.488373122796050688e-04 -1.656959704855576714e-05 -3.246180007311479316e-04 -3.451377923418820867e-05 -1.801694357954801819e-03 -3.289535485438231774e-05 1.508622721885774106e-06 -6.303241583820111513e-06 3.681735677023550827e-04 -3.547424528853501048e-06 1.535641737829670525e-06 -7.136261918643063920e-06
-6.186408429850051506e-06 -6.524522933024742712e-06 -5.494015724535557705e-05 -1.049091882063106653e-04 6.322472861304136941e-04 8.329221194146534503e-04 -2.268593158962602856e-05 6.898786411727045537e-04 -5.126427010142380069e-05 -2.986141079108267037e-06 -6.323679697565734632e-06 6.815563482213337004e-06 1.327361354357347865e-09 -3.010253865998296897e-04 2.653432524206008843e-04 -1.016056712835102056e-06 -1.051826338818390508e-02 1.011787713168172275e-09 -1.285265994400707459e-06 -7.403098989818262393e-05 -5.110442236365973431e-03 -5.892343769158966092e-04 -4.587607804294327539e-05 -5.479042649237221650e-04 -6.814101930131554765e-05 -3.031026445739356916e-03 -7.158367151144625685e-05 2.225309549167401998e-06 -9.349940110535307102e-06 -2.596669923893572652e-05 -1.080634097178582958e-05 2.277590375989516527e-06 -1.058416235101711656e-05
-1.520461592274083283e-05 -1.612399327388238870e-05 -1.357641815183471704e-04 2.595312335169357796e-06 -2.812672750454328632e-05 -2.268593158962602856e-05 2.672418433481994196e-04 -2.235954382952339990e-04 -1.462306691200612665e-04 6.458968468398021504e-06 -1.562662433764262622e-05 2.494847961808037458e-05 2.064482816213123686e-08 -4.560727637937507604e-04 -9.492165086636240458e-06 1.063906655259167086e-06 -3.933949402007561741e-03 1.594750662561480554e-08 -5.860418904336505866e-07 1.859240764920600706e-06 1.364443893171397480e-04 -1.470644476466988432e-04 -1.620881020151782235e-05 -1.431911272036477938e-04 -2.168149062389760614e-05 -7.005427140658938324e-04 -2.266074709886062031e-05 5.332825171054499729e-06 -2.312224291325053584e-05 6.690293974046586812e-05 -2.543331635061593895e-05 5.628218205943317335e-06 -2.615482391551332347e-05
4.010727540021009744e-05 4.152071074681584881e-05 3.496164205924260347e-04 -7.680590991790265634e-05 9.434705123919751675e-04 6.898786411727045537e-04 -2.235954382952339990e-04 4.325761580609648743e-02 -8.010912992821781734e-05 -3.393627480181052688e-05 4.024128017985996100e-05 -7.083617601195218939e-05 -1.343851341484771746e-08 -8.013779918984964253e-06 1.418851943084895820e-03 -1.065609861069704985e-06 1.353638975663286614e-01 -6.283660430870601114e-07 2.283538389751964314e-05 -5.527046084215478562e-05 -4.127071185078874486e-03 1.439039775076423645e-03 1.906370635602817778e-04 1.447239426576399325e-03 1.829481650157550724e-04 6.681194603110771936e-03 1.978101050898123457e-04 -1.394959847571628738e-05 5.952120020451819417e-05 1.335992165286227669e-03 8.011586639063486819e-05 -1.449364244233550555e-05 6.735322834272293468e-05
2.484612410594172922e-05 2.636948359810797437e-05 2.220384953274373010e-04 6.737951782551187539e-06 -2.721505643782950356e-05 -5.126427010142380069e-05 -1.462306691200612665e-04 -8.010912992821781734e-05 4.553816999514115923e-04 1.013904772930635621e-05 2.555690400938611794e-05 -2.596617378643715718e-05 -2.696123940263967816e-08 2.089816953402994556e-03 -6.926975017821841751e-05 1.581523757890583159e-07 1.194984773466696050e-02 -1.854968362679412612e-08 7.447668804763522475e-07 4.724876552866094504e-06 3.174811971078632259e-04 3.851837711347844877e-04 3.762034390847537614e-05 3.706646872954861356e-04 5.188546330933641401e-05 1.854264175497801837e-03 5.235415861633193604e-05 -8.855537401183506089e-06 3.780181157516806454e-05 -1.420249292205992640e-04 4.127939299756672241e-05 -9.204792367585792206e-06 4.277547791182083830e-05
7.121566005058470642e-09 8.441934822362863744e-09 7.151732288132340307e-08 3.621427888572725045e-07 -2.848251884001424983e-06 -2.986141079108267037e-06 6.458968468398021504e-06 -3.393627480181052688e-05 1.013904772930635621e-05 3.003303892665631355e-06 8.231731858881820640e-09 9.606770411407970029e-07 9.770322517159996530e-11 1.272632567953621262e-05 -5.514886987643066396e-06 -2.344131861949577378e-08 -2.153514736013124832e-05 9.809471171517286727e-10 -2.846191506278365011e-08 2.570397017143063302e-07 1.817515114695687331e-05 5.131392570438666139e-06 3.565722705497103521e-07 4.848270662734209332e-06 5.567197735145087186e-07 2.471617059583812041e-05 4.793327763167082688e-07 -1.093462526132790311e-08 1.133247478857609077e-08 -1.440812916602235435e-06 -2.273651363391311224e-10 -2.964810710282997802e-09 1.377773552595409478e-08
5.653499769473089570e-06 6.004128909690776945e-06 5.055718321234144055e-05 8.093761805618330616e-07 -4.263675585729815650e-06 -6.323679697565734632e-06 -1.562662433764262622e-05 4.024128017985996100e-05 2.555690400938611794e-05 8.231731858881820640e-09 5.968897624107293236e-06 -8.023031651285394018e-06 -2.304721425269492877e-09 1.399414909004359226e-04 -1.214463640885477449e-05 -1.522589075202256337e-08 9.908213453662026698e-04 -8.416867369569958498e-10 4.028824453334477218e-08 5.697807562228364750e-07 3.893440969238811164e-05 7.490664862834866774e-05 7.118868506111653805e-06 6.614055813329760886e-05 9.563727051844127193e-06 3.396517581749518072e-04 9.898922028719359743e-06 -2.029835332096999967e-06 8.605900024936451816e-06 -3.843777269727444905e-05 9.340010802593600212e-06 1.514810864044309957e-04 1.226176900805180060e-05
-7.794748334159857443e-06 -8.233600103188611671e-06 -6.970413455250842622e-05 -8.774538621487510483e-07 4.382191070023238512e-06 6.815563482213337004e-06 2.494847961808037458e-05 -7.083617601195218939e-05 -2.596617378643715718e-05 9.606770411407970029e-07 -8.023031651285394018e-06 1.537037432623984679e-02 -4.862307478036061671e-08 2.848781376683530821e-04 -3.042279387200024811e-03 2.653507155507404286e-07 3.659921615547850546e-04 1.244890998884228507e-05 4.290748423000885421e-06 -4.830035783401913342e-08 -5.101506045087076849e-05 5.194991191730789380e-04 2.722854171403766223e-05 5.021286713795056070e-04 4.822054348033774206e-05 1.308714957198740293e-03 1.794230004122081024e-05 1.376399808842433507e-03 1.424279657708058943e-04 1.358948301945231418e-02 1.304153029220718029e-04 8.883813349248648183e-03 1.445889804941890872e-04
-2.240943269147376765e-09 -2.378167453485585538e-09 -2.002342995958355967e-08 -1.931904217718254643e-10 -7.479594084168222451e-11 1.327361354357347865e-09 2.064482816213123686e-08 -1.343851341484771746e-08 -2.696123940263967816e-08 9.770322517159996530e-11 -2.304721425269492877e-09 -4.862307478036061671e-08 2.468731120455715250e-12 -1.190982979739924964e-07 1.332302552385761712e-08 4.452501857788713623e-11 -7.647359062061947947e-07 -4.122017834379728482e-11 -7.862849808665933423e-11 -1.355281982092227243e-10 -8.385780851454627123e-09 -3.045293865855391037e-08 -2.999357515040728786e-09 -2.941284651692904444e-08 -4.159208818752869994e-09 -1.423126956469027165e-07 -4.146860894256834721e-09 -3.824578742115892658e-09 -3.928253122266932927e-09 -3.323146871221476809e-08 -4.209478567408192365e-09 -2.904221822083219598e-08 -4.389007325705120084e-09
1.360163721179554613e-04 1.443904212831394142e-04 1.215812293304353387e-03 3.920854289135690472e-05 -1.746612355561530882e-04 -3.010253865998296897e-04 -4.560727637937507604e-04 -8.013779918984964253e-06 2.089816953402994556e-03 1.272632567953621262e-05 1.399414909004359226e-04 2.848781376683530821e-04 -1.190982979739924964e-07 1.086413338467122694e-02 -4.429355211345544418e-04 3.282684380378271802e-06 6.194213167795313557e-02 7.893817491122366136e-07 3.833799065464170596e-06 2.757129176166212635e-05 1.859916471450194292e-03 2.094615082938109264e-03 2.031348907577894931e-04 2.014901646184586240e-03 2.821536070517394906e-04 1.006657412289695477e-02 2.843687784308599311e-04 -9.291961876580351738e-06 2.113959627125245721e-04 -4.408428826705157173e-04 2.296451722609975409e-04 2.048258006994595670e-04 2.387661864848347466e-04
-1.301820045688436433e-05 -1.253042004110498178e-05 -1.055126549573661760e-04 -2.630375804876434974e-05 4.974079299808337185e-04 2.653432524206008843e-04 -9.492165086636240458e-06 1.418851943084895820e-03 -6.926975017821841751e-05 -5.514886987643066396e-06 -1.214463640885477449e-05 -3.042279387200024811e-03 1.332302552385761712e-08 -4.429355211345544418e-04 2.647585224561441186e-02 9.926213422372526065e-07 1.410169765155107509e-02 1.964598517526116705e-03 7.023906519950673128e-04 6.938448383448217514e-05 -3.004686396896625710e-03 3.500128468056104645e-03 2.237024970320256924e-04 3.450513536393660496e-03 1.882135435352281193e-04 7.635882162117049038e-03 1.167675244168157335e-04 -2.691147858572907935e-04 -4.867665686867919336e-05 -4.557996470622627597e-03 -6.687936395087801516e-05 -1.772146761396097264e-03 -5.193636206042455460e-05
-1.470231611655835401e-08 -1.571186467462192036e-08 -1.322826063500267247e-07 1.283697152063290493e-07 -7.548695993589451506e-07 -1.016056712835102056e-06 1.063906655259167086e-06 -1.065609861069704985e-06 1.581523757890583159e-07 -2.344131861949577378e-08 -1.522589075202256337e-08 2.653507155507404286e-07 4.452501857788713623e-11 3.282684380378271802e-06 9.926213422372526065e-07 9.045865194141707169e-09 2.356959587019512260e-05 1.082691651397066807e-07 4.030502292554506276e-08 9.543697079823931645e-08 6.158369363806579626e-06 8.844885205673363475e-07 6.146120299463782362e-08 8.287239943455640394e-07 8.472985422391002770e-08 3.956721294814268984e-06 8.149137317654845500e-08 2.509323258900197843e-08 -2.029177048401900485e-08 4.425416514265054389e-07 -2.094595066802774574e-08 1.361678850330342173e-07 -2.315885458670485084e-08
9.711420466740927930e-04 1.022320631081959866e-03 8.608260240857789833e-03 1.422455828100568790e-03 -3.919733382099267055e-03 -1.051826338818390508e-02 -3.933949402007561741e-03 1.353638975663286614e-01 1.194984773466696050e-02 -2.153514736013124832e-05 9.908213453662026698e-04 3.659921615547850546e-04 -7.647359062061947947e-07 6.194213167795313557e-02 1.410169765155107509e-02 2.356959587019512260e-05 9.973852120174137026e-01 8.455992640218416541e-04 5.449583998692619519e-04 1.031859458428523862e-03 6.493241155771986572e-02 2.703303498210744144e-02 2.719926500579809489e-03 2.594003686356149627e-02 3.393922345080703333e-03 1.281900873993319645e-01 3.534670337022246221e-03 -2.036986834328280579e-04 1.481240941249408480e-03 8.357799202633714453e-03 1.735992400880161319e-03 5.543303125296774984e-04 1.674584867550923256e-03
-7.604913892812548203e-10 -8.684996308733470673e-10 -7.312578101884231622e-09 -5.681471061077363863e-09 -2.620764687492744667e-07 1.011787713168172275e-09 1.594750662561480554e-08 -6.283660430870601114e-07 -1.854968362679412612e-08 9.809471171517286727e-10 -8.416867369569958498e-10 1.244890998884228507e-05 -4.122017834379728482e-11 7.893817491122366136e-07 1.964598517526116705e-03 1.082691651397066807e-07 8.455992640218416541e-04 1.578578285422280072e-04 5.508907151233376822e-05 7.121945762256755310e-06 -1.166557260797811656e-04 3.028079179130638526e-04 1.789863256265746379e-05 2.980494813751172764e-04 1.675665920050205954e-05 6.931993324046606831e-04 9.786085027063654734e-06 1.113431328681142535e-06 1.238367725165890817e-07 1.123309946292259763e-05 1.165748592700389092e-07 7.234144724104579706e-06 1.273022755875433738e-07
5.343148460953109540e-08 4.157080595066248134e-08 3.500244471037048824e-07 3.664976118438501902e-07 7.530988622904509212e-06 -1.285265994400707459e-06 -5.860418904336505866e-07 2.283538389751964314e-05 7.447668804763522475e-07 -2.846191506278365011e-08 4.028824453334477218e-08 4.290748423000885421e-06 -7.862849808665933423e-11 3.833799065464170596e-06 7.023906519950673128e-04 4.030502292554506276e-08 5.449583998692619519e-04 5.508907151233376822e-05 1.972097967299655936e-05 2.724182654141759935e-06 -3.066213506291820513e-05 1.122689350258962443e-04 7.367687924530578493e-06 1.101330192326081386e-04 6.943475799204495435e-06 2.753385561069294119e-04 4.758711436189231655e-06 3.749640294594719314e-07 1.032920127878747632e-07 2.624626396223699230e-05 3.248350925826647260e-07 2.511298737546937610e-06 1.123733120587693462e-07
5.609397935294212503e-07 5.878780341975051697e-07 4.950257735905015271e-06 9.376213170340684519e-06 -5.404092744026476811e-05 -7.403098989818262393e-05 1.859240764920600706e-06 -5.527046084215478562e-05 4.724876552866094504e-06 2.570397017143063302e-07 5.697807562228364750e-07 -4.830035783401913342e-08 -1.355281982092227243e-10 2.757129176166212635e-05 6.938448383448217514e-05 9.543697079823931645e-08 1.031859458428523862e-03 7.121945762256755310e-06 2.724182654141759935e-06 6.932964548443717453e-06 4.495128448556838410e-04 6.747086409948778007e-05 5.150108616079727777e-06 6.347876183852822090e-05 7.062522647163378495e-06 3.079466075126508851e-04 7.115209897980345645e-06 -1.495160661631805282e-07 8.481838106230045042e-07 8.434331514035763895e-06 1.033175100804103204e-06 1.253757249164111149e-07 9.595440476546566154e-07
3.815045160420926145e-05 4.017099926536380383e-05 3.382623240039054464e-04 6.445818456659239797e-04 -3.841490142651924483e-03 -5.110442236365973431e-03 1.364443893171397480e-04 -4.127071185078874486e-03 3.174811971078632259e-04 1.817515114695687331e-05 3.893440969238811164e-05 -5.101506045087076849e-05 -8.385780851454627123e-09 1.859916471450194292e-03 -3.004686396896625710e-03 6.158369363806579626e-06 6.493241155771986572e-02 -1.166557260797811656e-04 -3.066213506291820513e-05 4.495128448556838410e-04 3.145171691789495905e-02 3.416529735817721170e-03 2.728529864638054667e-04 3.164655279307635773e-03 4.100457235075327428e-04 1.821134318430723056e-02 4.373821800568583064e-04 -1.450368936890471686e-05 5.747665555886737331e-05 2.488109718558504865e-04 6.738899752713828296e-05 -1.925235136384427116e-05 6.507282756810046302e-05
6.691843553647674201e-05 7.076410414241410913e-05 5.958630167015642552e-04 7.658228134457878476e-05 -3.488373122796050688e-04 -5.892343769158966092e-04 -1.470644476466988432e-04 1.439039775076423645e-03 3.851837711347844877e-04 5.131392570438666139e-06 7.490664862834866774e-05 5.194991191730789380e-04 -3.045293865855391037e-08 2.094615082938109264e-03 3.500128468056104645e-03 8.844885205673363475e-07 2.703303498210744144e-02 3.028079179130638526e-04 1.122689350258962443e-04 6.747086409948778007e-05 3.416529735817721170e-03 2.114866865318201609e-03 1.714669344820903430e-04 1.779870637434496482e-03 1.995469760041056499e-04 7.881398955990775654e-03 1.977764331953484197e-04 3.064024045137998283e-05 1.075598066285991382e-04 5.419811481636655544e-04 1.202066731158914561e-04 6.819882850445636857e-03 2.276701272787498434e-04
6.599506232817573812e-06 6.968545933068859475e-06 5.867798453312189242e-05 6.216840648104068575e-06 -1.656959704855576714e-05 -4.587607804294327539e-05 -1.620881020151782235e-05 1.906370635602817778e-04 3.762034390847537614e-05 3.565722705497103521e-07 7.118868506111653805e-06 2.722854171403766223e-05 -2.999357515040728786e-09 2.031348907577894931e-04 2.237024970320256924e-04 6.146120299463782362e-08 2.719926500579809489e-03 1.789863256265746379e-05 7.367687924530578493e-06 5.150108616079727777e-06 2.728529864638054667e-04 1.714669344820903430e-04 1.531713706157708348e-05 1.499476130961657880e-04 1.839142456391651512e-05 6.947819073765696069e-04 1.874230815628938335e-05 8.843722705891907708e-07 1.035233633282164996e-05 4.752937826041343474e-05 1.176198640967196599e-05 3.932110228973920716e-04 1.783025000592028690e-05
6.452625278635139294e-05 6.824345468459440888e-05 5.746294622635276985e-04 7.120475234556530040e-05 -3.246180007311479316e-04 -5.479042649237221650e-04 -1.431911272036477938e-04 1.447239426576399325e-03 3.706646872954861356e-04 4.848270662734209332e-06 6.614055813329760886e-05 5.021286713795056070e-04 -2.941284651692904444e-08 2.014901646184586240e-03 3.450513536393660496e-03 8.287239943455640394e-07 2.594003686356149627e-02 2.980494813751172764e-04 1.101330192326081386e-04 6.347876183852822090e-05 3.164655279307635773e-03 1.779870637434496482e-03 1.499476130961657880e-04 1.715474837487539640e-03 1.914060300084733030e-04 7.208224207600944303e-03 1.834343398320285173e-04 2.965714242092601911e-05 1.037378448786464277e-04 5.102040542164817775e-04 1.158018051151248084e-04 3.178691642412307251e-04 1.167814223962436524e-04
9.332057508421991390e-06 9.867760639461183858e-06 8.308970302247351870e-05 8.996115427550794495e-06 -3.451377923418820867e-05 -6.814101930131554765e-05 -2.168149062389760614e-05 1.829481650157550724e-04 5.188546330933641401e-05 5.567197735145087186e-07 9.563727051844127193e-06 4.822054348033774206e-05 -4.159208818752869994e-09 2.821536070517394906e-04 1.882135435352281193e-04 8.472985422391002770e-08 3.393922345080703333e-03 1.675665920050205954e-05 6.943475799204495435e-06 7.062522647163378495e-06 4.100457235075327428e-04 1.995469760041056499e-04 1.839142456391651512e-05 1.914060300084733030e-04 2.423953197492806003e-05 8.916121315464065403e-04 2.436510784443852670e-05 2.115929866307947787e-06 1.475612237302447312e-05 5.506235575215452367e-05 1.654419088570348352e-05 3.188551098416439548e-05 1.663576652714460996e-05
3.229036440424215885e-04 3.416311926017712923e-04 2.876663955974807351e-03 3.937605875415351158e-04 -1.801694357954801819e-03 -3.031026445739356916e-03 -7.005427140658938324e-04 6.681194603110771936e-03 1.854264175497801837e-03 2.471617059583812041e-05 3.396517581749518072e-04 1.308714957198740293e-03 -1.423126956469027165e-07 1.006657412289695477e-02 7.635882162117049038e-03 3.956721294814268984e-06 1.281900873993319645e-01 6.931993324046606831e-04 2.753385561069294119e-04 3.079466075126508851e-04 1.821134318430723056e-02 7.881398955990775654e-03 6.947819073765696069e-04 7.208224207600944303e-03 8.916121315464065403e-04 3.392077092328951715e-02 8.998342815512023465e-04 4.066033184740122273e-05 5.072147119214268389e-04 1.297505642062656743e-03 5.665927069141083990e-04 9.665506660980396209e-03 7.162532610968828581e-04
9.520897557136873861e-06 1.006613395065836375e-05 8.476075672023869782e-05 9.531341496100890394e-06 -3.289535485438231774e-05 -7.158367151144625685e-05 -2.266074709886062031e-05 1.978101050898123457e-04 5.235415861633193604e-05 4.793327763167082688e-07 9.898922028719359743e-06 1.794230004122081024e-05 -4.146860894256834721e-09 2.843687784308599311e-04 1.167675244168157335e-04 8.149137317654845500e-08 3.534670337022246221e-03 9.786085027063654734e-06 4.758711436189231655e-06 7.115209897980345645e-06 4.373821800568583064e-04 1.977764331953484197e-04 1.874230815628938335e-05 1.834343398320285173e-04 2.436510784443852670e-05 8.998342815512023465e-04 2.513833908745332903e-05 -6.320523346350618352e-07 1.473942460035030588e-05 3.048414685077401149e-05 1.660342051790090670e-05 1.611011196399771530e-04 1.905696789252729053e-05
-1.972024472575068636e-06 -2.090366010634829253e-06 -1.763521836352930830e-05 -2.846225764885813533e-07 1.508622721885774106e-06 2.225309549167401998e-06 5.332825171054499729e-06 -1.394959847571628738e-05 -8.855537401183506089e-06 -1.093462526132790311e-08 -2.029835332096999967e-06 1.376399808842433507e-03 -3.824578742115892658e-09 -9.291961876580351738e-06 -2.691147858572907935e-04 2.509323258900197843e-08 -2.036986834328280579e-04 1.113431328681142535e-06 3.749640294594719314e-07 -1.495160661631805282e-07 -1.450368936890471686e-05 3.064024045137998283e-05 8.843722705891907708e-07 2.965714242092601911e-05 2.115929866307947787e-06 4.066033184740122273e-05 -6.320523346350618352e-07 1.235551954643289050e-04 1.079720899768069184e-05 1.224069781644326459e-03 9.557649590858730769e-06 7.949842399360755553e-04 1.073466287525530930e-05
8.360859299805671187e-06 8.879811931649085014e-06 7.476809756664741502e-05 1.196731911205192190e-06 -6.303241583820111513e-06 -9.349940110535307102e-06 -2.312224291325053584e-05 5.952120020451819417e-05 3.780181157516806454e-05 1.133247478857609077e-08 8.605900024936451816e-06 1.424279657708058943e-04 -3.928253122266932927e-09 2.113959627125245721e-04 -4.867665686867919336e-05 -2.029177048401900485e-08 1.481240941249408480e-03 1.238367725165890817e-07 1.032920127878747632e-07 8.481838106230045042e-07 5.747665555886737331e-05 1.075598066285991382e-04 1.035233633282164996e-05 1.037378448786464277e-04 1.475612237302447312e-05 5.072147119214268389e-04 1.473942460035030588e-05 1.079720899768069184e-05 1.427716476261378902e-05 7.919478089909720434e-05 1.525283647485972389e-05 8.614920158862834974e-05 1.599198852538410417e-05
-2.943146710252285276e-05 -3.965919145201279319e-05 -3.339475395887667002e-04 1.260069608481519986e-05 3.681735677023550827e-04 -2.596669923893572652e-05 6.690293974046586812e-05 1.335992165286227669e-03 -1.420249292205992640e-04 -1.440812916602235435e-06 -3.843777269727444905e-05 1.358948301945231418e-02 -3.323146871221476809e-08 -4.408428826705157173e-04 -4.557996470622627597e-03 4.425416514265054389e-07 8.357799202633714453e-03 1.123309946292259763e-05 2.624626396223699230e-05 8.434331514035763895e-06 2.488109718558504865e-04 5.419811481636655544e-04 4.752937826041343474e-05 5.102040542164817775e-04 5.506235575215452367e-05 1.297505642062656743e-03 3.048414685077401149e-05 1.224069781644326459e-03 7.919478089909720434e-05 2.477696263949063366e-02 1.867168479320099720e-04 7.881068694666017171e-03 7.564612325891833123e-05
9.150759914194409920e-06 9.636839195530924260e-06 8.114605525724963449e-05 1.473047230609104286e-06 -3.547424528853501048e-06 -1.080634097178582958e-05 -2.543331635061593895e-05 8.011586639063486819e-05 4.127939299756672241e-05 -2.273651363391311224e-10 9.340010802593600212e-06 1.304153029220718029e-04 -4.209478567408192365e-09 2.296451722609975409e-04 -6.687936395087801516e-05 -2.094595066802774574e-08 1.735992400880161319e-03 1.165748592700389092e-07 3.248350925826647260e-07 1.033175100804103204e-06 6.738899752713828296e-05 1.202066731158914561e-04 1.176198640967196599e-05 1.158018051151248084e-04 1.654419088570348352e-05 5.665927069141083990e-04 1.660342051790090670e-05 9.557649590858730769e-06 1.525283647485972389e-05 1.867168479320099720e-04 1.751230480565396406e-05 7.991558971564028942e-05 1.711448569260799133e-05
-2.036212661261225131e-06 -2.162498240783765108e-06 -1.820910600024099911e-05 -2.915118234271171477e-07 1.535641737829670525e-06 2.277590375989516527e-06 5.628218205943317335e-06 -1.449364244233550555e-05 -9.204792367585792206e-06 -2.964810710282997802e-09 1.514810864044309957e-04 8.883813349248648183e-03 -2.904221822083219598e-08 2.048258006994595670e-04 -1.772146761396097264e-03 1.361678850330342173e-07 5.543303125296774984e-04 7.234144724104579706e-06 2.511298737546937610e-06 1.253757249164111149e-07 -1.925235136384427116e-05 6.819882850445636857e-03 3.932110228973920716e-04 3.178691642412307251e-04 3.188551098416439548e-05 9.665506660980396209e-03 1.611011196399771530e-04 7.949842399360755553e-04 8.614920158862834974e-05 7.881068694666017171e-03 7.991558971564028942e-05 1.629282753506775261e-01 2.676729512173567967e-03
9.462458927919792457e-06 1.004931909835028042e-05 8.461931355180435041e-05 1.354681025576006985e-06 -7.136261918643063920e-06 -1.058416235101711656e-05 -2.615482391551332347e-05 6.735322834272293468e-05 4.277547791182083830e-05 1.377773552595409478e-08 1.226176900805180060e-05 1.445889804941890872e-04 -4.389007325705120084e-09 2.387661864848347466e-04 -5.193636206042455460e-05 -2.315885458670485084e-08 1.674584867550923256e-03 1.273022755875433738e-07 1.123733120587693462e-07 9.595440476546566154e-07 6.507282756810046302e-05 2.276701272787498434e-04 1.783025000592028690e-05 1.167814223962436524e-04 1.663576652714460996e-05 7.162532610968828581e-04 1.905696789252729053e-05 1.073466287525530930e-05 1.599198852538410417e-05 7.564612325891833123e-05 1.711448569260799133e-05 2.676729512173567967e-03 6.044393947726824844e-05
