theo_error.scale_from_amplitudes = yes
scaling_form = 1
eft_nu = 3.0
eft_C = 2.1603
residual_list.load = no
residual_list.load.prefix = NLOsim-450-125.theo
eft_C = 2.42669187486171722
eft_C = 2.18023844063282013
