par.Ct_1S0np = -0.150622532143627
par.Ct_1S0pp = -0.148913834270203
par.C_1S0 = 1.69350481093600
par.Ct_3S1 = -0.184312039709438
par.C_3S1 = -0.217899794020048
par.C_3S1-3D1 = 0.263422413165984
par.C_3P0 = 1.29979117865505
par.C_1P1 = 1.02509005037230
par.C_3P1 = -0.336126655491496
par.C_3P2 = -0.202925280977147
par.Ct_1S0nn = -0.149910259097322
par.Ct_1S0np = -0.154176676900964
par.Ct_1S0pp = -0.152752597140137
par.C_1S0 = 1.65183031739892
par.Ct_3S1 = -0.186702292811786
par.C_3S1 = -0.242367294613723
par.C_3S1-3D1 = 0.249373204444369
par.C_3P0 = 1.27439987754013
par.C_1P1 = 0.972017076225278
par.C_3P1 = -0.338578057488952
par.C_3P2 = -0.219100256371956
par.Ct_1S0nn = -0.153588196011275
par.Ct_1S0np = -0.154443920692667
par.Ct_1S0pp = -0.152899272514284
par.C_1S0 = 1.68168630107134
par.Ct_3S1 = -0.180046296170752
par.C_3S1 = -0.271091928757358
par.C_3S1-3D1 = 0.175649266967255
par.C_3P0 = 1.29373668914587
par.C_1P1 = 1.12644289981617
par.C_3P1 = -0.375158329183134
par.C_3P2 = -0.233199008531981
par.Ct_1S0nn = -0.153817946056812
par.Ct_1S0np = -0.154429104014765
par.Ct_1S0pp = -0.152892895571928
par.C_1S0 = 1.67980485817426
par.Ct_3S1 = -0.180178359374603
par.C_3S1 = -0.270895361516463
par.C_3S1-3D1 = 0.177215996753922
par.C_3P0 = 1.29198952765603
par.C_1P1 = 1.12397455136623
par.C_3P1 = -0.366888235472181
par.C_3P2 = -0.232141425858713
par.Ct_1S0nn = -0.153806294195832
