6.180420879313467362e-04 6.338273869489107403e-04 1.513707888909910076e-03 -1.838876033915372657e-05 -1.144447884339614601e-04 -6.952695711242922686e-05 -1.267502212780728958e-04 3.805471356018345712e-04 1.399974194018570425e-04 9.113275018049051111e-08 6.261251753744865797e-04 -7.348588894941251288e-05 -1.312461973478675436e-08 5.723257666013716223e-04 -1.103489728129817486e-04 -1.788402318599976298e-07 4.740553335496761229e-03 5.804866845710062117e-09 -1.618129599626402172e-07 3.635108482731618987e-06 1.757787891445637381e-04 9.068405325253188834e-04 9.566512237815363103e-05 8.636844132058911407e-04 1.332602275879420713e-04 4.186946485312463377e-03 1.288802017294316340e-04 -1.806740136789721922e-05 7.637290367708995226e-05 -3.487579273851029510e-04 8.291880665864028311e-05 -1.824007995660808812e-05 8.631149523166818150e-05
6.338273869489107403e-04 6.500405570050316745e-04 1.552427929521166521e-03 -1.908620897410872859e-05 -1.183318244818579515e-04 -7.125917948648687441e-05 -1.299487521760685649e-04 3.881967792087056917e-04 1.435543508328251678e-04 9.351604763339526362e-08 6.421412062056985025e-04 -7.526872855054874550e-05 -1.345846191033256827e-08 5.869385616835746076e-04 -1.103578036274116872e-04 -1.836680220690757231e-07 4.848304765881899028e-03 5.751166882774828920e-09 -1.950817870956327141e-07 3.705160199914734438e-06 1.794256139184504566e-04 9.293180967118633935e-04 9.801822643682895904e-05 8.851045738432089006e-04 1.365607433780973129e-04 4.291050148484947674e-03 1.320730680246359669e-04 -1.852090475286792022e-05 7.832738133088673225e-05 -3.752548920536347859e-04 8.487333381760115065e-05 -1.870665388534408456e-05 8.851930865793955017e-05
1.513707888909910076e-03 1.552427929521166521e-03 3.707511624080120621e-03 -4.558194423879570988e-05 -2.826015602748201908e-04 -1.701819141820126854e-04 -3.103405060850852838e-04 9.270927587500327671e-04 3.428355814895527910e-04 2.234553191049908759e-07 1.533562970000661640e-03 -1.799882066073408941e-04 -3.214061809791424301e-08 1.401724446948162750e-03 -2.635572225518498712e-04 -4.386280638215348920e-07 1.157870591536890904e-02 1.373520143938952509e-08 -4.659037566254191934e-07 8.848696911877098378e-06 4.285059310696569517e-04 2.219399258310496628e-03 2.340873000510916764e-04 2.113803712298209601e-03 3.261340745849364308e-04 1.024788766706457611e-02 3.154170251306547923e-04 -4.425237235323251225e-05 1.870594872286889259e-04 -8.961849389142540270e-04 2.026946691149095106e-04 -4.467526988447623946e-05 2.114019978409390041e-04
-1.838876033915372657e-05 -1.908620897410872859e-05 -4.558194423879570988e-05 1.426087094225663332e-04 8.214131253204727534e-04 4.072537398687516583e-04 -1.146129119899490744e-05 1.694866848936176461e-04 -1.434098684322206009e-05 -1.510916638954050279e-06 -1.885436618219430067e-05 1.516542558964969806e-06 1.065959558164846471e-10 -3.200243645176204313e-05 2.077315103530437141e-04 -2.211682711591397189e-07 -1.066694069243244360e-03 -1.630633737444382112e-07 5.157423070786384535e-06 -1.830765037114206578e-05 -9.227548624135042390e-04 1.575223838934826500e-04 2.349066003147691915e-05 1.492736361803029418e-04 2.387216926937791743e-05 9.457844249657996073e-04 3.070462294134067836e-05 5.507203424240742123e-07 -2.299115424289488525e-06 1.734324468852379371e-04 -9.534167654239185906e-07 5.492594268431535019e-07 -2.599078587961443977e-06
-1.144447884339614601e-04 -1.183318244818579515e-04 -2.826015602748201908e-04 8.214131253204727534e-04 4.811283810875749758e-03 2.505396162110221960e-03 -6.396373559632054738e-05 6.956046094795109713e-04 -9.369025207448585663e-05 -9.147748744839696261e-06 -1.168943841703498111e-04 9.434822072370251111e-06 1.059020574507590245e-09 -2.106450687695484054e-04 1.051066781138074169e-03 -1.406191878152330568e-06 -9.247982070719426920e-03 -8.035594785912889142e-07 2.498173322516638413e-05 -1.174096952895991702e-04 -5.847927407925375062e-03 8.446081059198705865e-04 1.252016253416854668e-04 8.023235179408977130e-04 1.262275052436524401e-04 5.216907646878092553e-03 1.662024784526224973e-04 3.410916504299430776e-06 -1.425454484666290652e-05 7.547551748696298100e-04 -8.947273033464443184e-06 3.405330190570542614e-06 -1.611391695776372005e-05
-6.952695711242922686e-05 -7.125917948648687441e-05 -1.701819141820126854e-04 4.072537398687516583e-04 2.505396162110221960e-03 1.481546873667260534e-03 -2.863653403126963310e-05 -7.586685456132340579e-05 -6.307560953853641342e-05 -5.202653388029657242e-06 -7.039348981617468259e-05 5.726868862872056931e-06 1.192319844858505283e-09 -1.438926040305595218e-04 3.031363413466457387e-04 -8.955221080561744689e-07 -9.239027504392935755e-03 -1.826887655748004459e-07 5.306111063828947003e-06 -7.614244877275007134e-05 -3.698474807478696093e-03 3.247557547110414139e-04 4.692844893530563963e-05 3.116288168902221246e-04 4.568039662831550771e-05 2.240627646730374359e-03 6.642971638164679043e-05 2.049209767679306202e-06 -8.584546268469204849e-06 8.247427901596552074e-06 -9.615646324952822075e-06 2.050680853656423866e-06 -9.703758288516909952e-06
-1.267502212780728958e-04 -1.299487521760685649e-04 -3.103405060850852838e-04 -1.146129119899490744e-05 -6.396373559632054738e-05 -2.863653403126963310e-05 3.090340125035524700e-04 -8.725650840690692567e-05 -8.013919796173015148e-05 3.556463004890341116e-06 -1.283682308997362222e-04 1.814882598521244721e-05 1.383986392979310491e-08 -3.332048693714537635e-05 -9.715304079065393533e-06 1.076960872541677110e-06 -1.320658949491445699e-03 1.408064719128956037e-08 -5.365029064615532555e-07 1.164586046441779594e-06 6.049497770286798681e-05 -1.901169904871637714e-04 -2.119354442986456542e-05 -1.811658843881426388e-04 -2.816782495695597092e-05 -8.980610319349768183e-04 -2.827991606438986629e-05 3.602045957905084922e-06 -1.566847591444067193e-05 4.276937227629255990e-05 -1.727221819500191559e-05 3.739582572138943518e-06 -1.769558929266876570e-05
3.805471356018345712e-04 3.881967792087056917e-04 9.270927587500327671e-04 1.694866848936176461e-04 6.956046094795109713e-04 -7.586685456132340579e-05 -8.725650840690692567e-05 4.736625363241492304e-02 -9.980682025158385843e-05 -6.336508611228888020e-06 3.834796134799047808e-04 -5.020523225781947435e-05 -2.973629238874613873e-09 -1.063793695737898443e-04 9.708573778815486350e-04 -1.386656658243746387e-07 9.365715355472355175e-02 -6.184251769996755209e-07 2.271528588081134537e-05 2.018361808491387076e-05 7.722790526864945545e-04 1.883142681344003762e-03 2.315715937300603651e-04 1.825683962608080956e-03 2.611646202769024681e-04 8.455758852885509463e-03 2.563434658901858273e-04 -1.107775428411095774e-05 4.677446871467077789e-05 1.266199953801663055e-03 6.480354813211910319e-05 -1.117140647158098812e-05 5.286275034401224818e-05
1.399974194018570425e-04 1.435543508328251678e-04 3.428355814895527910e-04 -1.434098684322206009e-05 -9.369025207448585663e-05 -6.307560953853641342e-05 -8.013919796173015148e-05 -9.980682025158385843e-05 2.583182518387934197e-04 6.544674320510228308e-06 1.418093875029912397e-04 -1.131647599290335485e-05 -1.132028739914020241e-08 6.434377689350141444e-04 -3.716294092847906045e-05 8.394425814621867539e-08 4.462872959565225561e-03 -2.719018983852377799e-09 1.358879720187806626e-07 3.498124026208036089e-06 1.666389210631404299e-04 2.199457349232712287e-04 2.301617920120348210e-05 2.095301399931244685e-04 3.203933612278730058e-05 9.885220055519980224e-04 3.005209399761077084e-05 -4.055152256924314721e-06 1.730128216914260039e-05 -6.524189691486078962e-05 1.891028843780496199e-05 -4.131146084506736633e-06 1.954845573163459935e-05
9.113275018049051111e-08 9.351604763339526362e-08 2.234553191049908759e-07 -1.510916638954050279e-06 -9.147748744839696261e-06 -5.202653388029657242e-06 3.556463004890341116e-06 -6.336508611228888020e-06 6.544674320510228308e-06 1.454836520086620923e-06 9.242932661419103273e-08 4.603105354054725069e-07 1.223536039282926003e-11 -9.326531499082044036e-06 -2.934438262974144540e-06 -1.552532378975312054e-08 -4.047968227045492529e-05 9.670273080247008967e-10 -2.836972654831242576e-08 2.604751251302179334e-07 1.274027879626037493e-05 -3.142211740877472542e-07 -1.027495094026664889e-07 -2.940359259770717143e-07 -7.093852758673895717e-08 -4.304047403438097199e-06 -1.764590565547305560e-07 -6.301353475417287216e-09 1.090072865607703771e-08 -1.272597985090571641e-07 1.152271954223330588e-08 -2.692621955715385370e-09 1.274140330994237935e-08
6.261251753744865797e-04 6.421412062056985025e-04 1.533562970000661640e-03 -1.885436618219430067e-05 -1.168943841703498111e-04 -7.039348981617468259e-05 -1.283682308997362222e-04 3.834796134799047808e-04 1.418093875029912397e-04 9.242932661419103273e-08 6.350469878545471911e-04 -7.444973250982905703e-05 -1.329454004345152118e-08 5.798047110688992443e-04 -1.090169466648423967e-04 -1.814326762756709987e-07 4.789378006802902377e-03 5.681383755090746218e-09 -1.927149045472058739e-07 3.660146020490179214e-06 1.772457904232023962e-04 9.302963246289688327e-04 9.760308626341448253e-05 8.743468470809904417e-04 1.349010308667615544e-04 4.254311396793767318e-03 1.307454846159024841e-04 -1.830440642042120198e-05 7.737467387506959126e-05 -3.706950040735594023e-04 8.384195932178281825e-05 3.165058299147427423e-04 9.285189208974053456e-05
-7.348588894941251288e-05 -7.526872855054874550e-05 -1.799882066073408941e-04 1.516542558964969806e-06 9.434822072370251111e-06 5.726868862872056931e-06 1.814882598521244721e-05 -5.020523225781947435e-05 -1.131647599290335485e-05 4.603105354054725069e-07 -7.444973250982905703e-05 5.577393380315922577e-01 -1.818672891445551689e-06 2.421557771274440544e-03 -1.155439455422684059e-01 4.040982731316776001e-06 2.720903608477321517e-02 1.196039857196375599e-04 4.146083533225892971e-05 4.885563798914975618e-06 -5.550230822906073542e-05 1.882021879157419475e-02 1.217603497176922506e-03 1.801912672255568185e-02 2.113549602482826806e-03 4.931444048089399235e-02 9.354881007179440206e-04 4.991056445617764875e-02 5.260707037152330574e-03 4.990719013580358632e-01 4.872107260763063573e-03 3.244637555360450620e-01 5.383453249459641161e-03
-1.312461973478675436e-08 -1.345846191033256827e-08 -3.214061809791424301e-08 1.065959558164846471e-10 1.059020574507590245e-09 1.192319844858505283e-09 1.383986392979310491e-08 -2.973629238874613873e-09 -1.132028739914020241e-08 1.223536039282926003e-11 -1.329454004345152118e-08 -1.818672891445551689e-06 6.848207698096088969e-12 -3.431219874510394720e-08 3.785397724146374180e-07 1.986015506901396820e-11 -3.118753368454711042e-07 -3.918407009397875829e-10 -1.584266281662344886e-10 -9.721050009256778935e-11 -3.518898234640296389e-09 -8.165220316790641871e-08 -6.144093148199033624e-09 -7.807959179685124165e-08 -9.870784661350193043e-09 -2.543636107300155857e-07 -5.940689688065280538e-09 -1.625014587842951235e-07 -1.882051649876283226e-08 -1.622469508450602745e-06 -1.770514013687478068e-08 -1.058521138428692616e-06 -1.943551417571217408e-08
5.723257666013716223e-04 5.869385616835746076e-04 1.401724446948162750e-03 -3.200243645176204313e-05 -2.106450687695484054e-04 -1.438926040305595218e-04 -3.332048693714537635e-05 -1.063793695737898443e-04 6.434377689350141444e-04 -9.326531499082044036e-06 5.798047110688992443e-04 2.421557771274440544e-03 -3.431219874510394720e-08 2.531569391339007213e-03 -6.142196409329922762e-04 1.858689559855127212e-06 1.603194052047120233e-02 1.221605909219300246e-06 8.225151027087388339e-07 8.094679829746422554e-06 3.818884637081425629e-04 9.776141573173376727e-04 9.936680113991120289e-05 9.314824450474233630e-04 1.400539650882488818e-04 4.300623678807726988e-03 1.288194189307113977e-04 2.052754889379557852e-04 9.416412103815886749e-05 1.900770497100083729e-03 9.853760837504083752e-05 1.425924352350532937e-03 1.039109735366919215e-04
-1.103489728129817486e-04 -1.103578036274116872e-04 -2.635572225518498712e-04 2.077315103530437141e-04 1.051066781138074169e-03 3.031363413466457387e-04 -9.715304079065393533e-06 9.708573778815486350e-04 -3.716294092847906045e-05 -2.934438262974144540e-06 -1.090169466648423967e-04 -1.155439455422684059e-01 3.785397724146374180e-07 -6.142196409329922762e-04 1.932128659900491374e-01 7.998679669513785633e-06 4.799318460393686703e-02 1.359513750645824012e-02 4.728002120171820657e-03 5.841321669945971976e-04 -4.622553482702668366e-03 2.040186588038724394e-02 1.314470970423440048e-03 2.019612175602183285e-02 9.868342224407437944e-04 4.234177919559739545e-02 6.110698619274506369e-04 -1.033730891209936123e-02 -1.105141708120586930e-03 -1.053756722785541833e-01 -1.045315419671168696e-03 -6.723110944914426068e-02 -1.132703156280214125e-03
-1.788402318599976298e-07 -1.836680220690757231e-07 -4.386280638215348920e-07 -2.211682711591397189e-07 -1.406191878152330568e-06 -8.955221080561744689e-07 1.076960872541677110e-06 -1.386656658243746387e-07 8.394425814621867539e-08 -1.552532378975312054e-08 -1.814326762756709987e-07 4.040982731316776001e-06 1.986015506901396820e-11 1.858689559855127212e-06 7.998679669513785633e-06 6.575700277803965708e-09 1.580692503348295942e-05 7.238968828074038580e-07 2.506881041487103796e-07 7.952913297139109462e-08 2.085947287612841803e-06 1.029739007606340071e-06 4.272369286997134761e-08 1.020202549473442738e-06 3.384944014623574066e-08 8.621073074369340118e-07 -1.995686482766904049e-08 3.636172900906154119e-07 1.571146818652611908e-08 3.870754365820353752e-06 1.279281031895545077e-08 2.337133421971884796e-06 1.375314824674773684e-08
4.740553335496761229e-03 4.848304765881899028e-03 1.157870591536890904e-02 -1.066694069243244360e-03 -9.247982070719426920e-03 -9.239027504392935755e-03 -1.320658949491445699e-03 9.365715355472355175e-02 4.462872959565225561e-03 -4.047968227045492529e-05 4.789378006802902377e-03 2.720903608477321517e-02 -3.118753368454711042e-07 1.603194052047120233e-02 4.799318460393686703e-02 1.580692503348295942e-05 3.969451728913043764e-01 4.057534294407270058e-03 1.552381805152034484e-03 7.768227367480494330e-04 2.633329507113354312e-02 1.783568168394913944e-02 1.650460359633327970e-03 1.722589779168370860e-02 1.970735271515308435e-03 5.831094902215164244e-02 1.602668595959676808e-03 2.342595342402312500e-03 8.461383205193882340e-04 3.166964603333220774e-02 9.672208950188359265e-04 1.598570510970189623e-02 9.282759911853892976e-04
5.804866845710062117e-09 5.751166882774828920e-09 1.373520143938952509e-08 -1.630633737444382112e-07 -8.035594785912889142e-07 -1.826887655748004459e-07 1.408064719128956037e-08 -6.184251769996755209e-07 -2.719018983852377799e-09 9.670273080247008967e-10 5.681383755090746218e-09 1.196039857196375599e-04 -3.918407009397875829e-10 1.221605909219300246e-06 1.359513750645824012e-02 7.238968828074038580e-07 4.057534294407270058e-03 1.103988580927700016e-03 3.825999834016372090e-04 4.783256819733961427e-05 -3.448073532556769150e-04 1.961411092078110905e-03 1.244998567053277471e-04 1.932077027346044626e-03 1.136390933680030677e-04 4.191566776668903538e-03 6.220130772495820930e-05 1.070236309196678505e-05 1.130768420522520695e-06 1.062511772212872563e-04 1.038067018913902664e-06 6.958890983676781434e-05 1.157603388525155925e-06
-1.618129599626402172e-07 -1.950817870956327141e-07 -4.659037566254191934e-07 5.157423070786384535e-06 2.498173322516638413e-05 5.306111063828947003e-06 -5.365029064615532555e-07 2.271528588081134537e-05 1.358879720187806626e-07 -2.836972654831242576e-08 -1.927149045472058739e-07 4.146083533225892971e-05 -1.584266281662344886e-10 8.225151027087388339e-07 4.728002120171820657e-03 2.506881041487103796e-07 1.552381805152034484e-03 3.825999834016372090e-04 1.330697347743910533e-04 1.662150649155375113e-05 -1.214486759964565995e-04 6.892749358133680145e-04 4.461001870950274603e-05 6.784950601807260588e-04 4.092976825346795669e-05 1.501036455944930112e-03 2.331562555383537847e-05 3.714649946517336910e-06 3.681336078963787144e-07 5.771384210980089907e-05 5.308478340850265932e-07 2.412074898683108561e-05 3.743143055630048739e-07
3.635108482731618987e-06 3.705160199914734438e-06 8.848696911877098378e-06 -1.830765037114206578e-05 -1.174096952895991702e-04 -7.614244877275007134e-05 1.164586046441779594e-06 2.018361808491387076e-05 3.498124026208036089e-06 2.604751251302179334e-07 3.660146020490179214e-06 4.885563798914975618e-06 -9.721050009256778935e-11 8.094679829746422554e-06 5.841321669945971976e-04 7.952913297139109462e-08 7.768227367480494330e-04 4.783256819733961427e-05 1.662150649155375113e-05 6.210315844907796495e-06 1.831671970643813637e-04 7.414581459681677438e-05 3.890689241605962407e-06 7.315158073387246736e-05 3.546391718238082187e-06 9.474912156933349501e-05 3.482529125192786174e-07 3.575611282236584103e-07 4.953627637285665758e-07 1.885125900338626299e-05 6.839417538703408338e-07 2.910042451575597878e-06 5.546998071294467501e-07
1.757787891445637381e-04 1.794256139184504566e-04 4.285059310696569517e-04 -9.227548624135042390e-04 -5.847927407925375062e-03 -3.698474807478696093e-03 6.049497770286798681e-05 7.722790526864945545e-04 1.666389210631404299e-04 1.274027879626037493e-05 1.772457904232023962e-04 -5.550230822906073542e-05 -3.518898234640296389e-09 3.818884637081425629e-04 -4.622553482702668366e-03 2.085947287612841803e-06 2.633329507113354312e-02 -3.448073532556769150e-04 -1.214486759964565995e-04 1.831671970643813637e-04 9.633238978568511510e-03 -1.214557537541921788e-03 -1.236153272296539518e-04 -1.186843260079431224e-03 -1.149012654965678626e-04 -5.892545893211080521e-03 -1.471577202627637659e-04 -8.825499959472155639e-06 2.122819620927713182e-05 4.667992689034046981e-04 2.881927071345676114e-05 -2.903540746092217603e-05 2.403653447150963724e-05
9.068405325253188834e-04 9.293180967118633935e-04 2.219399258310496628e-03 1.575223838934826500e-04 8.446081059198705865e-04 3.247557547110414139e-04 -1.901169904871637714e-04 1.883142681344003762e-03 2.199457349232712287e-04 -3.142211740877472542e-07 9.302963246289688327e-04 1.882021879157419475e-02 -8.165220316790641871e-08 9.776141573173376727e-04 2.040186588038724394e-02 1.029739007606340071e-06 1.783568168394913944e-02 1.961411092078110905e-03 6.892749358133680145e-04 7.414581459681677438e-05 -1.214557537541921788e-03 5.953646096627084744e-03 4.584057566627786030e-04 5.582375006586299745e-03 5.136711751209442709e-04 1.712207208087656446e-02 3.893122595826919324e-04 1.667265793049866902e-03 2.908209576369332502e-04 1.691522885383821631e-02 2.919027619613615986e-04 1.680404227315832055e-02 4.035453759243308892e-04
9.566512237815363103e-05 9.801822643682895904e-05 2.340873000510916764e-04 2.349066003147691915e-05 1.252016253416854668e-04 4.692844893530563963e-05 -2.119354442986456542e-05 2.315715937300603651e-04 2.301617920120348210e-05 -1.027495094026664889e-07 9.760308626341448253e-05 1.217603497176922506e-03 -6.144093148199033624e-09 9.936680113991120289e-05 1.314470970423440048e-03 4.272369286997134761e-08 1.650460359633327970e-03 1.244998567053277471e-04 4.461001870950274603e-05 3.890689241605962407e-06 -1.236153272296539518e-04 4.584057566627786030e-04 3.851543603645110646e-05 4.308809924309095008e-04 4.459595434311256103e-05 1.474757296990964741e-03 3.701019289381638443e-05 1.071822611093462940e-04 2.342303097883778712e-05 1.110379455652266882e-03 2.419309464789960853e-05 1.080010388042844556e-03 3.117206724252950280e-05
8.636844132058911407e-04 8.851045738432089006e-04 2.113803712298209601e-03 1.492736361803029418e-04 8.023235179408977130e-04 3.116288168902221246e-04 -1.811658843881426388e-04 1.825683962608080956e-03 2.095301399931244685e-04 -2.940359259770717143e-07 8.743468470809904417e-04 1.801912672255568185e-02 -7.807959179685124165e-08 9.314824450474233630e-04 2.019612175602183285e-02 1.020202549473442738e-06 1.722589779168370860e-02 1.932077027346044626e-03 6.784950601807260588e-04 7.315158073387246736e-05 -1.186843260079431224e-03 5.582375006586299745e-03 4.308809924309095008e-04 5.430207767783220077e-03 4.958421064124153652e-04 1.629623662659920869e-02 3.696176615862838935e-04 1.596382281104709094e-03 2.778751763461656619e-04 1.618598868337642674e-02 2.787558444856052479e-04 1.051737803431777168e-02 2.957889037711949345e-04
1.332602275879420713e-04 1.365607433780973129e-04 3.261340745849364308e-04 2.387216926937791743e-05 1.262275052436524401e-04 4.568039662831550771e-05 -2.816782495695597092e-05 2.611646202769024681e-04 3.203933612278730058e-05 -7.093852758673895717e-08 1.349010308667615544e-04 2.113549602482826806e-03 -9.870784661350193043e-09 1.400539650882488818e-04 9.868342224407437944e-04 3.384944014623574066e-08 1.970735271515308435e-03 1.136390933680030677e-04 4.092976825346795669e-05 3.546391718238082187e-06 -1.149012654965678626e-04 5.136711751209442709e-04 4.459595434311256103e-05 4.958421064124153652e-04 5.540949493285261335e-05 1.764839304072485324e-03 4.592110831588488984e-05 1.866546837603497101e-04 3.657459507809726455e-05 1.904100315675112719e-03 3.720478928528122165e-05 1.234905485033600423e-03 3.919002778227103381e-05
4.186946485312463377e-03 4.291050148484947674e-03 1.024788766706457611e-02 9.457844249657996073e-04 5.216907646878092553e-03 2.240627646730374359e-03 -8.980610319349768183e-04 8.455758852885509463e-03 9.885220055519980224e-04 -4.304047403438097199e-06 4.254311396793767318e-03 4.931444048089399235e-02 -2.543636107300155857e-07 4.300623678807726988e-03 4.234177919559739545e-02 8.621073074369340118e-07 5.831094902215164244e-02 4.191566776668903538e-03 1.501036455944930112e-03 9.474912156933349501e-05 -5.892545893211080521e-03 1.712207208087656446e-02 1.474757296990964741e-03 1.629623662659920869e-02 1.764839304072485324e-03 5.788432807508228639e-02 1.490031930226202658e-03 4.335184852619564100e-03 9.877139537584215048e-04 4.424310352552095205e-02 1.016652420999007841e-03 3.616430112063573343e-02 1.184064987760823084e-03
1.288802017294316340e-04 1.320730680246359669e-04 3.154170251306547923e-04 3.070462294134067836e-05 1.662024784526224973e-04 6.642971638164679043e-05 -2.827991606438986629e-05 2.563434658901858273e-04 3.005209399761077084e-05 -1.764590565547305560e-07 1.307454846159024841e-04 9.354881007179440206e-04 -5.940689688065280538e-09 1.288194189307113977e-04 6.110698619274506369e-04 -1.995686482766904049e-08 1.602668595959676808e-03 6.220130772495820930e-05 2.331562555383537847e-05 3.482529125192786174e-07 -1.471577202627637659e-04 3.893122595826919324e-04 3.701019289381638443e-05 3.696176615862838935e-04 4.592110831588488984e-05 1.490031930226202658e-03 4.176634187395588852e-05 8.132260752083937216e-05 2.489843661612407865e-05 8.489526195563129769e-04 2.627222835615129846e-05 6.809166870569413393e-04 2.930452964862781525e-05
-1.806740136789721922e-05 -1.852090475286792022e-05 -4.425237235323251225e-05 5.507203424240742123e-07 3.410916504299430776e-06 2.049209767679306202e-06 3.602045957905084922e-06 -1.107775428411095774e-05 -4.055152256924314721e-06 -6.301353475417287216e-09 -1.830440642042120198e-05 4.991056445617764875e-02 -1.625014587842951235e-07 2.052754889379557852e-04 -1.033730891209936123e-02 3.636172900906154119e-07 2.342595342402312500e-03 1.070236309196678505e-05 3.714649946517336910e-06 3.575611282236584103e-07 -8.825499959472155639e-06 1.667265793049866902e-03 1.071822611093462940e-04 1.596382281104709094e-03 1.866546837603497101e-04 4.335184852619564100e-03 8.132260752083937216e-05 4.466575464887490889e-03 4.693335026229349723e-04 4.466619171650182407e-02 4.344411304971973952e-04 2.903492793164375724e-02 4.801325865311864430e-04
7.637290367708995226e-05 7.832738133088673225e-05 1.870594872286889259e-04 -2.299115424289488525e-06 -1.425454484666290652e-05 -8.584546268469204849e-06 -1.566847591444067193e-05 4.677446871467077789e-05 1.730128216914260039e-05 1.090072865607703771e-08 7.737467387506959126e-05 5.260707037152330574e-03 -1.882051649876283226e-08 9.416412103815886749e-05 -1.105141708120586930e-03 1.571146818652611908e-08 8.461383205193882340e-04 1.130768420522520695e-06 3.681336078963787144e-07 4.953627637285665758e-07 2.122819620927713182e-05 2.908209576369332502e-04 2.342303097883778712e-05 2.778751763461656619e-04 3.657459507809726455e-05 9.877139537584215048e-04 2.489843661612407865e-05 4.693335026229349723e-04 5.923022470744491926e-05 4.669937930620963844e-03 5.635470087584031859e-05 3.063475025816267058e-03 6.162953721489954789e-05
-3.487579273851029510e-04 -3.752548920536347859e-04 -8.961849389142540270e-04 1.734324468852379371e-04 7.547551748696298100e-04 8.247427901596552074e-06 4.276937227629255990e-05 1.266199953801663055e-03 -6.524189691486078962e-05 -1.272597985090571641e-07 -3.706950040735594023e-04 4.990719013580358632e-01 -1.622469508450602745e-06 1.900770497100083729e-03 -1.053756722785541833e-01 3.870754365820353752e-06 3.166964603333220774e-02 1.062511772212872563e-04 5.771384210980089907e-05 1.885125900338626299e-05 4.667992689034046981e-04 1.691522885383821631e-02 1.110379455652266882e-03 1.618598868337642674e-02 1.904100315675112719e-03 4.424310352552095205e-02 8.489526195563129769e-04 4.466619171650182407e-02 4.669937930620963844e-03 4.593880551501005050e-01 4.439135379222850473e-03 2.903631667666074501e-01 4.775598126310860898e-03
8.291880665864028311e-05 8.487333381760115065e-05 2.026946691149095106e-04 -9.534167654239185906e-07 -8.947273033464443184e-06 -9.615646324952822075e-06 -1.727221819500191559e-05 6.480354813211910319e-05 1.891028843780496199e-05 1.152271954223330588e-08 8.384195932178281825e-05 4.872107260763063573e-03 -1.770514013687478068e-08 9.853760837504083752e-05 -1.045315419671168696e-03 1.279281031895545077e-08 9.672208950188359265e-04 1.038067018913902664e-06 5.308478340850265932e-07 6.839417538703408338e-07 2.881927071345676114e-05 2.919027619613615986e-04 2.419309464789960853e-05 2.787558444856052479e-04 3.720478928528122165e-05 1.016652420999007841e-03 2.627222835615129846e-05 4.344411304971973952e-04 5.635470087584031859e-05 4.439135379222850473e-03 5.495166584423572122e-05 2.838047214979970683e-03 5.877676654555915898e-05
-1.824007995660808812e-05 -1.870665388534408456e-05 -4.467526988447623946e-05 5.492594268431535019e-07 3.405330190570542614e-06 2.050680853656423866e-06 3.739582572138943518e-06 -1.117140647158098812e-05 -4.131146084506736633e-06 -2.692621955715385370e-09 3.165058299147427423e-04 3.244637555360450620e-01 -1.058521138428692616e-06 1.425924352350532937e-03 -6.723110944914426068e-02 2.337133421971884796e-06 1.598570510970189623e-02 6.958890983676781434e-05 2.412074898683108561e-05 2.910042451575597878e-06 -2.903540746092217603e-05 1.680404227315832055e-02 1.080010388042844556e-03 1.051737803431777168e-02 1.234905485033600423e-03 3.616430112063573343e-02 6.809166870569413393e-04 2.903492793164375724e-02 3.063475025816267058e-03 2.903631667666074501e-01 2.838047214979970683e-03 3.476736768657124887e-01 5.698587133343724700e-03
8.631149523166818150e-05 8.851930865793955017e-05 2.114019978409390041e-04 -2.599078587961443977e-06 -1.611391695776372005e-05 -9.703758288516909952e-06 -1.769558929266876570e-05 5.286275034401224818e-05 1.954845573163459935e-05 1.274140330994237935e-08 9.285189208974053456e-05 5.383453249459641161e-03 -1.943551417571217408e-08 1.039109735366919215e-04 -1.132703156280214125e-03 1.375314824674773684e-08 9.282759911853892976e-04 1.157603388525155925e-06 3.743143055630048739e-07 5.546998071294467501e-07 2.403653447150963724e-05 4.035453759243308892e-04 3.117206724252950280e-05 2.957889037711949345e-04 3.919002778227103381e-05 1.184064987760823084e-03 2.930452964862781525e-05 4.801325865311864430e-04 6.162953721489954789e-05 4.775598126310860898e-03 5.877676654555915898e-05 5.698587133343724700e-03 1.056025198299207770e-04
