par.Ct_1S0np = -0.150622532143627
par.Ct_1S0pp = -0.148913834270203
par.C_1S0 = 1.69350481093600
par.Ct_3S1 = -0.184312039709438
par.C_3S1 = -0.217899794020048
par.C_3S1-3D1 = 0.263422413165984
par.C_3P0 = 1.29979117865505
par.C_1P1 = 1.02509005037230
par.C_3P1 = -0.336126655491496
par.C_3P2 = -0.202925280977147
par.Ct_1S0nn = -0.149910259097322
par.Ct_1S0np = -0.150622563616722
par.Ct_1S0pp = -0.148913883688809
par.C_1S0 = 1.69350109344711
par.Ct_3S1 = -0.184312357158021
par.C_3S1 = -0.217898416204910
par.C_3S1-3D1 = 0.263426092116543
par.C_3P0 = 1.29979026292533
par.C_1P1 = 1.02509004867670
par.C_3P1 = -0.336125941277966
par.C_3P2 = -0.202924414604200
par.Ct_1S0nn = -0.149910297552636
