6.256348562407271779e-09 7.112553157271674022e-09 5.352033265818650177e-07 4.990989662516894383e-09 3.434456965193639685e-08 -8.033286676617024456e-08 -1.613971982225709328e-07 4.115548112536418829e-07 2.051440185211368748e-07 -3.058736427489509473e-09 5.536236453335681102e-09 -1.802050950233110268e-07 -3.047870703853467834e-11 2.195847566481996658e-06 -1.082286941044631602e-06 -3.562773881925605130e-10 1.569651269736813511e-05 7.226710429517142220e-11 7.961793583180513891e-09 1.123029743644114491e-08 4.616439042600630139e-07 1.237337638809893036e-06 1.179036867483404474e-07 1.202892595609035625e-06 1.669798109547101340e-07 6.104061605659134873e-06 1.683635823633420392e-07 -4.372026069722657503e-08 1.843039511664585059e-07 4.182970876888979113e-06 2.488862463377822753e-07 -4.551236925803223502e-08 2.087055559343978478e-07
7.112553157271674022e-09 1.215235348897812646e-08 9.136329975906145559e-07 1.137471909998351833e-08 -9.355680090662308923e-08 -1.140411236137929538e-07 -2.636965527717924911e-07 4.201606886693065678e-07 3.444075772733629929e-07 -4.793775228754440133e-09 9.450778900302334898e-09 -2.784805006968974195e-07 -5.111217225019677567e-11 3.732552531096522287e-06 -4.540142087719944490e-07 -6.904711870727423550e-10 2.000385151301176169e-05 2.159341862032107700e-11 -7.598969029388619532e-10 1.258236710591043642e-08 6.011614742107707729e-07 1.832320528727707335e-06 1.670053029005821212e-07 1.791367587500335335e-06 2.487574482504906903e-07 9.220240688606423540e-06 2.501040544231070769e-07 -7.205095253535507666e-08 3.148943572072671211e-07 -1.560687549979872473e-06 3.392389538402976318e-07 -7.769309398398597174e-08 3.562763406198541805e-07
5.352033265818650177e-07 9.136329975906145559e-07 6.874902659096295400e-05 8.561410437089621964e-07 -7.042389105444374112e-06 -8.583272728696965615e-06 -1.982728474409629454e-05 3.161860675870511609e-05 2.590903209475113801e-05 -3.591889822884792406e-07 7.111519085186677061e-07 -2.313617695925373173e-05 -3.837558191235225638e-09 2.808265566445688967e-04 -3.416867365473092490e-05 -5.189241738792187573e-08 1.505088367964128697e-03 1.627317721213757990e-09 -5.726568372213316761e-08 9.469880162753457821e-07 4.524591828288244396e-05 1.378808469509865044e-04 1.256685308126541636e-05 1.347424856601637014e-04 1.871344630848639946e-05 6.937322052195803342e-04 1.881869755147033287e-05 -5.616805875722887120e-06 2.367450544163614357e-05 -1.174430693112061278e-04 2.552699764392320466e-05 -5.846247452013121180e-06 2.680907068768171474e-05
4.990989662516894383e-09 1.137471909998351833e-08 8.561410437089621964e-07 2.420047380169581125e-06 -2.010127443502605796e-05 -2.418356653403586925e-05 6.035217462231021531e-07 -2.416514317305254813e-06 1.436853259771991885e-06 2.270638428545273196e-07 8.856072113097020146e-09 -1.992612333260732986e-07 -3.204817383888225247e-11 1.151917091422785008e-05 -1.610779494507781940e-05 3.314637217594108859e-08 7.057445265147999774e-05 7.593440690521344400e-09 -1.822209423794235141e-07 2.662180233113760209e-06 1.273822157454529370e-04 2.782158732085919327e-05 1.771433725403670849e-06 2.640908937997441382e-05 2.763093949618593912e-06 1.595724113588257694e-04 2.937446609914568595e-06 -7.064271847230162949e-08 2.947481947175969184e-07 -5.545431874819304994e-06 2.777118640147701389e-07 -7.280412019689461499e-08 3.338570289289921914e-07
3.434456965193639685e-08 -9.355680090662308923e-08 -7.042389105444374112e-06 -2.010127443502605796e-05 2.033494789393152031e-04 1.862285235619403365e-04 -6.859586859659658477e-06 7.679511243944656010e-05 -9.843771826610296305e-06 -2.018662153140499128e-06 -7.284769983239538238e-08 1.632115196199137522e-06 5.045483093043971452e-11 -8.259090318083585965e-05 2.676784106619463236e-04 -2.450218023433671771e-07 1.083333058154160216e-03 -1.813512364607596152e-07 5.466733619646057210e-06 -1.936058884143788749e-05 -9.624085668383822135e-04 -1.778007887884017137e-04 -6.331998403746304562e-06 -1.699569613511700810e-04 -1.485566535967543608e-05 -1.035094497045444591e-03 -1.438474508606546206e-05 5.831728713343772000e-07 -2.424299782438316336e-06 2.295174508239927118e-04 -4.746232114303694983e-07 5.988673790066905380e-07 -2.746219353203693919e-06
-8.033286676617024456e-08 -1.140411236137929538e-07 -8.583272728696965615e-06 -2.418356653403586925e-05 1.862285235619403365e-04 2.475616105187660051e-04 -5.287986038179779765e-06 1.321679246934421209e-06 -1.520007446636885222e-05 -2.215669825562851634e-06 -8.878686848420700352e-08 2.000508862280597358e-06 4.070793727215309115e-10 -1.203803700533458045e-04 1.071481042332905352e-04 -3.434230501723071878e-07 -1.377153885989649369e-03 -2.028349012491493095e-08 2.326148849472630423e-07 -2.771055043298861116e-05 -1.311435277741720149e-03 -2.994526655428366812e-04 -2.107462401994729262e-05 -2.837727326823252989e-04 -3.086888924323515521e-05 -1.711427612772519532e-03 -3.338406628222740518e-05 7.073921587509475710e-07 -2.955097404186050143e-06 -1.829634810571007531e-05 -3.511375828859935318e-06 7.299003172603702812e-07 -3.347095613213169151e-06
-1.613971982225709328e-07 -2.636965527717924911e-07 -1.982728474409629454e-05 6.035217462231021531e-07 -6.859586859659658477e-06 -5.287986038179779765e-06 7.219942458223181756e-05 -7.858465101169403785e-06 -1.918480901088942946e-05 2.369752612018723451e-06 -2.050968877043069300e-07 8.127024694836133616e-06 5.872060441553856281e-09 -3.004582869378061728e-06 -6.657834738425238104e-06 4.773275974370036916e-07 -3.797151613669116736e-04 6.700949473261919767e-09 -2.464795080792426680e-07 5.242134239594681896e-07 2.691406003084210026e-05 -2.619248753869169881e-05 -3.070221377406581524e-06 -2.595920242667842649e-05 -4.157611963743968623e-06 -1.287034114194620608e-04 -4.493984442191553726e-06 1.570580938229178039e-06 -6.832969972270043816e-06 1.668990880813068855e-05 -7.531084601852063612e-06 1.686063333015391348e-06 -7.731761518775353404e-06
4.115548112536418829e-07 4.201606886693065678e-07 3.161860675870511609e-05 -2.416514317305254813e-06 7.679511243944656010e-05 1.321679246934421209e-06 -7.858465101169403785e-06 3.494474078377733575e-03 -1.872333271738294184e-05 -1.224402825061438538e-06 3.270683769086284040e-07 -1.169111057148258864e-05 -3.856833872721947181e-10 -9.523353893420030095e-05 2.708596740715748467e-04 -6.104126920479906062e-08 2.773241651425815968e-02 -1.766781320985791681e-07 6.349950816626943793e-06 1.632125152313812347e-06 2.189742225961100906e-05 1.940980794517864559e-04 2.648673096939097011e-05 1.917555674229573309e-04 2.392214326711812508e-05 9.054952874997218137e-04 2.586858634644089694e-05 -2.590856743979361031e-06 1.088741933311333542e-05 3.494235796249817107e-04 1.571039188296844533e-05 -2.688768239572253844e-06 1.232985404554894210e-05
2.051440185211368748e-07 3.444075772733629929e-07 2.590903209475113801e-05 1.436853259771991885e-06 -9.843771826610296305e-06 -1.520007446636885222e-05 -1.918480901088942946e-05 -1.872333271738294184e-05 9.938776326154962816e-05 5.206135254523847731e-06 2.680075418620643437e-07 -5.455187024757201958e-06 -5.859377295623181465e-09 7.035901030058189665e-04 -2.163327861494689026e-05 5.936474290386803052e-08 2.855399630561984790e-03 -2.590854781292253188e-09 1.188847654919650903e-07 1.738749142729256126e-06 8.112741785541403166e-05 8.175554960192811516e-05 7.138948089895379696e-06 7.937699013161744960e-05 1.008180342947975208e-05 4.101870636019504289e-04 9.828017037319063375e-06 -2.094475727529986142e-06 8.924428705822026731e-06 -3.585714661674014399e-05 9.702898203473471337e-06 -2.203240109409639585e-06 1.010337320134365333e-05
-3.058736427489509473e-09 -4.793775228754440133e-09 -3.591889822884792406e-07 2.270638428545273196e-07 -2.018662153140499128e-06 -2.215669825562851634e-06 2.369752612018723451e-06 -1.224402825061438538e-06 5.206135254523847731e-06 2.348665499156319882e-06 -3.715513410729619845e-09 7.086480859199177214e-07 4.899420593988519345e-11 1.275625581841490446e-05 -3.766464619155440650e-06 -2.466720810491739712e-08 5.313515038395824841e-05 1.149694775977295550e-09 -3.150565492457502168e-08 2.397509181566214288e-07 1.160311820710419395e-05 3.137897823643002508e-06 1.707565492443815025e-07 2.995067610830349737e-06 2.582146643671282844e-07 1.639193943985596422e-05 2.092144413168006668e-07 2.441994149954462964e-08 -1.242122392385651298e-07 -2.663112241989531634e-08 -1.396698199367051601e-07 3.054454407025255541e-08 -1.400677695947785580e-07
5.536236453335681102e-09 9.450778900302334898e-09 7.111519085186677061e-07 8.856072113097020146e-09 -7.284769983239538238e-08 -8.878686848420700352e-08 -2.050968877043069300e-07 3.270683769086284040e-07 2.680075418620643437e-07 -3.715513410729619845e-09 7.068440524952444442e-08 -2.393246452534019929e-07 -3.969637050987881560e-11 2.904918827559993521e-06 -3.534467131540090322e-07 -5.367842061624020674e-10 1.556889629485508445e-05 1.683325801968205360e-11 -5.923662092544409838e-10 9.795809024691618389e-09 4.680316614661876968e-07 6.065451697650414791e-06 3.753039430311816008e-07 1.393799746516999720e-06 1.935751488733233863e-07 1.389542256237547814e-05 2.933811154359673471e-07 -5.810121853891472228e-08 2.448932088628035970e-07 -1.214851569897472465e-06 2.640557109446231591e-07 1.001778935509091813e-04 1.947140672042748595e-06
-1.802050950233110268e-07 -2.784805006968974195e-07 -2.313617695925373173e-05 -1.992612333260732986e-07 1.632115196199137522e-06 2.000508862280597358e-06 8.127024694836133616e-06 -1.169111057148258864e-05 -5.455187024757201958e-06 7.086480859199177214e-07 -2.393246452534019929e-07 4.270266377594743009e-04 -1.370227818206570834e-10 -6.242977604149307870e-05 -5.808260558305983082e-05 3.001935574531380916e-08 -3.910418805380168621e-04 2.492303221162490970e-07 1.001640478351946108e-07 -2.094068827673066187e-07 -1.071978522277198182e-05 -2.889193103845191286e-05 -3.250277563215431884e-06 -2.632866106170416232e-05 -4.500573681603554470e-06 -1.723713644385054357e-04 -5.382673801785840198e-06 3.929061761393454140e-05 -3.495954850692896223e-06 3.381263709054711125e-04 -5.090859492812136728e-06 1.995155306234717735e-04 -5.163408033016275952e-06
-3.047870703853467834e-11 -5.111217225019677567e-11 -3.837558191235225638e-09 -3.204817383888225247e-11 5.045483093043971452e-11 4.070793727215309115e-10 5.872060441553856281e-09 -3.856833872721947181e-10 -5.859377295623181465e-09 4.899420593988519345e-11 -3.969637050987881560e-11 -1.370227818206570834e-10 7.117734949944729385e-13 -3.660229849558594255e-08 1.289491797433878133e-09 2.675535759389132473e-11 -1.788932334353134297e-07 -3.660964598834841399e-13 -2.136546905002326092e-11 -5.161546279555630484e-11 -2.253344531458688046e-09 -8.021826371090178096e-09 -7.638648423371163499e-10 -7.849014665644205746e-09 -1.088387439983000790e-09 -3.999423000153251539e-08 -1.100063036751075182e-09 1.837700926300813899e-10 -1.336967336945594566e-09 4.076707978084400843e-09 -1.451197507369784840e-09 -3.389621503274878860e-10 -1.509472631659329159e-09
2.195847566481996658e-06 3.732552531096522287e-06 2.808265566445688967e-04 1.151917091422785008e-05 -8.259090318083585965e-05 -1.203803700533458045e-04 -3.004582869378061728e-06 -9.523353893420030095e-05 7.035901030058189665e-04 1.275625581841490446e-05 2.904918827559993521e-06 -6.242977604149307870e-05 -3.660229849558594255e-08 5.943421531307304523e-03 -2.023897724407577089e-04 2.223407320891948188e-06 2.363967408891948924e-02 4.274068633285283754e-08 5.721119989096703991e-07 1.366414776574056145e-05 6.407035388148284291e-04 7.851151908539178142e-04 6.867041664399730272e-05 7.630795061501679513e-04 9.910576167519147251e-05 3.940262758998572257e-03 9.695648766444151434e-05 -2.191504036490898210e-05 9.682982313567958950e-05 -4.473641441510511842e-04 1.046080110554235295e-04 -1.803997123829507846e-05 1.096239876214762088e-04
-1.082286941044631602e-06 -4.540142087719944490e-07 -3.416867365473092490e-05 -1.610779494507781940e-05 2.676784106619463236e-04 1.071481042332905352e-04 -6.657834738425238104e-06 2.708596740715748467e-04 -2.163327861494689026e-05 -3.766464619155440650e-06 -3.534467131540090322e-07 -5.808260558305983082e-05 1.289491797433878133e-09 -2.023897724407577089e-04 2.781433665751718333e-03 -3.345653080847831912e-08 5.209857001289277742e-03 1.203202490573893090e-04 5.816914218675442731e-05 -2.001107525220044626e-06 -5.775021907956062305e-04 1.523553952547168828e-04 2.453790008316053024e-05 1.469991397673307723e-04 1.183953095320447444e-05 1.628943871277042585e-04 1.397908906674222496e-05 -3.288406237683422821e-06 -1.251270969473679699e-05 -1.992460716535172059e-03 -3.298495263181931627e-05 -3.672064901235199292e-05 -1.409828047732623261e-05
-3.562773881925605130e-10 -6.904711870727423550e-10 -5.189241738792187573e-08 3.314637217594108859e-08 -2.450218023433671771e-07 -3.434230501723071878e-07 4.773275974370036916e-07 -6.104126920479906062e-08 5.936474290386803052e-08 -2.466720810491739712e-08 -5.367842061624020674e-10 3.001935574531380916e-08 2.675535759389132473e-11 2.223407320891948188e-06 -3.345653080847831912e-08 5.323153302154807134e-09 7.835281470770301171e-06 6.613930229608293709e-09 3.116017258645744817e-09 3.906079463114488419e-08 1.819887851549567906e-06 3.881812976979866664e-07 2.532873560418057391e-08 3.645711949941939418e-07 3.609894332618913506e-08 2.178184775923930936e-06 3.733285254181378986e-08 4.417570003218781941e-09 -1.784443266974817342e-08 2.087923885967562965e-07 -1.807874533511346545e-08 6.909126830410799654e-09 -2.018698056490762796e-08
1.569651269736813511e-05 2.000385151301176169e-05 1.505088367964128697e-03 7.057445265147999774e-05 1.083333058154160216e-03 -1.377153885989649369e-03 -3.797151613669116736e-04 2.773241651425815968e-02 2.855399630561984790e-03 5.313515038395824841e-05 1.556889629485508445e-05 -3.910418805380168621e-04 -1.788932334353134297e-07 2.363967408891948924e-02 5.209857001289277742e-03 7.835281470770301171e-06 3.620689353425038948e-01 1.321063851184075922e-06 1.783707680108041109e-04 2.041600091121691866e-04 8.099378462813815877e-03 7.072043853345295547e-03 8.014819366190587251e-04 6.809978003014003495e-03 9.218062971964414510e-04 3.601846243472117681e-02 9.938485140916861887e-04 -1.191700089368365808e-04 5.187513024269836508e-04 7.167777009609333470e-03 6.547481947031883864e-04 -1.066736562087502885e-04 5.873340474201167814e-04
7.226710429517142220e-11 2.159341862032107700e-11 1.627317721213757990e-09 7.593440690521344400e-09 -1.813512364607596152e-07 -2.028349012491493095e-08 6.700949473261919767e-09 -1.766781320985791681e-07 -2.590854781292253188e-09 1.149694775977295550e-09 1.683325801968205360e-11 2.492303221162490970e-07 -3.660964598834841399e-13 4.274068633285283754e-08 1.203202490573893090e-04 6.613930229608293709e-09 1.321063851184075922e-06 9.633775814160292224e-06 3.368168327821777585e-06 4.449501446216078506e-07 -6.427525574051917716e-06 1.904584846358302376e-05 1.000230083839238908e-06 1.877582873890928705e-05 9.313488304056176908e-07 4.390278872343279814e-05 4.607479767613722503e-07 2.211301298194326436e-08 3.290312080738881714e-09 3.809651515366135193e-07 4.566845225500182396e-09 1.445238161787582817e-07 3.460244940865233111e-09
7.961793583180513891e-09 -7.598969029388619532e-10 -5.726568372213316761e-08 -1.822209423794235141e-07 5.466733619646057210e-06 2.326148849472630423e-07 -2.464795080792426680e-07 6.349950816626943793e-06 1.188847654919650903e-07 -3.150565492457502168e-08 -5.923662092544409838e-10 1.001640478351946108e-07 -2.136546905002326092e-11 5.721119989096703991e-07 5.816914218675442731e-05 3.116017258645744817e-09 1.783707680108041109e-04 3.368168327821777585e-06 1.630284204653613782e-06 2.549543977373177278e-07 -1.485850921667984357e-06 1.041087731648615203e-05 1.136041585328235623e-06 9.997063762030743074e-06 1.004607952385358622e-06 3.509737386156280126e-05 1.036808788280955404e-06 1.276169760584063788e-08 -1.873281624611922083e-08 2.068824231568308872e-05 1.814280793846812013e-07 5.563885557788942227e-08 -2.133941133632852556e-08
1.123029743644114491e-08 1.258236710591043642e-08 9.469880162753457821e-07 2.662180233113760209e-06 -1.936058884143788749e-05 -2.771055043298861116e-05 5.242134239594681896e-07 1.632125152313812347e-06 1.738749142729256126e-06 2.397509181566214288e-07 9.795809024691618389e-09 -2.094068827673066187e-07 -5.161546279555630484e-11 1.366414776574056145e-05 -2.001107525220044626e-06 3.906079463114488419e-08 2.041600091121691866e-04 4.449501446216078506e-07 2.549543977373177278e-07 3.157346102293454546e-06 1.470606319017396925e-04 3.552129258455501420e-05 2.629942179281055081e-06 3.366046540313530062e-05 3.695764708521736859e-06 1.995537289068481472e-04 4.011215327380581258e-06 -7.695344211749821631e-08 3.261673556727206629e-07 7.803558982681451338e-06 4.443451083453932162e-07 -7.384917828166129728e-08 3.694138043655167450e-07
4.616439042600630139e-07 6.011614742107707729e-07 4.524591828288244396e-05 1.273822157454529370e-04 -9.624085668383822135e-04 -1.311435277741720149e-03 2.691406003084210026e-05 2.189742225961100906e-05 8.112741785541403166e-05 1.160311820710419395e-05 4.680316614661876968e-07 -1.071978522277198182e-05 -2.253344531458688046e-09 6.407035388148284291e-04 -5.775021907956062305e-04 1.819887851549567906e-06 8.099378462813815877e-03 -6.427525574051917716e-06 -1.485850921667984357e-06 1.470606319017396925e-04 6.960824143871706220e-03 1.591576127862869092e-03 1.145858453296325882e-04 1.507192715317231960e-03 1.660782266810248127e-04 9.132586950198168241e-03 1.806156239079737512e-04 -3.743122525670667635e-06 1.557576245852453192e-05 1.894124341723977633e-04 1.942448242517636094e-05 -3.946592990506293428e-06 1.764196744587576620e-05
1.237337638809893036e-06 1.832320528727707335e-06 1.378808469509865044e-04 2.782158732085919327e-05 -1.778007887884017137e-04 -2.994526655428366812e-04 -2.619248753869169881e-05 1.940980794517864559e-04 8.175554960192811516e-05 3.137897823643002508e-06 6.065451697650414791e-06 -2.889193103845191286e-05 -8.021826371090178096e-09 7.851151908539178142e-04 1.523553952547168828e-04 3.881812976979866664e-07 7.072043853345295547e-03 1.904584846358302376e-05 1.041087731648615203e-05 3.552129258455501420e-05 1.591576127862869092e-03 1.024045909193613312e-03 7.563223410005753247e-05 6.565845593968359147e-04 7.944550437208840188e-05 4.064707280933383196e-03 9.033981209642552405e-05 -9.871173138532134264e-06 4.765198374622603558e-05 1.782086285220467036e-04 5.529323294858936715e-05 7.341581689162272190e-03 1.762808121998675958e-04
1.179036867483404474e-07 1.670053029005821212e-07 1.256685308126541636e-05 1.771433725403670849e-06 -6.331998403746304562e-06 -2.107462401994729262e-05 -3.070221377406581524e-06 2.648673096939097011e-05 7.138948089895379696e-06 1.707565492443815025e-07 3.753039430311816008e-07 -3.250277563215431884e-06 -7.638648423371163499e-10 6.867041664399730272e-05 2.453790008316053024e-05 2.532873560418057391e-08 8.014819366190587251e-04 1.000230083839238908e-06 1.136041585328235623e-06 2.629942179281055081e-06 1.145858453296325882e-04 7.563223410005753247e-05 6.423409025674969435e-06 5.523739073099440052e-05 7.136399213677683515e-06 3.280692143632245512e-04 8.025652164441536880e-06 -9.503481995649452089e-07 4.336911175102432881e-06 2.824634632373370892e-05 5.156779589804437230e-06 3.877360380079993788e-04 1.137894624987947258e-05
1.202892595609035625e-06 1.791367587500335335e-06 1.347424856601637014e-04 2.640908937997441382e-05 -1.699569613511700810e-04 -2.837727326823252989e-04 -2.595920242667842649e-05 1.917555674229573309e-04 7.937699013161744960e-05 2.995067610830349737e-06 1.393799746516999720e-06 -2.632866106170416232e-05 -7.849014665644205746e-09 7.630795061501679513e-04 1.469991397673307723e-04 3.645711949941939418e-07 6.809978003014003495e-03 1.877582873890928705e-05 9.997063762030743074e-06 3.366046540313530062e-05 1.507192715317231960e-03 6.565845593968359147e-04 5.523739073099440052e-05 6.304322363352025992e-04 7.624682655118627454e-05 3.421994358381533902e-03 7.961916441013476911e-05 -9.472706400993787635e-06 4.658561350598366800e-05 1.587488002460697191e-04 5.388293963491667851e-05 -2.609305714185058409e-06 5.271643567095774674e-05
1.669798109547101340e-07 2.487574482504906903e-07 1.871344630848639946e-05 2.763093949618593912e-06 -1.485566535967543608e-05 -3.086888924323515521e-05 -4.157611963743968623e-06 2.392214326711812508e-05 1.008180342947975208e-05 2.582146643671282844e-07 1.935751488733233863e-07 -4.500573681603554470e-06 -1.088387439983000790e-09 9.910576167519147251e-05 1.183953095320447444e-05 3.609894332618913506e-08 9.218062971964414510e-04 9.313488304056176908e-07 1.004607952385358622e-06 3.695764708521736859e-06 1.660782266810248127e-04 7.944550437208840188e-05 7.136399213677683515e-06 7.624682655118627454e-05 9.711526070997316941e-06 4.191089079148969227e-04 1.027382278385029483e-05 -1.384680527300277668e-06 6.461609733410881011e-06 2.124242689210633804e-05 7.474413128650734904e-06 -7.593552975812838026e-07 7.313665063088223525e-06
6.104061605659134873e-06 9.220240688606423540e-06 6.937322052195803342e-04 1.595724113588257694e-04 -1.035094497045444591e-03 -1.711427612772519532e-03 -1.287034114194620608e-04 9.054952874997218137e-04 4.101870636019504289e-04 1.639193943985596422e-05 1.389542256237547814e-05 -1.723713644385054357e-04 -3.999423000153251539e-08 3.940262758998572257e-03 1.628943871277042585e-04 2.178184775923930936e-06 3.601846243472117681e-02 4.390278872343279814e-05 3.509737386156280126e-05 1.995537289068481472e-04 9.132586950198168241e-03 4.064707280933383196e-03 3.280692143632245512e-04 3.421994358381533902e-03 4.191089079148969227e-04 1.981327783256530556e-02 4.535146268728017910e-04 -5.208953541862907218e-05 2.394536767550030972e-04 5.737566117127785486e-04 2.749757634389331132e-04 1.060621621224591693e-02 4.482679402738985871e-04
1.683635823633420392e-07 2.501040544231070769e-07 1.881869755147033287e-05 2.937446609914568595e-06 -1.438474508606546206e-05 -3.338406628222740518e-05 -4.493984442191553726e-06 2.586858634644089694e-05 9.828017037319063375e-06 2.092144413168006668e-07 2.933811154359673471e-07 -5.382673801785840198e-06 -1.100063036751075182e-09 9.695648766444151434e-05 1.397908906674222496e-05 3.733285254181378986e-08 9.938485140916861887e-04 4.607479767613722503e-07 1.036808788280955404e-06 4.011215327380581258e-06 1.806156239079737512e-04 9.033981209642552405e-05 8.025652164441536880e-06 7.961916441013476911e-05 1.027382278385029483e-05 4.535146268728017910e-04 1.113817172427315866e-05 -1.466580098420898803e-06 6.489071939083196645e-06 2.184133421687053136e-05 7.520045030082214791e-06 1.550995369992336410e-04 9.950112445214663527e-06
-4.372026069722657503e-08 -7.205095253535507666e-08 -5.616805875722887120e-06 -7.064271847230162949e-08 5.831728713343772000e-07 7.073921587509475710e-07 1.570580938229178039e-06 -2.590856743979361031e-06 -2.094475727529986142e-06 2.441994149954462964e-08 -5.810121853891472228e-08 3.929061761393454140e-05 1.837700926300813899e-10 -2.191504036490898210e-05 -3.288406237683422821e-06 4.417570003218781941e-09 -1.191700089368365808e-04 2.211301298194326436e-08 1.276169760584063788e-08 -7.695344211749821631e-08 -3.743122525670667635e-06 -9.871173138532134264e-06 -9.503481995649452089e-07 -9.472706400993787635e-06 -1.384680527300277668e-06 -5.208953541862907218e-05 -1.466580098420898803e-06 3.797420186800773526e-06 -1.535109885348999272e-06 3.627098609136287838e-05 -1.772971196404120820e-06 1.810280058736906013e-05 -1.846035722343058268e-06
1.843039511664585059e-07 3.148943572072671211e-07 2.367450544163614357e-05 2.947481947175969184e-07 -2.424299782438316336e-06 -2.955097404186050143e-06 -6.832969972270043816e-06 1.088741933311333542e-05 8.924428705822026731e-06 -1.242122392385651298e-07 2.448932088628035970e-07 -3.495954850692896223e-06 -1.336967336945594566e-09 9.682982313567958950e-05 -1.251270969473679699e-05 -1.784443266974817342e-08 5.187513024269836508e-04 3.290312080738881714e-09 -1.873281624611922083e-08 3.261673556727206629e-07 1.557576245852453192e-05 4.765198374622603558e-05 4.336911175102432881e-06 4.658561350598366800e-05 6.461609733410881011e-06 2.394536767550030972e-04 6.489071939083196645e-06 -1.535109885348999272e-06 8.200438601397132274e-06 -3.716973130156553764e-05 8.828865496109716666e-06 1.495400884294679944e-07 9.274251799528584599e-06
4.182970876888979113e-06 -1.560687549979872473e-06 -1.174430693112061278e-04 -5.545431874819304994e-06 2.295174508239927118e-04 -1.829634810571007531e-05 1.668990880813068855e-05 3.494235796249817107e-04 -3.585714661674014399e-05 -2.663112241989531634e-08 -1.214851569897472465e-06 3.381263709054711125e-04 4.076707978084400843e-09 -4.473641441510511842e-04 -1.992460716535172059e-03 2.087923885967562965e-07 7.167777009609333470e-03 3.809651515366135193e-07 2.068824231568308872e-05 7.803558982681451338e-06 1.894124341723977633e-04 1.782086285220467036e-04 2.824634632373370892e-05 1.587488002460697191e-04 2.124242689210633804e-05 5.737566117127785486e-04 2.184133421687053136e-05 3.627098609136287838e-05 -3.716973130156553764e-05 1.289650530560836755e-02 8.181883824696649008e-05 1.832923285456944677e-04 -4.241244383380855896e-05
2.488862463377822753e-07 3.392389538402976318e-07 2.552699764392320466e-05 2.777118640147701389e-07 -4.746232114303694983e-07 -3.511375828859935318e-06 -7.531084601852063612e-06 1.571039188296844533e-05 9.702898203473471337e-06 -1.396698199367051601e-07 2.640557109446231591e-07 -5.090859492812136728e-06 -1.451197507369784840e-09 1.046080110554235295e-04 -3.298495263181931627e-05 -1.807874533511346545e-08 6.547481947031883864e-04 4.566845225500182396e-09 1.814280793846812013e-07 4.443451083453932162e-07 1.942448242517636094e-05 5.529323294858936715e-05 5.156779589804437230e-06 5.388293963491667851e-05 7.474413128650734904e-06 2.749757634389331132e-04 7.520045030082214791e-06 -1.772971196404120820e-06 8.828865496109716666e-06 8.181883824696649008e-05 1.071844169748860387e-05 -1.397817868268075129e-07 9.994067339853189135e-06
-4.551236925803223502e-08 -7.769309398398597174e-08 -5.846247452013121180e-06 -7.280412019689461499e-08 5.988673790066905380e-07 7.299003172603702812e-07 1.686063333015391348e-06 -2.688768239572253844e-06 -2.203240109409639585e-06 3.054454407025255541e-08 1.001778935509091813e-04 1.995155306234717735e-04 -3.389621503274878860e-10 -1.803997123829507846e-05 -3.672064901235199292e-05 6.909126830410799654e-09 -1.066736562087502885e-04 1.445238161787582817e-07 5.563885557788942227e-08 -7.384917828166129728e-08 -3.946592990506293428e-06 7.341581689162272190e-03 3.877360380079993788e-04 -2.609305714185058409e-06 -7.593552975812838026e-07 1.060621621224591693e-02 1.550995369992336410e-04 1.810280058736906013e-05 1.495400884294679944e-07 1.832923285456944677e-04 -1.397817868268075129e-07 1.589240270764928631e-01 2.643058339248148016e-03
2.087055559343978478e-07 3.562763406198541805e-07 2.680907068768171474e-05 3.338570289289921914e-07 -2.746219353203693919e-06 -3.347095613213169151e-06 -7.731761518775353404e-06 1.232985404554894210e-05 1.010337320134365333e-05 -1.400677695947785580e-07 1.947140672042748595e-06 -5.163408033016275952e-06 -1.509472631659329159e-09 1.096239876214762088e-04 -1.409828047732623261e-05 -2.018698056490762796e-08 5.873340474201167814e-04 3.460244940865233111e-09 -2.133941133632852556e-08 3.694138043655167450e-07 1.764196744587576620e-05 1.762808121998675958e-04 1.137894624987947258e-05 5.271643567095774674e-05 7.313665063088223525e-06 4.482679402738985871e-04 9.950112445214663527e-06 -1.846035722343058268e-06 9.274251799528584599e-06 -4.241244383380855896e-05 9.994067339853189135e-06 2.643058339248148016e-03 5.453100464732169527e-05
