3.303926503738602658e-08 4.161367695376209024e-08 1.966225488931567301e-06 4.144584314366774529e-08 -8.422634058778418545e-08 -3.845764052334996159e-07 -9.046187998541714176e-07 2.137647501224651688e-06 1.649099090807544375e-06 4.215309659311584033e-10 3.566053535541230970e-08 -5.783896518726551489e-07 -1.686086671961541590e-10 1.347443248747060379e-05 -1.709705159664264721e-06 -1.042663113053869132e-09 8.001305016257967797e-05 -3.038354386851755418e-11 1.303952028533912750e-08 4.384114218277162543e-08 2.481486807179991092e-06 3.965132957263194700e-06 3.866726292408161406e-07 3.854581037324660151e-06 5.505455488172568938e-07 1.933902051463386136e-05 5.574348174385017963e-07 -1.461999436253205155e-07 6.193954425019033747e-07 2.676532443457059581e-06 7.245454518756062558e-07 -1.534916737309901884e-07 7.012950424797708707e-07
4.161367695376209024e-08 5.647961761648858559e-08 2.668069783287875683e-06 5.792526254899529421e-08 -2.594353401618252038e-07 -4.936278373292911480e-07 -1.210397968782676575e-06 2.298947356678075676e-06 2.224441617527173317e-06 1.583328843794059046e-09 4.838956537449094994e-08 -7.540854044503541852e-07 -2.271802945615068074e-10 1.821722184134698088e-05 -1.191518708365331071e-06 -1.487486428069715950e-09 9.987813061980255300e-05 -9.146422803257694249e-11 4.262604546474161195e-09 5.371395837543525083e-08 3.175561186977219955e-06 5.148775724739942755e-06 4.936566639216501505e-07 5.014033490298282566e-06 7.150903192620517432e-07 2.527422849450384443e-05 7.230026992489018482e-07 -1.956624237521890745e-07 8.407771589365755557e-07 -3.765986823396391281e-06 9.101388200661435093e-07 -2.082805349504799043e-07 9.516223457293335672e-07
1.966225488931567301e-06 2.668069783287875683e-06 1.260651013909029638e-04 2.737370538989064172e-06 -1.226119113579388009e-05 -2.332700811662868885e-05 -5.717127320101667194e-05 1.086145029246418197e-04 1.050933530010916600e-04 7.686335460670080022e-08 2.286385275005655520e-06 -3.707443637886304857e-05 -1.072755754238568889e-08 8.606969290711451994e-04 -5.630477540636436305e-05 -7.021652289127067149e-08 4.718894664073575163e-03 -4.319487726659701544e-09 2.013331816048707425e-07 2.538300148349911024e-06 1.500650825761978130e-04 2.432821725434623121e-04 2.332528710561213993e-05 2.368796911420352383e-04 3.378472153773594538e-05 1.194170384706785566e-03 3.416120420756705520e-05 -9.374299327693093146e-06 3.971264465532994028e-05 -1.779460048062355489e-04 4.300360377203311723e-05 -9.841161921907168203e-06 4.496372930410470672e-05
4.144584314366774529e-08 5.792526254899529421e-08 2.737370538989064172e-06 7.721939610748627234e-06 -4.052963700295499327e-05 -6.396268467112041251e-05 1.943232636621551609e-06 -4.296765172595778460e-05 4.012879079396795303e-06 3.485662698211687125e-07 4.964644158871491567e-08 -6.227318828352267004e-07 -9.534269768604080405e-11 3.709964838076782969e-05 -3.266832554103888184e-05 9.701191777240706697e-08 7.131932256323439585e-04 4.966942925578142499e-09 -1.086672953233746677e-08 6.844021818030950776e-06 4.110353948375946101e-04 8.149511213759993771e-05 6.233543158611804036e-06 7.664167964628155561e-05 8.911723443398491062e-06 4.605078575911311124e-04 1.027465057222868441e-05 -2.056191454430619505e-07 8.620992957182453536e-07 -6.733636009514646914e-06 9.054475024348159884e-07 -2.136904378549840721e-07 9.763398955154227869e-07
-8.422634058778418545e-08 -2.594353401618252038e-07 -1.226119113579388009e-05 -4.052963700295499327e-05 2.637115835641276542e-04 3.199162785015060412e-04 -1.490477777152299789e-05 3.731968263514977096e-04 -1.413932120978785462e-05 -2.173756082235339190e-06 -2.223756341573207541e-07 2.651478586152769568e-06 -1.629892565107773149e-10 -1.461376618784264024e-04 3.398787538378005599e-04 -4.782166468918276093e-07 -9.075496772516251226e-04 -1.760752317183862558e-07 5.022994813802319504e-06 -3.320715811622139196e-05 -2.051924025686294346e-03 -3.693356757385378116e-04 -2.249072602344796495e-05 -3.482569614911845972e-04 -3.710396080700938663e-05 -2.111068271173876989e-03 -4.186015548074115865e-05 9.261792962356345998e-07 -3.860954976622274566e-06 2.632417013592608661e-04 -1.754664605139760164e-06 9.571591661095080406e-07 -4.373207756095986285e-06
-3.845764052334996159e-07 -4.936278373292911480e-07 -2.332700811662868885e-05 -6.396268467112041251e-05 3.199162785015060412e-04 5.347155483858198870e-04 -1.463834747001840320e-05 3.101548787467591005e-04 -3.538487347780673202e-05 -2.780579732205921612e-06 -4.230713121977935592e-07 5.349439608171130808e-06 9.953101870619638252e-10 -3.223613650279262468e-04 2.184590489164231887e-04 -8.131663869027788732e-07 -6.786282324194997488e-03 1.134551286497477542e-08 -1.446878297205287130e-06 -5.753175169606565141e-05 -3.437390328970373748e-03 -6.931297940888913331e-04 -5.480256655811240410e-05 -6.515657675270344418e-04 -7.681414160831367120e-05 -3.909288765631172523e-03 -8.884687572146578432e-05 1.750618599985955710e-06 -7.346707988853216361e-06 -1.475500814490260093e-05 -8.428083725294043227e-06 1.821002493922524816e-06 -8.320060562823080607e-06
-9.046187998541714176e-07 -1.210397968782676575e-06 -5.717127320101667194e-05 1.943232636621551609e-06 -1.490477777152299789e-05 -1.463834747001840320e-05 1.646562850157812707e-04 -9.711250583992679078e-05 -9.697072526649433747e-05 6.206449356690240676e-06 -1.036889319549324458e-06 1.963060813324782013e-05 1.601279743560463037e-08 -4.449181198454766261e-04 -9.084537514279496665e-06 8.311677722481173000e-07 -2.891400399805184318e-03 1.274939044909768502e-08 -4.618334033688346832e-07 1.471707866955022636e-06 9.370808136154519139e-05 -6.829260058073316529e-05 -8.076053236145909727e-06 -6.799507616232510594e-05 -1.093661035822602748e-05 -3.111552257090742317e-04 -1.109531621098000233e-05 4.157188514737754931e-06 -1.801988874073644884e-05 5.099756765237368068e-05 -1.979561235535872763e-05 4.463025457840209885e-06 -2.039131864266306542e-05
2.137647501224651688e-06 2.298947356678075676e-06 1.086145029246418197e-04 -4.296765172595778460e-05 3.731968263514977096e-04 3.101548787467591005e-04 -9.711250583992679078e-05 1.539004370309718893e-02 -4.843112274826935761e-05 -2.286218374475337963e-05 1.969891725775266734e-06 -4.102390263610797825e-05 -7.166499896054960576e-09 -1.732870885395061808e-04 8.845219660234588006e-04 -5.781872762530473175e-07 8.823897380041333116e-02 -4.011000234740039675e-07 1.446446907467136213e-05 -3.021830655680629116e-05 -1.981791835668393099e-03 2.616946532305366980e-04 5.610700492205742784e-05 2.849568879520192593e-04 3.609316925601739948e-05 7.638772864264673336e-04 3.346200181096706553e-05 -8.029675157859275910e-06 3.422038671184826110e-05 8.661759959975401466e-04 4.711536172118120484e-05 -8.478896209621377813e-06 3.873961194748144706e-05
1.649099090807544375e-06 2.224441617527173317e-06 1.050933530010916600e-04 4.012879079396795303e-06 -1.413932120978785462e-05 -3.538487347780673202e-05 -9.697072526649433747e-05 -4.843112274826935761e-05 3.538572257259679299e-04 1.103383173863548040e-05 1.906030234787933159e-06 -2.247946309612238911e-05 -2.342829388599749234e-08 2.509313717142558006e-03 -6.176026028616735325e-05 1.501869579403762655e-07 1.084410592373629204e-02 -1.679012087389963326e-08 6.689586205842188462e-07 3.925262184323382323e-06 2.279205041259111276e-04 2.793140566581527409e-04 2.629496388744879934e-05 2.709075129949723749e-04 3.652626494709268278e-05 1.365566748105118350e-03 3.627380853927316182e-05 -7.764038467235379024e-06 3.311156739855584887e-05 -1.254347919477494635e-04 3.607583323190500493e-05 -8.204020719365550640e-06 3.748372090186408991e-05
4.215309659311584033e-10 1.583328843794059046e-09 7.686335460670080022e-08 3.485662698211687125e-07 -2.173756082235339190e-06 -2.780579732205921612e-06 6.206449356690240676e-06 -2.286218374475337963e-05 1.103383173863548040e-05 4.227248864107342116e-06 1.394035623033886941e-09 1.174449980898632889e-06 1.130725245968926382e-10 4.585171116910062442e-05 -6.784933555588914797e-06 -2.982311177044504285e-08 8.154468209904775313e-05 1.188433587423063214e-09 -3.403715116064384913e-08 2.906068668584277571e-07 1.784207955153942093e-05 7.463200906128818118e-06 5.162351498958001821e-07 7.104998438970415366e-06 7.667785977596953608e-07 3.783987006183028260e-05 6.967557364251338739e-07 -1.562395836441132321e-08 2.316378205432282835e-08 -1.894910639042910061e-06 8.584060563803445363e-09 -6.000270576089581099e-09 2.741490731225056096e-08
3.566053535541230970e-08 4.838956537449094994e-08 2.286385275005655520e-06 4.964644158871491567e-08 -2.223756341573207541e-07 -4.230713121977935592e-07 -1.036889319549324458e-06 1.969891725775266734e-06 1.906030234787933159e-06 1.394035623033886941e-09 1.122973058392570765e-07 -6.724021515908871994e-07 -1.945608208066409745e-10 1.561006783922563577e-05 -1.021174044055476353e-06 -1.273485066282457877e-09 8.558444133388961239e-05 -7.834057978645682031e-11 3.651488133611525888e-09 4.603599266331686132e-08 2.721661992963623545e-06 9.070927741527716337e-06 6.785885863150865647e-07 4.296178972605970762e-06 6.127380931898415609e-07 2.823152171725741303e-05 7.225820840096541557e-07 -1.700173934725408108e-07 7.202501324290416264e-07 -3.227325569457097414e-06 7.799367576889865219e-07 1.055503040479955658e-04 2.580002754783003085e-06
-5.783896518726551489e-07 -7.540854044503541852e-07 -3.707443637886304857e-05 -6.227318828352267004e-07 2.651478586152769568e-06 5.349439608171130808e-06 1.963060813324782013e-05 -4.102390263610797825e-05 -2.247946309612238911e-05 1.174449980898632889e-06 -6.724021515908871994e-07 1.107891712308509873e-03 -7.598759350470923776e-10 -1.127246726419273056e-04 -1.800672025116251812e-04 6.665093156677390554e-08 -1.066050798462759479e-03 1.599146491527993169e-06 5.011345308898443841e-07 -5.087792662267940954e-07 -3.565164597606736374e-05 -2.060233044086880378e-05 -3.885958776423691919e-06 -1.839345535304239685e-05 -4.940214585893501611e-06 -1.854056642882655670e-04 -7.251785631920757677e-06 1.006857088509236533e-04 1.355127309128766602e-07 9.461140845341334520e-04 -2.241539935910179858e-06 5.936335930469811926e-04 -1.765337581023130687e-06
-1.686086671961541590e-10 -2.271802945615068074e-10 -1.072755754238568889e-08 -9.534269768604080405e-11 -1.629892565107773149e-10 9.953101870619638252e-10 1.601279743560463037e-08 -7.166499896054960576e-09 -2.342829388599749234e-08 1.130725245968926382e-10 -1.945608208066409745e-10 -7.598759350470923776e-10 2.276789115989671367e-12 -1.554882161270659652e-07 3.619409906555000606e-09 4.428684087814480744e-11 -7.564211661896114892e-07 -4.153070772686305787e-12 -6.659801277301452305e-11 -1.201092039250001464e-10 -6.442456207571305463e-09 -2.132391014296401813e-08 -2.121556638222075555e-09 -2.082242608046277606e-08 -2.956721444913875016e-09 -1.025743745142718677e-07 -2.958725612711194746e-09 4.520677055994659414e-10 -3.420946622771385198e-09 9.089210122029361906e-09 -3.724621819563946103e-09 -1.200172417424836650e-09 -3.865727212503211724e-09
1.347443248747060379e-05 1.821722184134698088e-05 8.606969290711451994e-04 3.709964838076782969e-05 -1.461376618784264024e-04 -3.223613650279262468e-04 -4.449181198454766261e-04 -1.732870885395061808e-04 2.509313717142558006e-03 4.585171116910062442e-05 1.561006783922563577e-05 -1.127246726419273056e-04 -1.554882161270659652e-07 1.924858184443196951e-02 -5.239908177641642217e-04 4.039772339792243875e-06 8.327556514920440855e-02 2.171761168164149653e-07 4.797872956985593976e-06 3.548466869046343526e-05 2.075036374653541418e-03 2.292376515310948042e-03 2.139703814653372499e-04 2.221461733565177881e-03 2.996980536880024379e-04 1.125714076880256209e-02 2.986573187219618785e-04 -5.639380012634433772e-05 2.720561267126648955e-04 -1.027391641555047263e-03 2.955814694983829351e-04 -1.961464947724927672e-05 3.079081519363088782e-04
-1.709705159664264721e-06 -1.191518708365331071e-06 -5.630477540636436305e-05 -3.266832554103888184e-05 3.398787538378005599e-04 2.184590489164231887e-04 -9.084537514279496665e-06 8.845219660234588006e-04 -6.176026028616735325e-05 -6.784933555588914797e-06 -1.021174044055476353e-06 -1.800672025116251812e-04 3.619409906555000606e-09 -5.239908177641642217e-04 7.611390415927079232e-03 1.774546139540017691e-08 7.188088257890056128e-03 4.941681276129793361e-04 1.898977169370547416e-04 3.284412175714565533e-06 -1.781566378168352588e-03 6.854939326402910774e-04 5.057692511200303305e-05 6.809932571774072628e-04 2.751758225844882708e-05 7.910016136976386579e-04 9.555131238843446003e-06 -1.312939273271310637e-05 -1.984609154709485198e-05 -2.001867103728979889e-03 -4.005997569020914499e-05 -1.082623589848110763e-04 -2.226738267234406083e-05
-1.042663113053869132e-09 -1.487486428069715950e-09 -7.021652289127067149e-08 9.701191777240706697e-08 -4.782166468918276093e-07 -8.131663869027788732e-07 8.311677722481173000e-07 -5.781872762530473175e-07 1.501869579403762655e-07 -2.982311177044504285e-08 -1.273485066282457877e-09 6.665093156677390554e-08 4.428684087814480744e-11 4.039772339792243875e-06 1.774546139540017691e-08 9.035937738078088847e-09 2.071936196939606900e-05 2.774801080437635936e-08 1.261878521757619808e-08 8.893915654136077610e-08 5.206047270663567680e-06 1.113676352715144629e-06 8.359759298968917167e-08 1.044785221202426054e-06 1.150226643535149271e-07 6.083337969547050129e-06 1.288916163445914759e-07 7.329029562342443948e-09 -2.185764196155106483e-08 2.437222483139871890e-07 -2.248274948168331099e-08 2.125718206739207357e-08 -2.473818864698554968e-08
8.001305016257967797e-05 9.987813061980255300e-05 4.718894664073575163e-03 7.131932256323439585e-04 -9.075496772516251226e-04 -6.786282324194997488e-03 -2.891400399805184318e-03 8.823897380041333116e-02 1.084410592373629204e-02 8.154468209904775313e-05 8.558444133388961239e-05 -1.066050798462759479e-03 -7.564211661896114892e-07 8.327556514920440855e-02 7.188088257890056128e-03 2.071936196939606900e-05 1.041820612481451303e+00 1.447355732578164088e-04 3.287122003586322931e-04 7.902166055856964418e-04 4.370641223989592261e-02 2.204965630383522168e-02 2.256540028982361237e-03 2.122317156252741255e-02 2.764268091586615309e-03 1.114742514239521198e-01 2.966265910098733402e-03 -3.380768836482267816e-04 1.488070301684935905e-03 8.191165921340047909e-03 1.756532794036863056e-03 -2.945666325329896482e-04 1.684523133204766064e-03
-3.038354386851755418e-11 -9.146422803257694249e-11 -4.319487726659701544e-09 4.966942925578142499e-09 -1.760752317183862558e-07 1.134551286497477542e-08 1.274939044909768502e-08 -4.011000234740039675e-07 -1.679012087389963326e-08 1.188433587423063214e-09 -7.834057978645682031e-11 1.599146491527993169e-06 -4.153070772686305787e-12 2.171761168164149653e-07 4.941681276129793361e-04 2.774801080437635936e-08 1.447355732578164088e-04 3.945064573122165040e-05 1.381735558553345222e-05 1.852004764293194033e-06 -3.123360673522399683e-05 7.759400706433096167e-05 4.299703380686287773e-06 7.642043915992107850e-05 4.007197378066818995e-06 1.825086457546113317e-04 2.195622378766362654e-06 1.429619080247754395e-07 1.600949272526062800e-08 1.535019891257325822e-06 1.581466151515384224e-08 9.268924311003558689e-07 1.643090334239729182e-08
1.303952028533912750e-08 4.262604546474161195e-09 2.013331816048707425e-07 -1.086672953233746677e-08 5.022994813802319504e-06 -1.446878297205287130e-06 -4.618334033688346832e-07 1.446446907467136213e-05 6.689586205842188462e-07 -3.403715116064384913e-08 3.651488133611525888e-09 5.011345308898443841e-07 -6.659801277301452305e-11 4.797872956985593976e-06 1.898977169370547416e-04 1.261878521757619808e-08 3.287122003586322931e-04 1.381735558553345222e-05 5.333459996835750462e-06 9.053985512614101227e-07 -1.240798155348392087e-06 3.282179216099373914e-05 2.504062885976998110e-06 3.198559577157583081e-05 2.342357809217139819e-06 9.335827606976657134e-05 1.940948909282681774e-06 3.541140098344972798e-08 6.955311956296849304e-08 2.297355289072430776e-05 2.990500140663081402e-07 3.092425691154218810e-07 7.811258832973313832e-08
4.384114218277162543e-08 5.371395837543525083e-08 2.538300148349911024e-06 6.844021818030950776e-06 -3.320715811622139196e-05 -5.753175169606565141e-05 1.471707866955022636e-06 -3.021830655680629116e-05 3.925262184323382323e-06 2.906068668584277571e-07 4.603599266331686132e-08 -5.087792662267940954e-07 -1.201092039250001464e-10 3.548466869046343526e-05 3.284412175714565533e-06 8.893915654136077610e-08 7.902166055856964418e-04 1.852004764293194033e-06 9.053985512614101227e-07 6.297839594234230367e-06 3.684562432661405459e-04 7.899662284996274142e-05 6.272975502189401843e-06 7.440520537859652487e-05 8.603156258655310847e-06 4.330682547469981761e-04 9.853897172372210118e-06 -1.836045759007107243e-07 8.002601802415832843e-07 6.257056654679796753e-06 9.631164356369788840e-07 -1.540745971844944983e-07 9.061922113146544395e-07
2.481486807179991092e-06 3.175561186977219955e-06 1.500650825761978130e-04 4.110353948375946101e-04 -2.051924025686294346e-03 -3.437390328970373748e-03 9.370808136154519139e-05 -1.981791835668393099e-03 2.279205041259111276e-04 1.784207955153942093e-05 2.721661992963623545e-06 -3.565164597606736374e-05 -6.442456207571305463e-09 2.075036374653541418e-03 -1.781566378168352588e-03 5.206047270663567680e-06 4.370641223989592261e-02 -3.123360673522399683e-05 -1.240798155348392087e-06 3.684562432661405459e-04 2.212223897408531828e-02 4.397396921405793274e-03 3.495492383630582922e-04 4.130890847636347306e-03 4.911916489657255393e-04 2.500126386656543326e-02 5.701273550072600508e-04 -1.137115146956118950e-05 4.724883208819700227e-05 1.110025181984733000e-04 5.437566263075979906e-05 -1.242674066063890051e-05 5.351000884273008376e-05
3.965132957263194700e-06 5.148775724739942755e-06 2.432821725434623121e-04 8.149511213759993771e-05 -3.693356757385378116e-04 -6.931297940888913331e-04 -6.829260058073316529e-05 2.616946532305366980e-04 2.793140566581527409e-04 7.463200906128818118e-06 9.070927741527716337e-06 -2.060233044086880378e-05 -2.132391014296401813e-08 2.292376515310948042e-03 6.854939326402910774e-04 1.113676352715144629e-06 2.204965630383522168e-02 7.759400706433096167e-05 3.282179216099373914e-05 7.899662284996274142e-05 4.397396921405793274e-03 1.776380701010508469e-03 1.406214957358204029e-04 1.403263902574068515e-03 1.672856835472437994e-04 7.860276346909918568e-03 1.866782422459300117e-04 -1.395955076019250797e-05 7.714144045811634903e-05 8.987102575738650616e-05 8.733799431012510123e-05 6.963484495425777479e-03 2.033679283067794344e-04
3.866726292408161406e-07 4.936566639216501505e-07 2.332528710561213993e-05 6.233543158611804036e-06 -2.249072602344796495e-05 -5.480256655811240410e-05 -8.076053236145909727e-06 5.610700492205742784e-05 2.629496388744879934e-05 5.162351498958001821e-07 6.785885863150865647e-07 -3.885958776423691919e-06 -2.121556638222075555e-09 2.139703814653372499e-04 5.057692511200303305e-05 8.359759298968917167e-08 2.256540028982361237e-03 4.299703380686287773e-06 2.504062885976998110e-06 6.272975502189401843e-06 3.495492383630582922e-04 1.406214957358204029e-04 1.215947908449988173e-05 1.181199140081994878e-04 1.483821823494546109e-05 6.571420512267818134e-04 1.651282030863102015e-05 -1.500460108552921931e-06 7.376377013202604091e-06 2.195850731906821992e-05 8.502642373932903447e-06 3.812062260149754345e-04 1.471601427668236627e-05
3.854581037324660151e-06 5.014033490298282566e-06 2.368796911420352383e-04 7.664167964628155561e-05 -3.482569614911845972e-04 -6.515657675270344418e-04 -6.799507616232510594e-05 2.849568879520192593e-04 2.709075129949723749e-04 7.104998438970415366e-06 4.296178972605970762e-06 -1.839345535304239685e-05 -2.082242608046277606e-08 2.221461733565177881e-03 6.809932571774072628e-04 1.044785221202426054e-06 2.122317156252741255e-02 7.642043915992107850e-05 3.198559577157583081e-05 7.440520537859652487e-05 4.130890847636347306e-03 1.403263902574068515e-03 1.181199140081994878e-04 1.340344021480545031e-03 1.595979617265743918e-04 7.068156442064732828e-03 1.712262983015179984e-04 -1.343375159266626910e-05 7.512784839371240697e-05 7.310961533384490699e-05 8.489712796389028136e-05 7.685469814221138621e-06 8.499578428114135489e-05
5.505455488172568938e-07 7.150903192620517432e-07 3.378472153773594538e-05 8.911723443398491062e-06 -3.710396080700938663e-05 -7.681414160831367120e-05 -1.093661035822602748e-05 3.609316925601739948e-05 3.652626494709268278e-05 7.667785977596953608e-07 6.127380931898415609e-07 -4.940214585893501611e-06 -2.956721444913875016e-09 2.996980536880024379e-04 2.751758225844882708e-05 1.150226643535149271e-07 2.764268091586615309e-03 4.007197378066818995e-06 2.342357809217139819e-06 8.603156258655310847e-06 4.911916489657255393e-04 1.672856835472437994e-04 1.483821823494546109e-05 1.595979617265743918e-04 2.013130934707370117e-05 8.671445672822938704e-04 2.186369347642408233e-05 -2.110349454584067306e-06 1.069147438347570638e-05 1.039017254274227423e-05 1.210478986082537917e-05 -1.203265022450722373e-07 1.209884150624422893e-05
1.933902051463386136e-05 2.527422849450384443e-05 1.194170384706785566e-03 4.605078575911311124e-04 -2.111068271173876989e-03 -3.909288765631172523e-03 -3.111552257090742317e-04 7.638772864264673336e-04 1.365566748105118350e-03 3.783987006183028260e-05 2.823152171725741303e-05 -1.854056642882655670e-04 -1.025743745142718677e-07 1.125714076880256209e-02 7.910016136976386579e-04 6.083337969547050129e-06 1.114742514239521198e-01 1.825086457546113317e-04 9.335827606976657134e-05 4.330682547469981761e-04 2.500126386656543326e-02 7.860276346909918568e-03 6.571420512267818134e-04 7.068156442064732828e-03 8.671445672822938704e-04 3.961898249250699056e-02 9.598708101041339858e-04 -7.611623162160916834e-05 3.777264477316167506e-04 7.856650235559957569e-05 4.249915245211498727e-04 9.802392291798184623e-03 5.912902192269529553e-04
5.574348174385017963e-07 7.230026992489018482e-07 3.416120420756705520e-05 1.027465057222868441e-05 -4.186015548074115865e-05 -8.884687572146578432e-05 -1.109531621098000233e-05 3.346200181096706553e-05 3.627380853927316182e-05 6.967557364251338739e-07 7.225820840096541557e-07 -7.251785631920757677e-06 -2.958725612711194746e-09 2.986573187219618785e-04 9.555131238843446003e-06 1.288916163445914759e-07 2.966265910098733402e-03 2.195622378766362654e-06 1.940948909282681774e-06 9.853897172372210118e-06 5.701273550072600508e-04 1.866782422459300117e-04 1.651282030863102015e-05 1.712262983015179984e-04 2.186369347642408233e-05 9.598708101041339858e-04 2.419998251069359869e-05 -2.332347874930410967e-06 1.078664940589569981e-05 1.041232815053936948e-05 1.223553951134448985e-05 1.524623250230864799e-04 1.477688866222157417e-05
-1.461999436253205155e-07 -1.956624237521890745e-07 -9.374299327693093146e-06 -2.056191454430619505e-07 9.261792962356345998e-07 1.750618599985955710e-06 4.157188514737754931e-06 -8.029675157859275910e-06 -7.764038467235379024e-06 -1.562395836441132321e-08 -1.700173934725408108e-07 1.006857088509236533e-04 4.520677055994659414e-10 -5.639380012634433772e-05 -1.312939273271310637e-05 7.329029562342443948e-09 -3.380768836482267816e-04 1.429619080247754395e-07 3.541140098344972798e-08 -1.836045759007107243e-07 -1.137115146956118950e-05 -1.395955076019250797e-05 -1.500460108552921931e-06 -1.343375159266626910e-05 -2.110349454584067306e-06 -7.611623162160916834e-05 -2.332347874930410967e-06 9.443863744651021156e-06 -1.897836722027382325e-06 9.309924978342424781e-05 -2.268065847881972450e-06 5.348462070552927061e-05 -2.320340080953297211e-06
6.193954425019033747e-07 8.407771589365755557e-07 3.971264465532994028e-05 8.620992957182453536e-07 -3.860954976622274566e-06 -7.346707988853216361e-06 -1.801988874073644884e-05 3.422038671184826110e-05 3.311156739855584887e-05 2.316378205432282835e-08 7.202501324290416264e-07 1.355127309128766602e-07 -3.420946622771385198e-09 2.720561267126648955e-04 -1.984609154709485198e-05 -2.185764196155106483e-08 1.488070301684935905e-03 1.600949272526062800e-08 6.955311956296849304e-08 8.002601802415832843e-07 4.724883208819700227e-05 7.714144045811634903e-05 7.376377013202604091e-06 7.512784839371240697e-05 1.069147438347570638e-05 3.777264477316167506e-04 1.078664940589569981e-05 -1.897836722027382325e-06 1.263760659435062073e-05 -4.633064623432906859e-05 1.366007599062573312e-05 3.323790751829844806e-06 1.428893611934272726e-05
2.676532443457059581e-06 -3.765986823396391281e-06 -1.779460048062355489e-04 -6.733636009514646914e-06 2.632417013592608661e-04 -1.475500814490260093e-05 5.099756765237368068e-05 8.661759959975401466e-04 -1.254347919477494635e-04 -1.894910639042910061e-06 -3.227325569457097414e-06 9.461140845341334520e-04 9.089210122029361906e-09 -1.027391641555047263e-03 -2.001867103728979889e-03 2.437222483139871890e-07 8.191165921340047909e-03 1.535019891257325822e-06 2.297355289072430776e-05 6.257056654679796753e-06 1.110025181984733000e-04 8.987102575738650616e-05 2.195850731906821992e-05 7.310961533384490699e-05 1.039017254274227423e-05 7.856650235559957569e-05 1.041232815053936948e-05 9.309924978342424781e-05 -4.633064623432906859e-05 1.356778539591214396e-02 7.214610751775864966e-05 5.324737975671759273e-04 -5.340965918547051417e-05
7.245454518756062558e-07 9.101388200661435093e-07 4.300360377203311723e-05 9.054475024348159884e-07 -1.754664605139760164e-06 -8.428083725294043227e-06 -1.979561235535872763e-05 4.711536172118120484e-05 3.607583323190500493e-05 8.584060563803445363e-09 7.799367576889865219e-07 -2.241539935910179858e-06 -3.724621819563946103e-09 2.955814694983829351e-04 -4.005997569020914499e-05 -2.248274948168331099e-08 1.756532794036863056e-03 1.581466151515384224e-08 2.990500140663081402e-07 9.631164356369788840e-07 5.437566263075979906e-05 8.733799431012510123e-05 8.502642373932903447e-06 8.489712796389028136e-05 1.210478986082537917e-05 4.249915245211498727e-04 1.223553951134448985e-05 -2.268065847881972450e-06 1.366007599062573312e-05 7.214610751775864966e-05 1.599715261252448827e-05 2.679940712504661214e-06 1.545521964632742246e-05
-1.534916737309901884e-07 -2.082805349504799043e-07 -9.841161921907168203e-06 -2.136904378549840721e-07 9.571591661095080406e-07 1.821002493922524816e-06 4.463025457840209885e-06 -8.478896209621377813e-06 -8.204020719365550640e-06 -6.000270576089581099e-09 1.055503040479955658e-04 5.936335930469811926e-04 -1.200172417424836650e-09 -1.961464947724927672e-05 -1.082623589848110763e-04 2.125718206739207357e-08 -2.945666325329896482e-04 9.268924311003558689e-07 3.092425691154218810e-07 -1.540745971844944983e-07 -1.242674066063890051e-05 6.963484495425777479e-03 3.812062260149754345e-04 7.685469814221138621e-06 -1.203265022450722373e-07 9.802392291798184623e-03 1.524623250230864799e-04 5.348462070552927061e-05 3.323790751829844806e-06 5.324737975671759273e-04 2.679940712504661214e-06 1.583205574102538316e-01 2.637225143319187233e-03
7.012950424797708707e-07 9.516223457293335672e-07 4.496372930410470672e-05 9.763398955154227869e-07 -4.373207756095986285e-06 -8.320060562823080607e-06 -2.039131864266306542e-05 3.873961194748144706e-05 3.748372090186408991e-05 2.741490731225056096e-08 2.580002754783003085e-06 -1.765337581023130687e-06 -3.865727212503211724e-09 3.079081519363088782e-04 -2.226738267234406083e-05 -2.473818864698554968e-08 1.684523133204766064e-03 1.643090334239729182e-08 7.811258832973313832e-08 9.061922113146544395e-07 5.351000884273008376e-05 2.033679283067794344e-04 1.471601427668236627e-05 8.499578428114135489e-05 1.209884150624422893e-05 5.912902192269529553e-04 1.477688866222157417e-05 -2.320340080953297211e-06 1.428893611934272726e-05 -5.340965918547051417e-05 1.545521964632742246e-05 2.637225143319187233e-03 6.012938309519245690e-05
