1.717232155444294982e-03 1.757827831149300427e-03 3.603859540986679554e-03 -2.952704153835021855e-06 -1.568809119292556358e-04 -1.368286121445131103e-04 -3.142573216549870117e-04 1.167887531569650975e-03 3.373677405284563561e-04 1.209633279274038818e-06 1.737996800360798802e-03 -1.323292235524552336e-04 -3.000944766835580831e-08 1.477705744810416414e-03 -1.997851910948918218e-04 -3.264772802975535446e-07 1.184170734919417177e-02 -3.818951396931570584e-09 2.969144603165830196e-07 8.589467412083688167e-06 5.871999995612081635e-04 1.904690405393168152e-03 2.027553776903773654e-04 1.811539498348887361e-03 2.798027096084165170e-04 8.682240336702269287e-03 2.657041388825086455e-04 -3.309138333842490560e-05 1.402414646029706124e-04 -6.156419819153838508e-04 1.524480170106895570e-04 -3.348671601007315588e-05 1.584310893228322269e-04
1.757827831149300427e-03 1.799418051699680889e-03 3.689126541881777768e-03 -3.256748787833276004e-06 -1.616419502195981213e-04 -1.398687740484875748e-04 -3.216226326728528328e-04 1.190937103629744311e-03 3.453125402744026528e-04 1.239073727662451985e-06 1.779117652338139651e-03 -1.353452142363729038e-04 -3.071629118966050910e-08 1.512574220084081855e-03 -2.012293656867952785e-04 -3.345394373846640773e-07 1.210179441065308351e-02 -4.085560260598301829e-09 2.669023575911060331e-07 8.763500008446438097e-06 5.995348769259583720e-04 1.948957652107563120e-03 2.074423603261641260e-04 1.853655721767630531e-03 2.862991115504505218e-04 8.884403228203630390e-03 2.718733557634722881e-04 -3.386407214448469477e-05 1.435606184275200646e-04 -6.510982744925809199e-04 1.558563001480281561e-04 -3.427900877607352459e-05 1.621795550112043740e-04
3.603859540986679554e-03 3.689126541881777768e-03 7.563365224605770459e-03 -6.677002588388979815e-06 -3.313959743867401380e-04 -2.867565954003182312e-04 -6.593786057947197956e-04 2.441631872290143859e-03 7.079504751865959601e-04 2.540479903805316694e-06 3.647507459940029992e-03 -2.777169133856002359e-04 -6.297287073638383798e-08 3.101040448122521949e-03 -4.125566099340576996e-04 -6.858542272075553102e-07 2.481079238289092895e-02 -8.375856924841336333e-09 5.471878711559960176e-07 1.796677451478877080e-05 1.229156053646569303e-03 3.995709681613807997e-03 4.252936968160730860e-04 3.800319106658470170e-03 5.869635173080012562e-04 1.821459974664316542e-02 5.573885788200575548e-04 -6.944843537480813514e-05 2.943226241205582050e-04 -1.334867724567862738e-03 3.195331168706828820e-04 -7.027806174918111999e-05 3.324969183323532454e-04
-2.952704153835021855e-06 -3.256748787833276004e-06 -6.677002588388979815e-06 2.357785044845470238e-05 1.919928129467204805e-04 6.387732785114231030e-05 -6.217285832758186838e-06 3.055140176132164435e-04 1.038286238967304982e-06 -2.800006768384785858e-07 -3.220050338433621517e-06 1.415277996610332807e-07 -2.342964083652941276e-10 3.239944978696368224e-06 1.201159986524764396e-04 -3.633964871027831998e-08 7.390170903543958562e-04 -9.945522331501322181e-08 3.229544524513591121e-06 -2.449316991162216876e-06 -2.077999493372939912e-04 5.106301482450515105e-05 9.136140533250582883e-06 4.796657062416186899e-05 9.000274396069963138e-06 2.777612957683528016e-04 1.101990112400743991e-05 6.394521395371244521e-08 -2.595597345597473939e-07 1.422363260608790463e-04 1.059085296119586625e-06 6.204206537492755836e-08 -2.935310828468008762e-07
-1.568809119292556358e-04 -1.616419502195981213e-04 -3.313959743867401380e-04 1.919928129467204805e-04 3.121378155204407659e-03 2.031134766747996669e-03 -7.599641560709772311e-05 2.429071848750141878e-03 -5.302362446744375541e-05 -5.304842797768765980e-06 -1.598189764573701411e-04 9.310601177615066820e-06 -9.001449449602868109e-11 -2.120888864097292335e-04 9.737930034454948987e-04 -1.500063326199194192e-06 -1.231575674690368188e-02 -6.050792088431104450e-07 1.807675566863299195e-05 -1.170889771458934837e-04 -8.273927375102503243e-03 2.927344863366659867e-04 6.539975232175902319e-05 2.868268307873173125e-04 5.444449394901570505e-05 2.339844332271879927e-03 9.221415347149875582e-05 3.079867844493733570e-06 -1.289223027748664714e-05 6.907395688141246010e-04 -7.989231033623163741e-06 3.079299497915523688e-06 -1.456866579351090980e-05
-1.368286121445131103e-04 -1.398687740484875748e-04 -2.867565954003182312e-04 6.387732785114231030e-05 2.031134766747996669e-03 1.638454513887947295e-03 -4.144848008832265290e-05 7.707860141265387814e-04 -5.681031897288243586e-05 -3.692132214730703929e-06 -1.382911957638814724e-04 8.295428289469794795e-06 1.128218116769405543e-09 -2.224986656173047461e-04 3.213012177201955157e-04 -1.266269385524172431e-06 -1.577816732296278418e-02 -6.425957394766578899e-08 7.785983406766988144e-07 -1.008488126040882061e-04 -6.946219455853503387e-03 1.899858195748865180e-05 1.602873425981680343e-05 2.933342143880506275e-05 6.108898217157292178e-06 8.282409190591177080e-04 3.226068709120831675e-05 2.655192433092070767e-06 -1.115664181584370813e-05 -6.792513693900233086e-05 -1.324177014786057046e-05 2.664514684967742738e-06 -1.260625150985108184e-05
-3.142573216549870117e-04 -3.216226326728528328e-04 -6.593786057947197956e-04 -6.217285832758186838e-06 -7.599641560709772311e-05 -4.144848008832265290e-05 5.325578180995958972e-04 -2.769240514028262299e-04 -1.709970253345235850e-04 4.875649938075722258e-06 -3.179918346051404765e-04 2.850217608835069378e-05 2.445425986479730436e-08 -3.266514941639336368e-04 -1.095514656776979496e-05 1.600422742264090554e-06 -3.309618812049546811e-03 1.904380013895003498e-08 -7.190432674573174865e-07 2.227582030419359975e-06 1.619734853664415801e-04 -3.373512853586537559e-04 -3.767830204030720142e-05 -3.214103430585391508e-04 -5.012433326762013501e-05 -1.562770439360614081e-03 -4.905573464053042615e-05 5.906876798036983201e-06 -2.567439012325203047e-05 7.276619902127329882e-05 -2.827171024138610056e-05 6.126882544038133362e-06 -2.898727589246373663e-05
1.167887531569650975e-03 1.190937103629744311e-03 2.441631872290143859e-03 3.055140176132164435e-04 2.429071848750141878e-03 7.707860141265387814e-04 -2.769240514028262299e-04 1.469244481678496084e-01 -2.093406816226309761e-04 -2.554647375916022084e-05 1.177501046707716322e-03 -1.058881542360444412e-04 -8.721676648932633210e-09 -1.931142635953970099e-04 2.141174369336029237e-03 -9.451772133327548805e-07 2.066990261920923222e-01 -1.139225601198084208e-06 4.221061732363324246e-05 -2.807172924557887352e-05 -2.444737424271114113e-03 6.316723155469534598e-03 7.480442728745845911e-04 6.119980816832901356e-03 8.743105590616425705e-04 2.912964934650277837e-02 8.748261194357495824e-04 -2.239275199158906329e-05 9.501701007357679445e-05 2.329070206658520516e-03 1.293947127255958690e-04 -2.268740834740881255e-05 1.073378118248141254e-04
3.373677405284563561e-04 3.453125402744026528e-04 7.079504751865959601e-04 1.038286238967304982e-06 -5.302362446744375541e-05 -5.681031897288243586e-05 -1.709970253345235850e-04 -2.093406816226309761e-04 3.913134242710936388e-04 8.545104273441982932e-06 3.414160975739210417e-04 -1.824339219819440038e-05 -2.019238472838463155e-08 1.275300765261839185e-03 -5.284152867958195573e-05 7.733506194361927405e-08 7.984462121672591603e-03 -1.141884489756870085e-08 4.669800033633393629e-07 3.725483555454833727e-06 2.505666026866602077e-04 4.106110053663870928e-04 4.378391564603532253e-05 3.904492935253618549e-04 5.990054085648953777e-05 1.859102266362297733e-03 5.640868256744417474e-05 -6.452423954324020291e-06 2.755430048273214524e-05 -1.020137693859944226e-04 3.012717178839513567e-05 -6.578207680053746658e-06 3.112256837283508217e-05
1.209633279274038818e-06 1.239073727662451985e-06 2.540479903805316694e-06 -2.800006768384785858e-07 -5.304842797768765980e-06 -3.692132214730703929e-06 4.875649938075722258e-06 -2.554647375916022084e-05 8.545104273441982932e-06 1.793007936950448699e-06 1.225171484620540402e-06 5.409889564056508021e-07 -2.678284835773832772e-11 -2.371912905783559493e-06 -3.669785010765493789e-06 -1.855419100964727836e-08 -3.577029042110591072e-05 7.830158532618853865e-10 -2.239157341344041368e-08 2.176910338932769236e-07 1.524624138999976477e-05 2.421654240281955733e-06 1.814155625572240264e-07 2.288081615395164660e-06 3.075655666324661113e-07 9.323909305539656526e-06 2.022040956504732368e-07 -2.804062121353362222e-08 9.837662586555300266e-08 -9.891348090994949696e-07 1.021873294532136500e-07 -2.360589476397762697e-08 1.116833200587044168e-07
1.737996800360798802e-03 1.779117652338139651e-03 3.647507459940029992e-03 -3.220050338433621517e-06 -1.598189764573701411e-04 -1.382911957638814724e-04 -3.179918346051404765e-04 1.177501046707716322e-03 3.414160975739210417e-04 1.225171484620540402e-06 1.760042304250592458e-03 -1.339317199743313494e-04 -3.036928787169236697e-08 1.495507334658992011e-03 -1.989594932539414524e-04 -3.307599641006858604e-07 1.196524927940867573e-02 -4.039339594146641382e-09 2.638867465420040125e-07 8.664654175439448871e-06 5.927726272586684910e-04 1.941098919658557683e-03 2.060042142063507110e-04 1.832741363142611612e-03 2.830689441160985946e-04 8.801684746264901160e-03 2.691248996794845375e-04 -3.349219277242814440e-05 1.419399877208518831e-04 -6.437531229556930999e-04 1.540979964437001336e-04 3.629300580513365477e-04 1.667571141436008375e-04
-1.323292235524552336e-04 -1.353452142363729038e-04 -2.777169133856002359e-04 1.415277996610332807e-07 9.310601177615066820e-06 8.295428289469794795e-06 2.850217608835069378e-05 -1.058881542360444412e-04 -1.824339219819440038e-05 5.409889564056508021e-07 -1.339317199743313494e-04 1.650788854917830006e+00 -5.380738330278932948e-06 7.543439273408419909e-03 -3.439034130450214222e-01 1.301146878641232031e-05 7.948738663373736135e-02 2.224568183130900862e-04 7.718131709607321345e-05 9.125113031895417626e-06 -1.709727048788421732e-04 5.403899042903248517e-02 3.533594466593261135e-03 5.170253719548528748e-02 6.171472543117046024e-03 1.400638455009801941e-01 2.684651787070044694e-03 1.477895579847135765e-01 1.552076127338984299e-02 1.473194941401653413e+00 1.437943180902032624e-02 9.604753566140329379e-01 1.588243574131320904e-02
-3.000944766835580831e-08 -3.071629118966050910e-08 -6.297287073638383798e-08 -2.342964083652941276e-10 -9.001449449602868109e-11 1.128218116769405543e-09 2.445425986479730436e-08 -8.721676648932633210e-09 -2.019238472838463155e-08 -2.678284835773832772e-11 -3.036928787169236697e-08 -5.380738330278932948e-06 1.917208869621067653e-11 -8.772543119131341724e-08 1.123686110578161552e-06 4.833294400945395963e-12 -7.080476531492465703e-07 -7.248180753490368126e-10 -2.936638559714970622e-10 -1.205001962714637012e-10 -5.172955788751114805e-09 -2.108362694335576447e-07 -1.527105228220094267e-08 -2.015398212018949643e-07 -2.521659173296156977e-08 -6.150067458621119840e-07 -1.362501679512732714e-08 -4.813409815384414333e-07 -5.309747617725987705e-08 -4.794811114984895716e-06 -4.960896069600587249e-08 -3.131381732854753661e-06 -5.459858655976702885e-08
1.477705744810416414e-03 1.512574220084081855e-03 3.101040448122521949e-03 3.239944978696368224e-06 -2.120888864097292335e-04 -2.224986656173047461e-04 -3.266514941639336368e-04 -1.931142635953970099e-04 1.275300765261839185e-03 -2.371912905783559493e-06 1.495507334658992011e-03 7.543439273408419909e-03 -8.772543119131341724e-08 5.298007049788377824e-03 -1.777131859805067141e-03 2.400356984191225046e-06 3.301726237816211829e-02 1.534188718385628277e-06 2.250499566071536382e-06 1.460177963024992863e-05 9.779235746930679905e-04 2.022570178570958811e-03 2.052107054432815035e-04 1.924562315351067846e-03 2.877020903103437617e-04 8.689216709308104913e-03 2.571696556421267620e-04 6.553490832184956285e-04 1.925402545195715391e-04 6.326359388445091346e-03 1.981447481254364706e-04 4.414500235848267153e-03 2.098578070814077344e-04
-1.997851910948918218e-04 -2.012293656867952785e-04 -4.125566099340576996e-04 1.201159986524764396e-04 9.737930034454948987e-04 3.213012177201955157e-04 -1.095514656776979496e-05 2.141174369336029237e-03 -5.284152867958195573e-05 -3.669785010765493789e-06 -1.989594932539414524e-04 -3.439034130450214222e-01 1.123686110578161552e-06 -1.777131859805067141e-03 2.019470005091973108e-01 3.968363339102704527e-06 3.177377153204817561e-02 1.039194468790717411e-02 3.621990141309172975e-03 4.336075017056302441e-04 -7.065417900641348010e-03 7.099377392102460341e-03 4.733293803620953165e-04 7.312700327769209446e-03 -1.972227563623067063e-04 1.012731506842458676e-02 6.128353893220038311e-05 -3.078558256858593412e-02 -3.251844413970523488e-03 -3.088478787842607320e-01 -3.034790013619222387e-03 -2.001069626084867326e-01 -3.329724466916255711e-03
-3.264772802975535446e-07 -3.345394373846640773e-07 -6.858542272075553102e-07 -3.633964871027831998e-08 -1.500063326199194192e-06 -1.266269385524172431e-06 1.600422742264090554e-06 -9.451772133327548805e-07 7.733506194361927405e-08 -1.855419100964727836e-08 -3.307599641006858604e-07 1.301146878641232031e-05 4.833294400945395963e-12 2.400356984191225046e-06 3.968363339102704527e-06 8.840630553671406483e-09 2.382361800868425879e-05 5.573294829903273658e-07 1.947401119537669744e-07 1.027767279317433062e-07 5.083953877749302525e-06 1.080170240275447373e-06 4.600385937946523241e-08 1.052909535786737414e-06 5.593042464704001268e-08 1.162093389108312972e-06 -1.480017379542196823e-08 1.167010720233384189e-06 9.529570734678785286e-08 1.189566655602228004e-05 8.599656951244452779e-08 7.552384274891956419e-06 9.472603478111029360e-08
1.184170734919417177e-02 1.210179441065308351e-02 2.481079238289092895e-02 7.390170903543958562e-04 -1.231575674690368188e-02 -1.577816732296278418e-02 -3.309618812049546811e-03 2.066990261920923222e-01 7.984462121672591603e-03 -3.577029042110591072e-05 1.196524927940867573e-02 7.948738663373736135e-02 -7.080476531492465703e-07 3.301726237816211829e-02 3.177377153204817561e-02 2.382361800868425879e-05 7.321269130591872010e-01 3.655624629402114741e-03 1.468266629112020480e-03 1.223651757361954480e-03 6.882084646704081377e-02 3.049582972754914106e-02 2.982772018314472189e-03 2.924813206960606704e-02 3.769679800384337538e-03 1.120582296556607294e-01 3.141054296894902655e-03 6.961771718677161463e-03 1.721076065508212556e-03 7.940025754332519226e-02 1.863451645789801969e-03 4.648981391014529729e-02 1.863884231368841517e-03
-3.818951396931570584e-09 -4.085560260598301829e-09 -8.375856924841336333e-09 -9.945522331501322181e-08 -6.050792088431104450e-07 -6.425957394766578899e-08 1.904380013895003498e-08 -1.139225601198084208e-06 -1.141884489756870085e-08 7.830158532618853865e-10 -4.039339594146641382e-09 2.224568183130900862e-04 -7.248180753490368126e-10 1.534188718385628277e-06 1.039194468790717411e-02 5.573294829903273658e-07 3.655624629402114741e-03 8.446566049395583513e-04 2.930265360264564531e-04 3.623185729511258434e-05 -4.897880141542376850e-04 1.491315731279802556e-03 9.654133188005050998e-05 1.469133841809544885e-03 8.802085305404061489e-05 3.170072316432156426e-03 4.856568239129058234e-05 1.991544350414849439e-05 2.092667612086800685e-06 1.982652197848630386e-04 1.933947800311261728e-06 1.294378256170260677e-04 2.141667508653813349e-06
2.969144603165830196e-07 2.669023575911060331e-07 5.471878711559960176e-07 3.229544524513591121e-06 1.807675566863299195e-05 7.785983406766988144e-07 -7.190432674573174865e-07 4.221061732363324246e-05 4.669800033633393629e-07 -2.239157341344041368e-08 2.638867465420040125e-07 7.718131709607321345e-05 -2.936638559714970622e-10 2.250499566071536382e-06 3.621990141309172975e-03 1.947401119537669744e-07 1.468266629112020480e-03 2.930265360264564531e-04 1.021523432909400071e-04 1.274846155539734187e-05 -1.636549356169686139e-04 5.251187566062120180e-04 3.480682461688174831e-05 5.168913862252034119e-04 3.188449472362223872e-05 1.137865082446488929e-03 1.836217190515643531e-05 6.907020989296402146e-06 7.477100135937340548e-07 9.098569343035534259e-05 9.061995989055725845e-07 4.491716205776070833e-05 7.674631987909434562e-07
8.589467412083688167e-06 8.763500008446438097e-06 1.796677451478877080e-05 -2.449316991162216876e-06 -1.170889771458934837e-04 -1.008488126040882061e-04 2.227582030419359975e-06 -2.807172924557887352e-05 3.725483555454833727e-06 2.176910338932769236e-07 8.664654175439448871e-06 9.125113031895417626e-06 -1.205001962714637012e-10 1.460177963024992863e-05 4.336075017056302441e-04 1.027767279317433062e-07 1.223651757361954480e-03 3.623185729511258434e-05 1.274846155539734187e-05 7.866979126014597877e-06 4.109524701798656547e-04 6.636478493174372451e-05 3.756232447569683650e-06 6.452978939658200156e-05 4.019377618996134382e-06 1.023587668197717952e-04 7.874843533442743932e-07 6.975677334960068775e-07 7.898147189786587618e-07 2.299939638819095214e-05 1.010006435189830051e-06 5.447095880948438245e-06 8.827519373202045785e-07
5.871999995612081635e-04 5.995348769259583720e-04 1.229156053646569303e-03 -2.077999493372939912e-04 -8.273927375102503243e-03 -6.946219455853503387e-03 1.619734853664415801e-04 -2.444737424271114113e-03 2.505666026866602077e-04 1.524624138999976477e-05 5.927726272586684910e-04 -1.709727048788421732e-04 -5.172955788751114805e-09 9.779235746930679905e-04 -7.065417900641348010e-03 5.083953877749302525e-06 6.882084646704081377e-02 -4.897880141542376850e-04 -1.636549356169686139e-04 4.109524701798656547e-04 2.992494474438774782e-02 -7.951638222666421348e-04 -9.852294952734870536e-05 -8.365631280194160517e-04 -5.079828595866712950e-05 -4.616487755269864726e-03 -1.357864556195079869e-04 -2.348412079841032100e-05 4.654997009505223938e-05 6.000652739795680861e-04 5.966577160235615176e-05 -9.012367071979998970e-05 5.273312081371109772e-05
1.904690405393168152e-03 1.948957652107563120e-03 3.995709681613807997e-03 5.106301482450515105e-05 2.927344863366659867e-04 1.899858195748865180e-05 -3.373512853586537559e-04 6.316723155469534598e-03 4.106110053663870928e-04 2.421654240281955733e-06 1.941098919658557683e-03 5.403899042903248517e-02 -2.108362694335576447e-07 2.022570178570958811e-03 7.099377392102460341e-03 1.080170240275447373e-06 3.049582972754914106e-02 1.491315731279802556e-03 5.251187566062120180e-04 6.636478493174372451e-05 -7.951638222666421348e-04 6.974966749827430160e-03 5.616162102836019712e-04 6.543701025558414618e-03 7.080649839969516308e-04 2.139018664365324382e-02 5.182109414406926157e-04 4.814214526615131530e-03 6.652927966385886998e-04 4.813262117073852098e-02 6.457752998176791636e-04 3.715388571291351749e-02 7.888366209279809148e-04
2.027553776903773654e-04 2.074423603261641260e-04 4.252936968160730860e-04 9.136140533250582883e-06 6.539975232175902319e-05 1.602873425981680343e-05 -3.767830204030720142e-05 7.480442728745845911e-04 4.378391564603532253e-05 1.814155625572240264e-07 2.060042142063507110e-04 3.533594466593261135e-03 -1.527105228220094267e-08 2.052107054432815035e-04 4.733293803620953165e-04 4.600385937946523241e-08 2.982772018314472189e-03 9.654133188005050998e-05 3.480682461688174831e-05 3.756232447569683650e-06 -9.852294952734870536e-05 5.616162102836019712e-04 4.901691954965776553e-05 5.285742226819691893e-04 6.225048503895521670e-05 1.897544928793195272e-03 4.976019470832504965e-05 3.138327554232253299e-04 4.994244961238955951e-05 3.158771179156909248e-03 4.954124432224064011e-05 2.422546908897155703e-03 5.870662079189895542e-05
1.811539498348887361e-03 1.853655721767630531e-03 3.800319106658470170e-03 4.796657062416186899e-05 2.868268307873173125e-04 2.933342143880506275e-05 -3.214103430585391508e-04 6.119980816832901356e-03 3.904492935253618549e-04 2.288081615395164660e-06 1.832741363142611612e-03 5.170253719548528748e-02 -2.015398212018949643e-07 1.924562315351067846e-03 7.312700327769209446e-03 1.052909535786737414e-06 2.924813206960606704e-02 1.469133841809544885e-03 5.168913862252034119e-04 6.452978939658200156e-05 -8.365631280194160517e-04 6.543701025558414618e-03 5.285742226819691893e-04 6.323814644856927056e-03 6.800979782321450859e-04 2.033751079705237164e-02 4.923208849851269317e-04 4.606200320690469370e-03 6.356393133302364485e-04 4.604366094340157922e-02 6.167846494515529703e-04 3.012785896909096067e-02 6.662311777538881992e-04
2.798027096084165170e-04 2.862991115504505218e-04 5.869635173080012562e-04 9.000274396069963138e-06 5.444449394901570505e-05 6.108898217157292178e-06 -5.012433326762013501e-05 8.743105590616425705e-04 5.990054085648953777e-05 3.075655666324661113e-07 2.830689441160985946e-04 6.171472543117046024e-03 -2.521659173296156977e-08 2.877020903103437617e-04 -1.972227563623067063e-04 5.593042464704001268e-08 3.769679800384337538e-03 8.802085305404061489e-05 3.188449472362223872e-05 4.019377618996134382e-06 -5.079828595866712950e-05 7.080649839969516308e-04 6.225048503895521670e-05 6.800979782321450859e-04 8.415650543613582802e-05 2.473769793305380382e-03 6.549910296415188443e-05 5.490319056248950174e-04 8.110779192014010847e-05 5.497820125220376219e-03 7.949815395057839031e-05 3.597813675524157498e-03 8.543345351469904111e-05
8.682240336702269287e-03 8.884403228203630390e-03 1.821459974664316542e-02 2.777612957683528016e-04 2.339844332271879927e-03 8.282409190591177080e-04 -1.562770439360614081e-03 2.912964934650277837e-02 1.859102266362297733e-03 9.323909305539656526e-06 8.801684746264901160e-03 1.400638455009801941e-01 -6.150067458621119840e-07 8.689216709308104913e-03 1.012731506842458676e-02 1.162093389108312972e-06 1.120582296556607294e-01 3.170072316432156426e-03 1.137865082446488929e-03 1.023587668197717952e-04 -4.616487755269864726e-03 2.139018664365324382e-02 1.897544928793195272e-03 2.033751079705237164e-02 2.473769793305380382e-03 7.495750363103395597e-02 1.996953489484527226e-03 1.243154067347848786e-02 2.032869120400226329e-03 1.243445999396981250e-01 2.015124340467145878e-03 8.873559874093707445e-02 2.269177134219914089e-03
2.657041388825086455e-04 2.718733557634722881e-04 5.573885788200575548e-04 1.101990112400743991e-05 9.221415347149875582e-05 3.226068709120831675e-05 -4.905573464053042615e-05 8.748261194357495824e-04 5.640868256744417474e-05 2.022040956504732368e-07 2.691248996794845375e-04 2.684651787070044694e-03 -1.362501679512732714e-08 2.571696556421267620e-04 6.128353893220038311e-05 -1.480017379542196823e-08 3.141054296894902655e-03 4.856568239129058234e-05 1.836217190515643531e-05 7.874843533442743932e-07 -1.357864556195079869e-04 5.182109414406926157e-04 4.976019470832504965e-05 4.923208849851269317e-04 6.549910296415188443e-05 1.996953489484527226e-03 5.667259789595655581e-05 2.370517718987049250e-04 4.714103490161940393e-05 2.386500788344444578e-03 4.780436607710071957e-05 1.696484509165387426e-03 5.261264641461543557e-05
-3.309138333842490560e-05 -3.386407214448469477e-05 -6.944843537480813514e-05 6.394521395371244521e-08 3.079867844493733570e-06 2.655192433092070767e-06 5.906876798036983201e-06 -2.239275199158906329e-05 -6.452423954324020291e-06 -2.804062121353362222e-08 -3.349219277242814440e-05 1.477895579847135765e-01 -4.813409815384414333e-07 6.553490832184956285e-04 -3.078558256858593412e-02 1.167010720233384189e-06 6.961771718677161463e-03 1.991544350414849439e-05 6.907020989296402146e-06 6.975677334960068775e-07 -2.348412079841032100e-05 4.814214526615131530e-03 3.138327554232253299e-04 4.606200320690469370e-03 5.490319056248950174e-04 1.243154067347848786e-02 2.370517718987049250e-04 1.323136670890541489e-02 1.387771336484635827e-03 1.318966363991472823e-01 1.285444660837808256e-03 8.598759914839612661e-02 1.419925401509188143e-03
1.402414646029706124e-04 1.435606184275200646e-04 2.943226241205582050e-04 -2.595597345597473939e-07 -1.289223027748664714e-05 -1.115664181584370813e-05 -2.567439012325203047e-05 9.501701007357679445e-05 2.755430048273214524e-05 9.837662586555300266e-08 1.419399877208518831e-04 1.552076127338984299e-02 -5.309747617725987705e-08 1.925402545195715391e-04 -3.251844413970523488e-03 9.529570734678785286e-08 1.721076065508212556e-03 2.092667612086800685e-06 7.477100135937340548e-07 7.898147189786587618e-07 4.654997009505223938e-05 6.652927966385886998e-04 4.994244961238955951e-05 6.356393133302364485e-04 8.110779192014010847e-05 2.032869120400226329e-03 4.714103490161940393e-05 1.387771336484635827e-03 1.575841881041446747e-04 1.380836260090861044e-02 1.478357564883441585e-04 9.034011385916163386e-03 1.624859144015336856e-04
-6.156419819153838508e-04 -6.510982744925809199e-04 -1.334867724567862738e-03 1.422363260608790463e-04 6.907395688141246010e-04 -6.792513693900233086e-05 7.276619902127329882e-05 2.329070206658520516e-03 -1.020137693859944226e-04 -9.891348090994949696e-07 -6.437531229556930999e-04 1.473194941401653413e+00 -4.794811114984895716e-06 6.326359388445091346e-03 -3.088478787842607320e-01 1.189566655602228004e-05 7.940025754332519226e-02 1.982652197848630386e-04 9.098569343035534259e-05 2.299939638819095214e-05 6.000652739795680861e-04 4.813262117073852098e-02 3.158771179156909248e-03 4.604366094340157922e-02 5.497820125220376219e-03 1.243445999396981250e-01 2.386500788344444578e-03 1.318966363991472823e-01 1.380836260090861044e-02 1.327571462658432067e+00 1.290705471443113171e-02 8.571741326496016278e-01 1.412629088209527151e-02
1.524480170106895570e-04 1.558563001480281561e-04 3.195331168706828820e-04 1.059085296119586625e-06 -7.989231033623163741e-06 -1.324177014786057046e-05 -2.827171024138610056e-05 1.293947127255958690e-04 3.012717178839513567e-05 1.021873294532136500e-07 1.540979964437001336e-04 1.437943180902032624e-02 -4.960896069600587249e-08 1.981447481254364706e-04 -3.034790013619222387e-03 8.599656951244452779e-08 1.863451645789801969e-03 1.933947800311261728e-06 9.061995989055725845e-07 1.010006435189830051e-06 5.966577160235615176e-05 6.457752998176791636e-04 4.954124432224064011e-05 6.167846494515529703e-04 7.949815395057839031e-05 2.015124340467145878e-03 4.780436607710071957e-05 1.285444660837808256e-03 1.478357564883441585e-04 1.290705471443113171e-02 1.401081386446682365e-04 8.370645058954693032e-03 1.526201843837892010e-04
-3.348671601007315588e-05 -3.427900877607352459e-05 -7.027806174918111999e-05 6.204206537492755836e-08 3.079299497915523688e-06 2.664514684967742738e-06 6.126882544038133362e-06 -2.268740834740881255e-05 -6.578207680053746658e-06 -2.360589476397762697e-08 3.629300580513365477e-04 9.604753566140329379e-01 -3.131381732854753661e-06 4.414500235848267153e-03 -2.001069626084867326e-01 7.552384274891956419e-06 4.648981391014529729e-02 1.294378256170260677e-04 4.491716205776070833e-05 5.447095880948438245e-06 -9.012367071979998970e-05 3.715388571291351749e-02 2.422546908897155703e-03 3.012785896909096067e-02 3.597813675524157498e-03 8.873559874093707445e-02 1.696484509165387426e-03 8.598759914839612661e-02 9.034011385916163386e-03 8.571741326496016278e-01 8.370645058954693032e-03 7.179520967002820386e-01 1.181172825621741931e-02
1.584310893228322269e-04 1.621795550112043740e-04 3.324969183323532454e-04 -2.935310828468008762e-07 -1.456866579351090980e-05 -1.260625150985108184e-05 -2.898727589246373663e-05 1.073378118248141254e-04 3.112256837283508217e-05 1.116833200587044168e-07 1.667571141436008375e-04 1.588243574131320904e-02 -5.459858655976702885e-08 2.098578070814077344e-04 -3.329724466916255711e-03 9.472603478111029360e-08 1.863884231368841517e-03 2.141667508653813349e-06 7.674631987909434562e-07 8.827519373202045785e-07 5.273312081371109772e-05 7.888366209279809148e-04 5.870662079189895542e-05 6.662311777538881992e-04 8.543345351469904111e-05 2.269177134219914089e-03 5.261264641461543557e-05 1.419925401509188143e-03 1.624859144015336856e-04 1.412629088209527151e-02 1.526201843837892010e-04 1.181172825621741931e-02 2.091069583070157727e-04
