par.Ct_1S0np = -0.150622532143627
par.Ct_1S0pp = -0.148913834270203
par.C_1S0 = 1.69350481093600
par.Ct_3S1 = -0.184312039709438
par.C_3S1 = -0.217899794020048
par.C_3S1-3D1 = 0.263422413165984
par.C_3P0 = 1.29979117865505
par.C_1P1 = 1.02509005037230
par.C_3P1 = -0.336126655491496
par.C_3P2 = -0.202925280977147
par.Ct_1S0nn = -0.149910259097322
par.Ct_1S0np = -0.150540527016163
par.Ct_1S0pp = -0.148793801874871
par.C_1S0 = 1.70213993228958
par.Ct_3S1 = -0.184243635637210
par.C_3S1 = -0.214164115824375
par.C_3S1-3D1 = 0.261031713434899
par.C_3P0 = 1.30334751455602
par.C_1P1 = 1.04910772252136
par.C_3P1 = -0.336931028885102
par.C_3P2 = -0.205173910078779
par.Ct_1S0nn = -0.149815742130789
