par.Ct_1S0np = -0.150622532143627
par.Ct_1S0pp = -0.148913834270203
par.C_1S0 = 1.69350481093600
par.Ct_3S1 = -0.184312039709438
par.C_3S1 = -0.217899794020048
par.C_3S1-3D1 = 0.263422413165984
par.C_3P0 = 1.29979117865505
par.C_1P1 = 1.02509005037230
par.C_3P1 = -0.336126655491496
par.C_3P2 = -0.202925280977147
par.Ct_1S0nn = -0.149910259097322
par.Ct_1S0np = -0.154176676900964
par.Ct_1S0pp = -0.152752597140137
par.C_1S0 = 1.65183031739892
par.Ct_3S1 = -0.186702292811786
par.C_3S1 = -0.242367294613723
par.C_3S1-3D1 = 0.249373204444369
par.C_3P0 = 1.27439987754013
par.C_1P1 = 0.972017076225278
par.C_3P1 = -0.338578057488952
par.C_3P2 = -0.219100256371956
par.Ct_1S0nn = -0.153588196011275
par.Ct_1S0np = -0.154616227026115
par.Ct_1S0pp = -0.152947659054546
par.C_1S0 = 1.70700544590598
par.Ct_3S1 = -0.175581909320643
par.C_3S1 = -0.291629667626516
par.C_3S1-3D1 = 0.132452517990492
par.C_3P0 = 1.27631260107050
par.C_1P1 = 1.10408750211780
par.C_3P1 = -0.361046847101794
par.C_3P2 = -0.245460853181919
par.Ct_1S0nn = -0.153937765703444
par.Ct_1S0np = -0.154570443475548
par.Ct_1S0pp = -0.152939842893574
par.C_1S0 = 1.69896548386757
par.Ct_3S1 = -0.176145868569834
par.C_3S1 = -0.290440164487081
par.C_3S1-3D1 = 0.138455114092217
par.C_3P0 = 1.27778802819282
par.C_1P1 = 1.09658493868934
par.C_3P1 = -0.348319719537072
par.C_3P2 = -0.242568425169314
par.Ct_1S0nn = -0.153907177823632
