par.Ct_1S0np = -0.150622532143627
par.Ct_1S0pp = -0.148913834270203
par.C_1S0 = 1.69350481093600
par.Ct_3S1 = -0.184312039709438
par.C_3S1 = -0.217899794020048
par.C_3S1-3D1 = 0.263422413165984
par.C_3P0 = 1.29979117865505
par.C_1P1 = 1.02509005037230
par.C_3P1 = -0.336126655491496
par.C_3P2 = -0.202925280977147
par.Ct_1S0nn = -0.149910259097322
par.Ct_1S0np = -0.143086600258764
par.Ct_1S0pp = -0.140932189494627
par.C_1S0 = 1.75729375567084
par.Ct_3S1 = -0.180614027010471
par.C_3S1 = -0.168184237582468
par.C_3S1-3D1 = 0.284850547612321
par.C_3P0 = 1.33135902124827
par.C_1P1 = 1.10308640504241
par.C_3P1 = -0.331234092258718
par.C_3P2 = -0.188216920670028
par.Ct_1S0nn = -0.142170775322664
par.Ct_1S0np = -0.141810976535737
par.Ct_1S0pp = -0.139508420349258
par.C_1S0 = 1.78721356050087
par.Ct_3S1 = -0.172061259651809
par.C_3S1 = -0.223551091628844
par.C_3S1-3D1 = 0.197726431580068
par.C_3P0 = 1.36174585023023
par.C_1P1 = 1.21653802856441
par.C_3P1 = -0.380370830835244
par.C_3P2 = -0.200312093441648
par.Ct_1S0nn = -0.140842809872410
par.Ct_1S0np = -0.141908216409805
par.Ct_1S0pp = -0.139617315836630
par.C_1S0 = 1.78503923924641
par.Ct_3S1 = -0.172300668917379
par.C_3S1 = -0.222662766708049
par.C_3S1-3D1 = 0.199961669695979
par.C_3P0 = 1.35878155459307
par.C_1P1 = 1.22055303214584
par.C_3P1 = -0.371372307381295
par.C_3P2 = -0.199531853581755
par.Ct_1S0nn = -0.140944689691705
