8.226852625301162801e-09 9.826424774366521037e-09 6.774697649502341529e-07 8.632076884224837379e-09 1.104505934846230320e-08 -1.182855749192317008e-07 -2.119032120310067691e-07 5.321422078898048929e-07 2.893463651632435012e-07 -1.871575972237754651e-09 7.822470322855170588e-09 -2.233773480186208224e-07 -4.002904223087432826e-11 2.938087494161060809e-06 -1.155420193446351282e-06 -4.471639768280668377e-10 1.998060325779982190e-05 6.798146164666823559e-11 8.287314370304657054e-09 1.553032571984986675e-08 6.654198529763994733e-07 1.538319286157133536e-06 1.457062096819923213e-07 1.495751118571141679e-06 2.074884813777032765e-07 7.622727107118498275e-06 2.094791550317080951e-07 -5.453187859356852438e-08 2.300714553859078191e-07 4.028980652764606900e-06 2.990048571236013840e-07 -5.684628298402812092e-08 2.605261103682353862e-07
9.826424774366521037e-09 1.585734348586664610e-08 1.092513668119259220e-06 1.613701909434019398e-08 -1.279371004627274103e-07 -1.630494115694509877e-07 -3.298395774091963708e-07 5.457641603511861471e-07 4.603452024057431039e-07 -2.613640720325100577e-09 1.261481499001558232e-08 -3.308465397920590993e-07 -6.361655881859971164e-11 4.718672707028352330e-06 -5.422916598781737994e-07 -8.069924386981867027e-10 2.538832732550960425e-05 2.025192062561284467e-11 -6.172596279902027837e-10 1.806923768339806742e-08 8.636849139145515281e-07 2.205821527462583296e-06 2.012906977681601625e-07 2.154733968836259396e-06 2.989052321816433402e-07 1.110490594153838137e-05 3.009568655136904096e-07 -8.533427616722588689e-08 3.712979185678800187e-07 -1.811286466525367057e-06 4.003253461472609039e-07 -9.167249131241755068e-08 4.201343752959249683e-07
6.774697649502341529e-07 1.092513668119259220e-06 7.532209235811401706e-05 1.112779362970231405e-06 -8.822960639536943611e-06 -1.124333442856098605e-05 -2.272502062703229871e-05 3.762973335372783007e-05 3.173100893240608257e-05 -1.786699181692890816e-07 8.697138420191859688e-07 -2.482532464301639841e-05 -4.377979816012610017e-09 3.252836628104712716e-04 -3.739252991384200438e-05 -5.557366067714044149e-08 1.750211044438208319e-03 1.398530112696605904e-09 -4.263494270894972783e-08 1.245973586620198494e-06 5.955646326120307720e-05 1.520805058423511274e-04 1.387782352416726839e-05 1.485060539542964520e-04 2.060305368420555823e-05 7.655509219362637008e-04 2.074812890005450132e-05 -6.063605864952494422e-06 2.557961431883374841e-05 -1.248812443303460207e-04 2.759992707879215705e-05 -6.320253978349839850e-06 2.896567900457952977e-05
8.632076884224837379e-09 1.613701909434019398e-08 1.112779362970231405e-06 2.855818380750160765e-06 -2.325518361484332780e-05 -2.861474728689333984e-05 6.529369893772610155e-07 -2.568391067616010366e-06 1.819349306553001149e-06 2.728429186813795579e-07 1.284881480040625186e-08 -2.606018740035391810e-07 -4.900543816404669547e-11 1.446034811684423849e-05 -1.761227313342326128e-05 3.902614410682344874e-08 1.157557916258569535e-04 7.586070988080665228e-09 -1.742859003323536371e-07 3.152586069608192390e-06 1.512735158218940414e-04 3.311255831927846174e-05 2.171758775204481552e-06 3.141066273199656585e-05 3.337064562053081203e-06 1.894498325927408537e-04 3.570770826720530717e-06 -9.038504190570070064e-08 3.778182106989482379e-07 -5.169327222845201306e-06 3.749967183743923898e-07 -9.337297963525028047e-08 4.279277011778868908e-07
1.104505934846230320e-08 -1.279371004627274103e-07 -8.822960639536943611e-06 -2.325518361484332780e-05 2.277740567753560957e-04 2.179769556711654553e-04 -7.390251196967402882e-06 8.788463557998385338e-05 -1.249407392869423733e-05 -2.373357823439109089e-06 -1.018751704256010600e-07 2.040244588875456333e-06 1.551311239802868006e-10 -1.029123998813757132e-04 2.826169651545819804e-04 -2.868237493941818341e-07 8.449461039894633728e-04 -1.848302854269897020e-07 5.532389928545290649e-06 -2.284154679574016978e-05 -1.133385247572845462e-03 -2.145586357600833330e-04 -8.963653836549288244e-06 -2.047179979992238554e-04 -1.876066539219476976e-05 -1.243401959245305031e-03 -1.866632347504548655e-05 7.189065281148184676e-07 -2.995390147775017029e-06 2.329407220938739553e-04 -1.082003333285773982e-06 7.403319575581867889e-07 -3.392936092903643764e-06
-1.182855749192317008e-07 -1.630494115694509877e-07 -1.124333442856098605e-05 -2.861474728689333984e-05 2.179769556711654553e-04 2.926018700833593372e-04 -5.730803739700235734e-06 -4.808692007877516528e-07 -1.913825484671335516e-05 -2.674491700433039177e-06 -1.298222510399631137e-07 2.643265602629534486e-06 5.865128391599541541e-10 -1.507007257469800132e-04 1.220417186522882108e-04 -4.031564453007823921e-07 -1.859646616577540932e-03 -1.988132775308039304e-08 1.386954995513135447e-07 -3.269614984552222090e-05 -1.554282152127861236e-03 -3.533291789269327773e-04 -2.517420704165302758e-05 -3.347036552769340023e-04 -3.672984659064281761e-05 -2.015395543648465342e-03 -3.985401735495502625e-05 9.123483997269774119e-07 -3.817505164892806578e-06 -2.279811772052822859e-05 -4.528127896191792268e-06 9.434247898236919697e-07 -4.323709097862739548e-06
-2.119032120310067691e-07 -3.298395774091963708e-07 -2.272502062703229871e-05 6.529369893772610155e-07 -7.390251196967402882e-06 -5.730803739700235734e-06 8.188934437260355509e-05 -8.765004400408522948e-06 -2.449302788824637002e-05 2.590353371835970436e-06 -2.623966538998092960e-07 9.097944147780452677e-06 6.742898478599732738e-09 -2.494407142511213251e-05 -6.593540571027575534e-06 5.267854066984222662e-07 -5.040088796267822371e-04 7.111236142088791636e-09 -2.623269023001015288e-07 5.679655511096220289e-07 2.927278186083898123e-05 -3.034554711387750956e-05 -3.516344327291221018e-06 -3.005441015990701207e-05 -4.772595440296100937e-06 -1.488053343269027059e-04 -5.130967441552996929e-06 1.775934126007157567e-06 -7.723149165209988100e-06 1.954725951041341720e-05 -8.505652610937821729e-06 1.906849604538493836e-06 -8.739078167471504279e-06
5.321422078898048929e-07 5.457641603511861471e-07 3.762973335372783007e-05 -2.568391067616010366e-06 8.788463557998385338e-05 -4.808692007877516528e-07 -8.765004400408522948e-06 4.351677152970863383e-03 -2.182626019191381540e-05 -1.224111769286507709e-06 4.344953644360975045e-07 -1.363451173748981647e-05 -4.145307502204527796e-10 -1.125571168515564528e-04 3.161858435760996218e-04 -6.951350845664771567e-08 3.284656451881360489e-02 -2.030994487922858412e-07 7.335374377541474085e-06 2.100464443010695829e-06 3.560484282325621395e-05 2.346979920222231762e-04 3.173987431045894041e-05 2.320826320016207878e-04 2.868809560909716769e-05 1.093450444771248194e-03 3.088509090960886769e-05 -3.038506648316639318e-06 1.277819664413734810e-05 4.053553282664079638e-04 1.839699947281876237e-05 -3.157499539476355626e-06 1.447079791901962510e-05
2.893463651632435012e-07 4.603452024057431039e-07 3.173100893240608257e-05 1.819349306553001149e-06 -1.249407392869423733e-05 -1.913825484671335516e-05 -2.449302788824637002e-05 -2.182626019191381540e-05 1.198490065357610246e-04 6.120723748911302282e-06 3.663851710138420468e-07 -6.650700646864953336e-06 -7.162430452364036475e-09 8.462568331591531967e-04 -2.654345471813804129e-05 6.599600479079580154e-08 3.468577907798906824e-03 -2.859503543112631377e-09 1.374656836099496791e-07 2.179453217167083252e-06 1.023215652704247727e-04 9.924539959646797808e-05 8.683470972274321049e-06 9.631710754560557895e-05 1.226635219194813215e-05 4.982970727754313820e-04 1.199291635771175323e-05 -2.530233330463726321e-06 1.077850897967349609e-05 -4.307462993205735748e-05 1.172098438552167880e-05 -2.662539358155429452e-06 1.220239893041832287e-05
-1.871575972237754651e-09 -2.613640720325100577e-09 -1.786699181692890816e-07 2.728429186813795579e-07 -2.373357823439109089e-06 -2.674491700433039177e-06 2.590353371835970436e-06 -1.224111769286507709e-06 6.120723748911302282e-06 2.575748516134722691e-06 -2.063029532497134848e-09 7.176902315749049324e-07 2.934979612571942599e-11 1.773220861509978625e-05 -4.278488693763148894e-06 -2.574327709393741623e-08 7.608259809630571165e-05 1.215302781864606247e-09 -3.288299537759225216e-08 2.900258568789584259e-07 1.406401430618356173e-05 4.186842620794804370e-06 2.529132338237963795e-07 4.003493956525085433e-06 3.767383609925432589e-07 2.184614035900827415e-05 3.256765034251157866e-07 9.084580510546108022e-09 -6.123782805034678500e-08 -3.426748904300306741e-07 -7.176407056873815062e-08 1.499213877054312306e-08 -6.870886529360464493e-08
7.822470322855170588e-09 1.261481499001558232e-08 8.697138420191859688e-07 1.284881480040625186e-08 -1.018751704256010600e-07 -1.298222510399631137e-07 -2.623966538998092960e-07 4.344953644360975045e-07 3.663851710138420468e-07 -2.063029532497134848e-09 7.450262849987644356e-08 -2.866480178484512467e-07 -5.055076839825211584e-11 3.755919349450904119e-06 -4.317564719201748838e-07 -6.416866609704548027e-10 2.020898151057258583e-05 1.614826353615031278e-11 -4.922884995198076962e-10 1.438675481718934548e-08 6.876744771468847814e-07 6.420118674085770907e-06 4.077062589272884398e-07 1.714739549900279628e-06 2.378951568661206599e-07 1.558664198985133814e-05 3.392180103990876435e-07 -7.001401299667703844e-08 2.953574967199560237e-07 -1.441953395111466517e-06 3.186852338756077851e-07 1.010273551828627154e-04 2.019132616739490272e-06
-2.233773480186208224e-07 -3.308465397920590993e-07 -2.482532464301639841e-05 -2.606018740035391810e-07 2.040244588875456333e-06 2.643265602629534486e-06 9.097944147780452677e-06 -1.363451173748981647e-05 -6.650700646864953336e-06 7.176902315749049324e-07 -2.866480178484512467e-07 4.882154768207353076e-04 -2.049181734006253362e-10 -6.846328507412787617e-05 -6.809695246136332611e-05 3.327253006271402688e-08 -4.395864743298214623e-04 4.165100745963656887e-07 1.534398404078773650e-07 -2.743890426576609207e-07 -1.430044186479884836e-05 -2.927236438036881112e-05 -3.404374994936452198e-06 -2.669692739507048722e-05 -4.690809738224684393e-06 -1.803000176957228083e-04 -5.713969869684532767e-06 4.482644023640017120e-05 -3.298746705426791295e-06 3.929361904693953354e-04 -4.975321890745862517e-06 2.349045440704941145e-04 -5.004203495923333631e-06
-4.002904223087432826e-11 -6.361655881859971164e-11 -4.377979816012610017e-09 -4.900543816404669547e-11 1.551311239802868006e-10 5.865128391599541541e-10 6.742898478599732738e-09 -4.145307502204527796e-10 -7.162430452364036475e-09 2.934979612571942599e-11 -5.055076839825211584e-11 -2.049181734006253362e-10 8.313403970885851596e-13 -4.496777996743088048e-08 1.582166049654880095e-09 2.928426836032007156e-11 -2.174406702672184225e-07 -9.521846054851791538e-13 -2.369550323469271905e-11 -7.214729579214394316e-11 -3.219994085613741196e-09 -9.264908880855213748e-09 -8.795155229825884792e-10 -9.057602676519526912e-09 -1.251528044394265767e-09 -4.618346788993851181e-08 -1.263992405373948458e-09 2.037881819368665501e-10 -1.504530170120193589e-09 4.495888314180615474e-09 -1.633633697999929612e-09 -4.182647657470108778e-10 -1.698913343907659601e-09
2.938087494161060809e-06 4.718672707028352330e-06 3.252836628104712716e-04 1.446034811684423849e-05 -1.029123998813757132e-04 -1.507007257469800132e-04 -2.494407142511213251e-05 -1.125571168515564528e-04 8.462568331591531967e-04 1.773220861509978625e-05 3.755919349450904119e-06 -6.846328507412787617e-05 -4.496777996743088048e-08 7.005326067339419718e-03 -2.383644499927354806e-04 2.425008349434766528e-06 2.817944266198745343e-02 7.347674204828124254e-08 7.359235883919965053e-07 1.706068544365466478e-05 8.039558141636608292e-04 9.171155566636795924e-04 8.033615624762758644e-05 8.908040095666444917e-04 1.156449799824430332e-04 4.605327622724406968e-03 1.133717592452288848e-04 -2.488513867109369473e-05 1.106244690368387499e-04 -4.979572722827185511e-04 1.196208904812692174e-04 -1.973776025448055585e-05 1.252377252506508426e-04
-1.155420193446351282e-06 -5.422916598781737994e-07 -3.739252991384200438e-05 -1.761227313342326128e-05 2.826169651545819804e-04 1.220417186522882108e-04 -6.593540571027575534e-06 3.161858435760996218e-04 -2.654345471813804129e-05 -4.278488693763148894e-06 -4.317564719201748838e-07 -6.809695246136332611e-05 1.582166049654880095e-09 -2.383644499927354806e-04 3.353685934278468304e-03 -2.232800651333756301e-08 5.269139687129853825e-03 1.645653093707115378e-04 7.391648564225712333e-05 -1.532151422168523440e-06 -6.883298618747947344e-04 2.195525312479432341e-04 2.798580070656142235e-05 2.138928935562719753e-04 1.406784948892571824e-05 2.537882759764886406e-04 1.402096452543365805e-05 -4.022632756874640353e-06 -1.356083291585821114e-05 -1.985246551047404728e-03 -3.400472952834660868e-05 -4.268095673610097215e-05 -1.527354197105213770e-05
-4.471639768280668377e-10 -8.069924386981867027e-10 -5.557366067714044149e-08 3.902614410682344874e-08 -2.868237493941818341e-07 -4.031564453007823921e-07 5.267854066984222662e-07 -6.951350845664771567e-08 6.599600479079580154e-08 -2.574327709393741623e-08 -6.416866609704548027e-10 3.327253006271402688e-08 2.928426836032007156e-11 2.425008349434766528e-06 -2.232800651333756301e-08 5.814132156539822193e-09 8.928041602894906231e-06 9.049604355030653162e-09 4.110094429665827207e-09 4.578408069801688326e-08 2.140474137603511161e-06 4.590024614404002235e-07 3.035116209715786564e-08 4.313532206938553390e-07 4.317164638574717926e-08 2.563693628530163726e-06 4.489909110071920194e-08 4.745126030994855528e-09 -1.883605086910498484e-08 2.242304921683622787e-07 -1.905331148914861159e-08 7.860873855505291007e-09 -2.130888039368767624e-08
1.998060325779982190e-05 2.538832732550960425e-05 1.750211044438208319e-03 1.157557916258569535e-04 8.449461039894633728e-04 -1.859646616577540932e-03 -5.040088796267822371e-04 3.284656451881360489e-02 3.468577907798906824e-03 7.608259809630571165e-05 2.020898151057258583e-05 -4.395864743298214623e-04 -2.174406702672184225e-07 2.817944266198745343e-02 5.269139687129853825e-03 8.928041602894906231e-06 4.136240228470471347e-01 2.895499406761467184e-06 1.873031299236427457e-04 2.598479898298819662e-04 1.070847044661557210e-02 8.291811945876760223e-03 9.151110924687760450e-04 7.987050337667261218e-03 1.066409975717307014e-03 4.231390289685742212e-02 1.144327691813310953e-03 -1.364495058534702712e-04 5.949128695510637072e-04 7.372936575369038077e-03 7.426241594188094219e-04 -1.215252387459729556e-04 6.735511628230884430e-04
6.798146164666823559e-11 2.025192062561284467e-11 1.398530112696605904e-09 7.586070988080665228e-09 -1.848302854269897020e-07 -1.988132775308039304e-08 7.111236142088791636e-09 -2.030994487922858412e-07 -2.859503543112631377e-09 1.215302781864606247e-09 1.614826353615031278e-11 4.165100745963656887e-07 -9.521846054851791538e-13 7.347674204828124254e-08 1.645653093707115378e-04 9.049604355030653162e-09 2.895499406761467184e-06 1.316558849374700288e-05 4.606895255687311477e-06 6.092348192082353416e-07 -8.874895693474356114e-06 2.604194148203313252e-05 1.378237988159276227e-06 2.566896953398993897e-05 1.283073374146263132e-06 6.019476560686494009e-05 6.433677456700655786e-07 3.705041339006492589e-08 5.029754895601237796e-09 5.189999813553418217e-07 6.093321965506791405e-09 2.414809638413088194e-07 5.251622323044697671e-09
8.287314370304657054e-09 -6.172596279902027837e-10 -4.263494270894972783e-08 -1.742859003323536371e-07 5.532389928545290649e-06 1.386954995513135447e-07 -2.623269023001015288e-07 7.335374377541474085e-06 1.374656836099496791e-07 -3.288299537759225216e-08 -4.922884995198076962e-10 1.534398404078773650e-07 -2.369550323469271905e-11 7.359235883919965053e-07 7.391648564225712333e-05 4.110094429665827207e-09 1.873031299236427457e-04 4.606895255687311477e-06 2.072833583605685560e-06 3.248104738133068250e-07 -1.832091554701014700e-06 1.304934168033420123e-05 1.293034943074465170e-06 1.258902310766835574e-05 1.154111238018400302e-06 4.178151702748081120e-05 1.131303727822849884e-06 1.674916624611152074e-08 -1.285140409494611688e-08 2.114617806973015515e-05 1.921803057093487068e-07 8.835540176237271704e-08 -1.474149322315525150e-08
1.553032571984986675e-08 1.806923768339806742e-08 1.245973586620198494e-06 3.152586069608192390e-06 -2.284154679574016978e-05 -3.269614984552222090e-05 5.679655511096220289e-07 2.100464443010695829e-06 2.179453217167083252e-06 2.900258568789584259e-07 1.438675481718934548e-08 -2.743890426576609207e-07 -7.214729579214394316e-11 1.706068544365466478e-05 -1.532151422168523440e-06 4.578408069801688326e-08 2.598479898298819662e-04 6.092348192082353416e-07 3.248104738133068250e-07 3.717105346266550332e-06 1.738343473757125756e-04 4.182425650839156526e-05 3.105116850684470023e-06 3.963168636766959622e-05 4.364244862406281018e-06 2.340109918547043162e-04 4.740077339739275752e-06 -9.931329478649544136e-08 4.232700937437825667e-07 8.393716303493747521e-06 5.596298468364670182e-07 -9.334743944822423908e-08 4.793671030098667792e-07
6.654198529763994733e-07 8.636849139145515281e-07 5.955646326120307720e-05 1.512735158218940414e-04 -1.133385247572845462e-03 -1.554282152127861236e-03 2.927278186083898123e-05 3.560484282325621395e-05 1.023215652704247727e-04 1.406401430618356173e-05 6.876744771468847814e-07 -1.430044186479884836e-05 -3.219994085613741196e-09 8.039558141636608292e-04 -6.883298618747947344e-04 2.140474137603511161e-06 1.070847044661557210e-02 -8.874895693474356114e-06 -1.832091554701014700e-06 1.738343473757125756e-04 8.271535040362279489e-03 1.877400948916286248e-03 1.364437800395506737e-04 1.777209557094287448e-03 1.974485224777453106e-04 1.076126124803670168e-02 2.153806024753543696e-04 -4.857172117161219407e-06 2.021849022523722350e-05 2.143445517434472013e-04 2.490728116600163141e-05 -5.163297603043759481e-06 2.289964986375211806e-05
1.538319286157133536e-06 2.205821527462583296e-06 1.520805058423511274e-04 3.311255831927846174e-05 -2.145586357600833330e-04 -3.533291789269327773e-04 -3.034554711387750956e-05 2.346979920222231762e-04 9.924539959646797808e-05 4.186842620794804370e-06 6.420118674085770907e-06 -2.927236438036881112e-05 -9.264908880855213748e-09 9.171155566636795924e-04 2.195525312479432341e-04 4.590024614404002235e-07 8.291811945876760223e-03 2.604194148203313252e-05 1.304934168033420123e-05 4.182425650839156526e-05 1.877400948916286248e-03 1.120038915081161303e-03 8.324872664081635148e-05 7.507444369573253781e-04 8.995816076550375534e-05 4.553001983371484165e-03 1.012293686953866559e-04 -1.058003495075160311e-05 5.185095490588818076e-05 1.760307524801092900e-04 5.997494267268091417e-05 7.314493494864277197e-03 1.806037795863044658e-04
1.457062096819923213e-07 2.012906977681601625e-07 1.387782352416726839e-05 2.171758775204481552e-06 -8.963653836549288244e-06 -2.517420704165302758e-05 -3.516344327291221018e-06 3.173987431045894041e-05 8.683470972274321049e-06 2.529132338237963795e-07 4.077062589272884398e-07 -3.404374994936452198e-06 -8.795155229825884792e-10 8.033615624762758644e-05 2.798580070656142235e-05 3.035116209715786564e-08 9.151110924687760450e-04 1.378237988159276227e-06 1.293034943074465170e-06 3.105116850684470023e-06 1.364437800395506737e-04 8.324872664081635148e-05 7.050848500812310176e-06 6.258949038149958758e-05 7.993948478198870328e-06 3.671335871342565338e-04 8.924710327462920609e-06 -1.025959881344197610e-06 4.724137535460228265e-06 2.833078056332693416e-05 5.592664735170129450e-06 3.875787168303322021e-04 1.181639501941984363e-05
1.495751118571141679e-06 2.154733968836259396e-06 1.485060539542964520e-04 3.141066273199656585e-05 -2.047179979992238554e-04 -3.347036552769340023e-04 -3.005441015990701207e-05 2.320826320016207878e-04 9.631710754560557895e-05 4.003493956525085433e-06 1.714739549900279628e-06 -2.669692739507048722e-05 -9.057602676519526912e-09 8.908040095666444917e-04 2.138928935562719753e-04 4.313532206938553390e-07 7.987050337667261218e-03 2.566896953398993897e-05 1.258902310766835574e-05 3.963168636766959622e-05 1.777209557094287448e-03 7.507444369573253781e-04 6.258949038149958758e-05 7.205986809649355101e-04 8.629665758406408001e-05 3.891666566118370287e-03 9.003137336785519372e-05 -1.015862208919730066e-05 5.065040838113539083e-05 1.563225040570778951e-04 5.841173313197931932e-05 -1.905510375016923353e-06 5.731507298831495922e-05
2.074884813777032765e-07 2.989052321816433402e-07 2.060305368420555823e-05 3.337064562053081203e-06 -1.876066539219476976e-05 -3.672984659064281761e-05 -4.772595440296100937e-06 2.868809560909716769e-05 1.226635219194813215e-05 3.767383609925432589e-07 2.378951568661206599e-07 -4.690809738224684393e-06 -1.251528044394265767e-09 1.156449799824430332e-04 1.406784948892571824e-05 4.317164638574717926e-08 1.066409975717307014e-03 1.283073374146263132e-06 1.154111238018400302e-06 4.364244862406281018e-06 1.974485224777453106e-04 8.995816076550375534e-05 7.993948478198870328e-06 8.629665758406408001e-05 1.090443278445824362e-05 4.738446725658624443e-04 1.153208796940772605e-05 -1.490367108696533472e-06 7.017209992438329549e-06 2.090134566521008709e-05 8.094732751472821081e-06 -7.398438871893683546e-07 7.942355139291119691e-06
7.622727107118498275e-06 1.110490594153838137e-05 7.655509219362637008e-04 1.894498325927408537e-04 -1.243401959245305031e-03 -2.015395543648465342e-03 -1.488053343269027059e-04 1.093450444771248194e-03 4.982970727754313820e-04 2.184614035900827415e-05 1.558664198985133814e-05 -1.803000176957228083e-04 -4.618346788993851181e-08 4.605327622724406968e-03 2.537882759764886406e-04 2.563693628530163726e-06 4.231390289685742212e-02 6.019476560686494009e-05 4.178151702748081120e-05 2.340109918547043162e-04 1.076126124803670168e-02 4.553001983371484165e-03 3.671335871342565338e-04 3.891666566118370287e-03 4.738446725658624443e-04 2.239673404982804247e-02 5.115809585720580786e-04 -5.621746514063228321e-05 2.606429246219061691e-04 5.621813304507211791e-04 2.986556540479245363e-04 1.055309783184159647e-02 4.714106632489796240e-04
2.094791550317080951e-07 3.009568655136904096e-07 2.074812890005450132e-05 3.570770826720530717e-06 -1.866632347504548655e-05 -3.985401735495502625e-05 -5.130967441552996929e-06 3.088509090960886769e-05 1.199291635771175323e-05 3.256765034251157866e-07 3.392180103990876435e-07 -5.713969869684532767e-06 -1.263992405373948458e-09 1.133717592452288848e-04 1.402096452543365805e-05 4.489909110071920194e-08 1.144327691813310953e-03 6.433677456700655786e-07 1.131303727822849884e-06 4.740077339739275752e-06 2.153806024753543696e-04 1.012293686953866559e-04 8.924710327462920609e-06 9.003137336785519372e-05 1.153208796940772605e-05 5.115809585720580786e-04 1.248011258678434983e-05 -1.586681802781624470e-06 7.056315584575238167e-06 2.160806132868078850e-05 8.155916677390496119e-06 1.550779341046230170e-04 1.059348185916721683e-05
-5.453187859356852438e-08 -8.533427616722588689e-08 -6.063605864952494422e-06 -9.038504190570070064e-08 7.189065281148184676e-07 9.123483997269774119e-07 1.775934126007157567e-06 -3.038506648316639318e-06 -2.530233330463726321e-06 9.084580510546108022e-09 -7.001401299667703844e-08 4.482644023640017120e-05 2.037881819368665501e-10 -2.488513867109369473e-05 -4.022632756874640353e-06 4.745126030994855528e-09 -1.364495058534702712e-04 3.705041339006492589e-08 1.674916624611152074e-08 -9.931329478649544136e-08 -4.857172117161219407e-06 -1.058003495075160311e-05 -1.025959881344197610e-06 -1.015862208919730066e-05 -1.490367108696533472e-06 -5.621746514063228321e-05 -1.586681802781624470e-06 4.311501658487919790e-06 -1.601094150477722524e-06 4.147765004485869637e-05 -1.853764011056803236e-06 2.128427195593055854e-05 -1.926456588883087505e-06
2.300714553859078191e-07 3.712979185678800187e-07 2.557961431883374841e-05 3.778182106989482379e-07 -2.995390147775017029e-06 -3.817505164892806578e-06 -7.723149165209988100e-06 1.277819664413734810e-05 1.077850897967349609e-05 -6.123782805034678500e-08 2.953574967199560237e-07 -3.298746705426791295e-06 -1.504530170120193589e-09 1.106244690368387499e-04 -1.356083291585821114e-05 -1.883605086910498484e-08 5.949128695510637072e-04 5.029754895601237796e-09 -1.285140409494611688e-08 4.232700937437825667e-07 2.021849022523722350e-05 5.185095490588818076e-05 4.724137535460228265e-06 5.065040838113539083e-05 7.017209992438329549e-06 2.606429246219061691e-04 7.056315584575238167e-06 -1.601094150477722524e-06 8.741955357590980031e-06 -3.855896228087121660e-05 9.418131023682570563e-06 3.998378341160966023e-07 9.886512737499224339e-06
4.028980652764606900e-06 -1.811286466525367057e-06 -1.248812443303460207e-04 -5.169327222845201306e-06 2.329407220938739553e-04 -2.279811772052822859e-05 1.954725951041341720e-05 4.053553282664079638e-04 -4.307462993205735748e-05 -3.426748904300306741e-07 -1.441953395111466517e-06 3.929361904693953354e-04 4.495888314180615474e-09 -4.979572722827185511e-04 -1.985246551047404728e-03 2.242304921683622787e-07 7.372936575369038077e-03 5.189999813553418217e-07 2.114617806973015515e-05 8.393716303493747521e-06 2.143445517434472013e-04 1.760307524801092900e-04 2.833078056332693416e-05 1.563225040570778951e-04 2.090134566521008709e-05 5.621813304507211791e-04 2.160806132868078850e-05 4.147765004485869637e-05 -3.855896228087121660e-05 1.295920204461388676e-02 8.045248352791059022e-05 2.146231587942279786e-04 -4.404097821239963775e-05
2.990048571236013840e-07 4.003253461472609039e-07 2.759992707879215705e-05 3.749967183743923898e-07 -1.082003333285773982e-06 -4.528127896191792268e-06 -8.505652610937821729e-06 1.839699947281876237e-05 1.172098438552167880e-05 -7.176407056873815062e-08 3.186852338756077851e-07 -4.975321890745862517e-06 -1.633633697999929612e-09 1.196208904812692174e-04 -3.400472952834660868e-05 -1.905331148914861159e-08 7.426241594188094219e-04 6.093321965506791405e-09 1.921803057093487068e-07 5.596298468364670182e-07 2.490728116600163141e-05 5.997494267268091417e-05 5.592664735170129450e-06 5.841173313197931932e-05 8.094732751472821081e-06 2.986556540479245363e-04 8.155916677390496119e-06 -1.853764011056803236e-06 9.418131023682570563e-06 8.045248352791059022e-05 1.136357983020561452e-05 7.555431488818788624e-08 1.066041974991152857e-05
-5.684628298402812092e-08 -9.167249131241755068e-08 -6.320253978349839850e-06 -9.337297963525028047e-08 7.403319575581867889e-07 9.434247898236919697e-07 1.906849604538493836e-06 -3.157499539476355626e-06 -2.662539358155429452e-06 1.499213877054312306e-08 1.010273551828627154e-04 2.349045440704941145e-04 -4.182647657470108778e-10 -1.973776025448055585e-05 -4.268095673610097215e-05 7.860873855505291007e-09 -1.215252387459729556e-04 2.414809638413088194e-07 8.835540176237271704e-08 -9.334743944822423908e-08 -5.163297603043759481e-06 7.314493494864277197e-03 3.875787168303322021e-04 -1.905510375016923353e-06 -7.398438871893683546e-07 1.055309783184159647e-02 1.550779341046230170e-04 2.128427195593055854e-05 3.998378341160966023e-07 2.146231587942279786e-04 7.555431488818788624e-08 1.588507594011813184e-01 2.642522267850658767e-03
2.605261103682353862e-07 4.201343752959249683e-07 2.896567900457952977e-05 4.279277011778868908e-07 -3.392936092903643764e-06 -4.323709097862739548e-06 -8.739078167471504279e-06 1.447079791901962510e-05 1.220239893041832287e-05 -6.870886529360464493e-08 2.019132616739490272e-06 -5.004203495923333631e-06 -1.698913343907659601e-09 1.252377252506508426e-04 -1.527354197105213770e-05 -2.130888039368767624e-08 6.735511628230884430e-04 5.251622323044697671e-09 -1.474149322315525150e-08 4.793671030098667792e-07 2.289964986375211806e-05 1.806037795863044658e-04 1.181639501941984363e-05 5.731507298831495922e-05 7.942355139291119691e-06 4.714106632489796240e-04 1.059348185916721683e-05 -1.926456588883087505e-06 9.886512737499224339e-06 -4.404097821239963775e-05 1.066041974991152857e-05 2.642522267850658767e-03 5.522323106823244249e-05
