3.457939846528095522e-05 3.594670740754582841e-05 1.720454536549101431e-04 8.080490941638749698e-07 -1.312412912904402067e-05 -1.352315576242545343e-05 -3.576241069542420293e-05 9.308514012597686937e-05 4.045159445929160237e-05 1.673784263600152227e-07 3.524185959399213385e-05 -1.830044320571250132e-05 -4.065319192833028756e-09 2.408776737921892975e-04 -2.865319017676482702e-05 -5.041109659729925025e-08 1.610349459064481376e-03 -2.540260790606922762e-10 4.250915843847768713e-08 1.058780845480471608e-06 6.560102229155079137e-05 1.804420726939363515e-04 1.805447227585114107e-05 1.731391139893412919e-04 2.540443483608569345e-05 8.615599351581458218e-04 2.570033579630221380e-05 -4.556290516943060871e-06 1.929236806755114955e-05 -7.875866953222629874e-05 2.102431722421557522e-05 -4.652373326099681097e-06 2.182432679197855840e-05
3.594670740754582841e-05 3.737723354226989191e-05 1.788919261125442972e-04 7.991743070480086448e-07 -1.399453418817637126e-05 -1.398479021987945961e-05 -3.715637956852677753e-05 9.548207207958616055e-05 4.204507220700691569e-05 1.743990863297735835e-07 3.664429375275835471e-05 -1.897067206596754382e-05 -4.225530201852238594e-09 2.504079048959440001e-04 -2.810872910232708921e-05 -5.256815562300108829e-08 1.664547044842178960e-03 -3.612037512812311244e-10 2.553001466186171358e-08 1.087810499376508112e-06 6.760589494622979518e-05 1.871941076893827039e-04 1.871808938814969320e-05 1.796285283927969193e-04 2.635437078430870152e-05 8.940121294251375094e-04 2.666057680107300512e-05 -4.732431413660895891e-06 2.006063517043406896e-05 -9.257038204741204715e-05 2.175839916525754307e-05 -4.837512457434271711e-06 2.269281618889918019e-05
1.720454536549101431e-04 1.788919261125442972e-04 8.561992152957649191e-04 3.824961437586265799e-06 -6.698056311012322696e-05 -6.693363202924261296e-05 -1.778305041396177708e-04 4.569890108211181832e-04 2.012312532086868314e-04 8.348793251533911109e-07 1.753841899854144718e-04 -9.107331497209289559e-05 -2.022276636416286995e-08 1.198475719432360968e-03 -1.345326505881289754e-04 -2.515854092094349981e-07 7.966690498671529647e-03 -1.728436729666203249e-09 1.221783614365952280e-07 5.206444813987934829e-06 3.235733775091551349e-04 8.959347311374266749e-04 8.958712120412566930e-05 8.597187381700269323e-04 1.261346836914467140e-04 4.278846741061499703e-03 1.276007235035293700e-04 -2.267484165300704091e-05 9.601014676671680548e-05 -4.430540929017858366e-04 1.041384238200451106e-04 -2.315294189092119914e-05 1.086106669876369882e-04
8.080490941638749698e-07 7.991743070480086448e-07 3.824961437586265799e-06 4.473058506242060457e-06 -2.937110871868008907e-05 -4.883453336499212638e-05 2.238400277618304490e-07 3.483553135780560262e-05 2.585836941593119515e-06 1.207721243116093039e-07 7.835066319522326534e-07 -3.267845900748584352e-07 -1.102435319705029934e-10 1.330610082431338354e-05 2.023370391440440014e-05 4.999573278596308316e-08 9.681269838247387243e-04 -2.620509904428450097e-08 9.296990046467337497e-07 4.125680105400047188e-06 2.469107675367085940e-04 2.853497253928323848e-05 3.197670440391267627e-06 2.638872635593453173e-05 3.982446163281954438e-06 1.317119283034138882e-04 4.028177749567043132e-06 -1.016218363373349301e-07 4.288795160669023192e-07 4.610004558065453506e-05 9.270884369421769452e-07 -1.034328323422793931e-07 4.852043841162931221e-07
-1.312412912904402067e-05 -1.399453418817637126e-05 -6.698056311012322696e-05 -2.937110871868008907e-05 1.285548395085932792e-03 9.777242334238693371e-04 -3.969674337721276693e-05 7.979730067704338212e-04 -2.650431934528643674e-05 -3.794990142063863011e-06 -1.372032535883440160e-05 5.346460446469883331e-06 -2.584530988870055600e-10 -1.440585541230322039e-04 6.215114312538488677e-04 -9.031066686447313320e-07 -6.793485510781146694e-03 -3.849657145451899531e-07 1.145029049340213864e-05 -7.090090265187477022e-05 -4.555906547093290133e-03 -1.148842402106814442e-04 1.081291121832781709e-05 -1.038275239497472976e-04 -4.650977780098371331e-06 -3.320828899375842741e-04 9.581909453652991243e-06 1.798210415388813722e-06 -7.508362668642541907e-06 4.428651827191685403e-04 -4.225431869096209081e-06 1.811257307002443431e-06 -8.496624973072513596e-06
-1.352315576242545343e-05 -1.398479021987945961e-05 -6.693363202924261296e-05 -4.883453336499212638e-05 9.777242334238693371e-04 9.282629572820070380e-04 -2.543109884024596942e-05 2.370842850968301859e-04 -3.395845818364594715e-05 -3.123696524810626137e-06 -1.371071197744078198e-05 5.492353512792671277e-06 6.128573263197253771e-10 -1.793570911371243745e-04 2.327777470259701463e-04 -8.914823581557119891e-07 -1.083198136021824159e-02 -4.232763292498277093e-08 4.085012711860812701e-07 -7.138646782387512209e-05 -4.460328020566635583e-03 -2.679309904990731604e-04 -1.578181479466177786e-05 -2.463252218626702005e-04 -3.054980862689682142e-05 -1.117566092400931483e-03 -2.231026659614673748e-05 1.789521976606839464e-06 -7.503871087889788733e-06 -5.486346248927592072e-05 -9.000807948835105773e-06 1.809988218649654648e-06 -8.490671666986662308e-06
-3.576241069542420293e-05 -3.715637956852677753e-05 -1.778305041396177708e-04 2.238400277618304490e-07 -3.969674337721276693e-05 -2.543109884024596942e-05 3.308791875636598223e-04 -1.164162900602744966e-04 -1.127879426526815827e-04 3.801659802364120445e-06 -3.642687165095058910e-05 2.210416137021603184e-05 1.826015974696979243e-08 -3.140672590685989981e-04 -9.048513647676508182e-06 1.221063351472313813e-06 -2.353247008960341301e-03 1.524492510624876998e-08 -5.686155605526389765e-07 1.739051680728672009e-06 1.150246364642681587e-04 -1.639882840479478716e-04 -1.792394346657628855e-05 -1.579897401884604725e-04 -2.387275585365562997e-05 -7.897400473680041971e-04 -2.513329656679083742e-05 4.593678633972784784e-06 -1.995307031693521407e-05 5.670125142068864195e-05 -2.196859219506877038e-05 4.808809978177399197e-06 -2.255817258447581053e-05
9.308514012597686937e-05 9.548207207958616055e-05 4.569890108211181832e-04 3.483553135780560262e-05 7.979730067704338212e-04 2.370842850968301859e-04 -1.164162900602744966e-04 4.626045767538108228e-02 -8.689270343261404513e-05 -1.207222715995743370e-05 9.360981190272795501e-05 -5.628325852390495042e-05 -4.847312487181783258e-09 -1.652105413861496409e-04 1.141052512917637655e-03 -4.601848689388548246e-07 1.087618002630537095e-01 -6.481448851177553320e-07 2.376216340000983522e-05 -9.032673515879831435e-06 -8.346034096491327086e-04 1.929339745674687112e-03 2.318615256027283954e-04 1.891812952882544448e-03 2.484030067926171008e-04 9.147981245354926821e-03 2.646558843027972544e-04 -1.209815631840387272e-05 5.124504508933928009e-05 1.295603326189789144e-03 7.030056972420421605e-05 -1.235768477892531480e-05 5.797001490381538033e-05
4.045159445929160237e-05 4.204507220700691569e-05 2.012312532086868314e-04 2.585836941593119515e-06 -2.650431934528643674e-05 -3.395845818364594715e-05 -1.127879426526815827e-04 -8.689270343261404513e-05 2.802392509703778871e-04 7.685639993470772725e-06 4.122029045724241351e-05 -1.508819584928903167e-05 -1.601766497447286945e-08 1.278064581471329833e-03 -4.198593504881116436e-05 4.284436574115296552e-08 6.612435566612949109e-03 -9.564814256493603854e-09 3.846698054403630558e-07 2.766947140283707795e-06 1.683179051661366733e-04 2.531817355374573852e-04 2.526903568072262632e-05 2.427439182522574785e-04 3.483510019743363701e-05 1.198264706047588984e-03 3.468931635595077351e-05 -5.285341316953219943e-06 2.256967036393733454e-05 -8.463153343302568020e-05 2.466281295203638258e-05 -5.441602175829297425e-06 2.552660670471644362e-05
1.673784263600152227e-07 1.743990863297735835e-07 8.348793251533911109e-07 1.207721243116093039e-07 -3.794990142063863011e-06 -3.123696524810626137e-06 3.801659802364120445e-06 -1.207222715995743370e-05 7.685639993470772725e-06 1.921036080799052259e-06 1.710170151545999011e-07 5.410121176538645442e-07 -3.353224511173668458e-11 4.990086512262100870e-06 -3.732473768447299015e-06 -1.941362920045482220e-08 5.576513218822802065e-06 8.326872890500125043e-10 -2.312382756649393799e-08 2.317554667583804898e-07 1.472894022036682066e-05 3.340293921593183834e-06 2.446770497045635212e-07 3.179040842290974982e-06 3.840591005029610473e-07 1.483483194880319909e-05 3.024973661612347229e-07 -2.673568195326341844e-08 9.314042990762718952e-08 -8.986934741139668121e-07 9.706233659535545097e-08 -2.257641931866586599e-08 1.059061941883648655e-07
3.524185959399213385e-05 3.664429375275835471e-05 1.753841899854144718e-04 7.835066319522326534e-07 -1.372032535883440160e-05 -1.371071197744078198e-05 -3.642687165095058910e-05 9.360981190272795501e-05 4.122029045724241351e-05 1.710170151545999011e-07 3.617960346519633904e-05 -1.865549429422146967e-05 -4.142439556917507437e-09 2.454962461011125745e-04 -2.755772199795756194e-05 -5.153485592847575541e-08 1.631900070699477887e-03 -3.540536715728562697e-10 2.502706446290522316e-08 1.066490239762300995e-06 6.628090017074685742e-05 1.914935319843838631e-04 1.882558718341541926e-05 1.761051304597927849e-04 2.583747909725545947e-05 8.870089391328556854e-04 2.631915435970186301e-05 -4.644723640614912851e-06 1.966675689517498210e-05 -9.075537773818245649e-05 2.133175642041112305e-05 1.956320152814133688e-04 2.550998511722800838e-05
-1.830044320571250132e-05 -1.897067206596754382e-05 -9.107331497209289559e-05 -3.267845900748584352e-07 5.346460446469883331e-06 5.492353512792671277e-06 2.210416137021603184e-05 -5.628325852390495042e-05 -1.508819584928903167e-05 5.410121176538645442e-07 -1.865549429422146967e-05 5.400595900854501807e-02 -1.745942060249023329e-07 4.615128332503600091e-04 -1.106132089349200730e-02 5.524991972905986371e-07 2.716610318801760109e-03 1.986641409505418814e-05 6.900138458218683337e-06 4.491208471609868069e-07 -3.885379855988593052e-05 1.926943760478369485e-03 1.142511583920601838e-04 1.852724810230362224e-03 1.972110863454481589e-04 5.194508689125325838e-03 9.011352268881893997e-05 4.832264170080816795e-03 5.158915096608810823e-04 4.793428911450905994e-02 4.774934759028550508e-04 3.135812941148240218e-02 5.276854595340147499e-04
-4.065319192833028756e-09 -4.225530201852238594e-09 -2.022276636416286995e-08 -1.102435319705029934e-10 -2.584530988870055600e-10 6.128573263197253771e-10 1.826015974696979243e-08 -4.847312487181783258e-09 -1.601766497447286945e-08 -3.353224511173668458e-11 -4.142439556917507437e-09 -1.745942060249023329e-07 2.022642925574757669e-12 -7.138078404900774446e-08 3.818314893110319012e-08 4.279461709028167592e-11 -4.113268055940144868e-07 -6.413101811281065482e-11 -6.142185582320148375e-11 -6.518393744883407395e-11 -3.406891506990764406e-09 -2.844426049988089438e-08 -2.649118961196130016e-09 -2.732394694758074733e-08 -3.765895436391307477e-09 -1.226277183506356288e-07 -3.473028029453094300e-09 -1.527280317907018378e-08 -3.989619426932712820e-09 -1.483294970708727891e-07 -4.078509360207451370e-09 -1.020419313460638696e-07 -4.329568452552403395e-09
2.408776737921892975e-04 2.504079048959440001e-04 1.198475719432360968e-03 1.330610082431338354e-05 -1.440585541230322039e-04 -1.793570911371243745e-04 -3.140672590685989981e-04 -1.652105413861496409e-04 1.278064581471329833e-03 4.990086512262100870e-06 2.454962461011125745e-04 4.615128332503600091e-04 -7.138078404900774446e-08 6.934797131015561604e-03 -3.291071152792442991e-04 2.249790103014518390e-06 3.594728427166064139e-02 4.261862175382337672e-07 2.020474258898889125e-06 1.456699230844524973e-05 8.864493880973971923e-04 1.482718370275535984e-03 1.470132915760320193e-04 1.421431023958704288e-03 2.043469873311553350e-04 6.994477172066697508e-03 2.031133840945515117e-04 1.890697563506833800e-05 1.399075222483464706e-04 -5.226929890602991587e-05 1.515232047948552880e-04 2.955615127574903419e-04 1.576694180313126204e-04
-2.865319017676482702e-05 -2.810872910232708921e-05 -1.345326505881289754e-04 2.023370391440440014e-05 6.215114312538488677e-04 2.327777470259701463e-04 -9.048513647676508182e-06 1.141052512917637655e-03 -4.198593504881116436e-05 -3.732473768447299015e-06 -2.755772199795756194e-05 -1.106132089349200730e-02 3.818314893110319012e-08 -3.291071152792442991e-04 4.334171279347396460e-02 1.843814654683156675e-06 1.648946629114194165e-02 3.201783970356204389e-03 1.131086328642394879e-03 1.286858372491082782e-04 -2.832229932536863178e-03 5.594864601917670828e-03 3.596143747609572010e-04 5.513811067104256586e-03 3.057496461273521049e-04 1.246952916181917614e-02 1.964340597545761753e-04 -9.869814000823199773e-04 -1.229912476130056223e-04 -1.174184222333377395e-02 -1.357078124689041867e-04 -6.436483073367478547e-03 -1.278195711480294150e-04
-5.041109659729925025e-08 -5.256815562300108829e-08 -2.515854092094349981e-07 4.999573278596308316e-08 -9.031066686447313320e-07 -8.914823581557119891e-07 1.221063351472313813e-06 -4.601848689388548246e-07 4.284436574115296552e-08 -1.941362920045482220e-08 -5.153485592847575541e-08 5.524991972905986371e-07 4.279461709028167592e-11 2.249790103014518390e-06 1.843814654683156675e-06 7.794680478385281281e-09 1.862197794500354537e-05 1.716184478335928923e-07 6.090052719875486688e-08 7.668256254185483640e-08 4.200453253919440285e-06 4.339347054883666821e-07 1.842969306977601821e-08 4.115785451146455914e-07 2.472180248602770137e-08 1.064353118792869326e-06 6.377222806615740589e-09 5.201219560921982024e-08 -2.326976895681879478e-08 7.576999994361709986e-07 -2.430239503514846430e-08 3.036703003215870121e-07 -2.680877340528082950e-08
1.610349459064481376e-03 1.664547044842178960e-03 7.966690498671529647e-03 9.681269838247387243e-04 -6.793485510781146694e-03 -1.083198136021824159e-02 -2.353247008960341301e-03 1.087618002630537095e-01 6.612435566612949109e-03 5.576513218822802065e-06 1.631900070699477887e-03 2.716610318801760109e-03 -4.113268055940144868e-07 3.594728427166064139e-02 1.648946629114194165e-02 1.862197794500354537e-05 6.198707450535954067e-01 1.104155871252556539e-03 5.805089660709340576e-04 9.590686457895888917e-04 5.395070487743958143e-02 1.908317656536541451e-02 1.917779943817094022e-03 1.826965705824367889e-02 2.403818862082999445e-03 8.395429304535598214e-02 2.360720427354402913e-03 9.916989110986462123e-05 9.271282457879448380e-04 1.054515150828530881e-02 1.111701420207482404e-03 1.794357614408620448e-03 1.045154705275364113e-03
-2.540260790606922762e-10 -3.612037512812311244e-10 -1.728436729666203249e-09 -2.620509904428450097e-08 -3.849657145451899531e-07 -4.232763292498277093e-08 1.524492510624876998e-08 -6.481448851177553320e-07 -9.564814256493603854e-09 8.326872890500125043e-10 -3.540536715728562697e-10 1.986641409505418814e-05 -6.413101811281065482e-11 4.261862175382337672e-07 3.201783970356204389e-03 1.716184478335928923e-07 1.104155871252556539e-03 2.583563212457736392e-04 8.992255237877578742e-05 1.131430506927855854e-05 -1.551291549932311655e-04 4.829973038434221401e-04 2.924385521372818123e-05 4.755374414593616854e-04 2.720167121985132979e-05 1.076052096413038228e-03 1.561025045844314723e-05 1.776952212937427632e-06 1.933743160500604973e-07 1.781962682101544842e-05 1.802887636694372378e-07 1.155281744765263384e-05 1.984592323075857062e-07
4.250915843847768713e-08 2.553001466186171358e-08 1.221783614365952280e-07 9.296990046467337497e-07 1.145029049340213864e-05 4.085012711860812701e-07 -5.686155605526389765e-07 2.376216340000983522e-05 3.846698054403630558e-07 -2.312382756649393799e-08 2.502706446290522316e-08 6.900138458218683337e-06 -6.142185582320148375e-11 2.020474258898889125e-06 1.131086328642394879e-03 6.090052719875486688e-08 5.805089660709340576e-04 8.992255237877578742e-05 3.178352890850458950e-05 4.093072075534122313e-06 -4.984269204798428209e-05 1.753057320203071120e-04 1.136821358330430558e-05 1.722089675284375237e-04 1.065455605153464418e-05 4.108956984506935374e-04 6.865158317058268484e-06 6.157088463073415590e-07 8.112394193058193798e-08 2.798430733875417276e-05 2.875358070495013228e-07 4.018934748920596932e-06 8.467093089677693088e-08
1.058780845480471608e-06 1.087810499376508112e-06 5.206444813987934829e-06 4.125680105400047188e-06 -7.090090265187477022e-05 -7.138646782387512209e-05 1.739051680728672009e-06 -9.032673515879831435e-06 2.766947140283707795e-06 2.317554667583804898e-07 1.066490239762300995e-06 4.491208471609868069e-07 -6.518393744883407395e-11 1.456699230844524973e-05 1.286858372491082782e-04 7.668256254185483640e-08 9.590686457895888917e-04 1.131430506927855854e-05 4.093072075534122313e-06 6.057970902677557713e-06 3.385983592840083193e-04 4.458359901703666685e-05 2.957010258761453784e-06 4.239807438474559915e-05 4.004943551196145393e-06 1.473326066406720409e-04 2.957154458447031384e-06 -6.046454286453174669e-08 5.922662107960251113e-07 1.343564886678740582e-05 7.886102906683064661e-07 3.702931526731786023e-07 6.692377935362172419e-07
6.560102229155079137e-05 6.760589494622979518e-05 3.235733775091551349e-04 2.469107675367085940e-04 -4.555906547093290133e-03 -4.460328020566635583e-03 1.150246364642681587e-04 -8.346034096491327086e-04 1.683179051661366733e-04 1.472894022036682066e-05 6.628090017074685742e-05 -3.885379855988593052e-05 -3.406891506990764406e-09 8.864493880973971923e-04 -2.832229932536863178e-03 4.200453253919440285e-06 5.395070487743958143e-02 -1.551291549932311655e-04 -4.984269204798428209e-05 3.385983592840083193e-04 2.160505667370427735e-02 1.090207129709676965e-03 7.349845342932413727e-05 9.843759191174479561e-04 1.457315778801626584e-04 5.192630280728367798e-03 1.161857880808733322e-04 -9.739799887275535183e-06 3.615689601255662826e-05 5.307456398679596173e-04 4.605648861604306023e-05 -1.585581580728771437e-05 4.092375842996141979e-05
1.804420726939363515e-04 1.871941076893827039e-04 8.959347311374266749e-04 2.853497253928323848e-05 -1.148842402106814442e-04 -2.679309904990731604e-04 -1.639882840479478716e-04 1.929339745674687112e-03 2.531817355374573852e-04 3.340293921593183834e-06 1.914935319843838631e-04 1.926943760478369485e-03 -2.844426049988089438e-08 1.482718370275535984e-03 5.594864601917670828e-03 4.339347054883666821e-07 1.908317656536541451e-02 4.829973038434221401e-04 1.753057320203071120e-04 4.458359901703666685e-05 1.090207129709676965e-03 2.355422022530874113e-03 1.916005082591679836e-04 2.038167529300970691e-03 2.172247739640328294e-04 7.921326129157793203e-03 2.004428692807814474e-04 1.569856389610079395e-04 1.201519456944469418e-04 1.833547429716899692e-03 1.321063417174299587e-04 7.449337692362554761e-03 2.363922794100638887e-04
1.805447227585114107e-05 1.871808938814969320e-05 8.958712120412566930e-05 3.197670440391267627e-06 1.081291121832781709e-05 -1.578181479466177786e-05 -1.792394346657628855e-05 2.318615256027283954e-04 2.526903568072262632e-05 2.446770497045635212e-07 1.882558718341541926e-05 1.142511583920601838e-04 -2.649118961196130016e-09 1.470132915760320193e-04 3.596143747609572010e-04 1.842969306977601821e-08 1.917779943817094022e-03 2.924385521372818123e-05 1.136821358330430558e-05 2.957010258761453784e-06 7.349845342932413727e-05 1.916005082591679836e-04 1.727696369540978358e-05 1.704280742358501894e-04 2.031831605056284441e-05 7.175506281395107417e-04 1.975205399792858194e-05 8.686405327188799318e-06 1.125058821927745247e-05 1.277685208508381272e-04 1.263441336544663686e-05 4.444131505557080393e-04 1.870482721681653265e-05
1.731391139893412919e-04 1.796285283927969193e-04 8.597187381700269323e-04 2.638872635593453173e-05 -1.038275239497472976e-04 -2.463252218626702005e-04 -1.579897401884604725e-04 1.891812952882544448e-03 2.427439182522574785e-04 3.179040842290974982e-06 1.761051304597927849e-04 1.852724810230362224e-03 -2.732394694758074733e-08 1.421431023958704288e-03 5.513811067104256586e-03 4.115785451146455914e-07 1.826965705824367889e-02 4.755374414593616854e-04 1.722089675284375237e-04 4.239807438474559915e-05 9.843759191174479561e-04 2.038167529300970691e-03 1.704280742358501894e-04 1.974299057375285618e-03 2.091015381912783024e-04 7.314629279831207261e-03 1.869730589944679482e-04 1.509705001143540632e-04 1.153302732053826694e-04 1.750171325067185861e-03 1.266782950356003571e-04 1.105333191224426928e-03 1.284658749154276474e-04
2.540443483608569345e-05 2.635437078430870152e-05 1.261346836914467140e-04 3.982446163281954438e-06 -4.650977780098371331e-06 -3.054980862689682142e-05 -2.387275585365562997e-05 2.484030067926171008e-04 3.483510019743363701e-05 3.840591005029610473e-07 2.583747909725545947e-05 1.972110863454481589e-04 -3.765895436391307477e-09 2.043469873311553350e-04 3.057496461273521049e-04 2.472180248602770137e-08 2.403818862082999445e-03 2.720167121985132979e-05 1.065455605153464418e-05 4.004943551196145393e-06 1.457315778801626584e-04 2.172247739640328294e-04 2.031831605056284441e-05 2.091015381912783024e-04 2.613098725807262495e-05 8.925851544922177314e-04 2.509118332545854041e-05 1.548014798224571750e-05 1.619428967092286623e-05 1.931613303539715437e-04 1.793537425570763562e-05 1.188452261808342121e-04 1.810294557177829385e-05
8.615599351581458218e-04 8.940121294251375094e-04 4.278846741061499703e-03 1.317119283034138882e-04 -3.320828899375842741e-04 -1.117566092400931483e-03 -7.897400473680041971e-04 9.147981245354926821e-03 1.198264706047588984e-03 1.483483194880319909e-05 8.870089391328556854e-04 5.194508689125325838e-03 -1.226277183506356288e-07 6.994477172066697508e-03 1.246952916181917614e-02 1.064353118792869326e-06 8.395429304535598214e-02 1.076052096413038228e-03 4.108956984506935374e-04 1.473326066406720409e-04 5.192630280728367798e-03 7.921326129157793203e-03 7.175506281395107417e-04 7.314629279831207261e-03 8.925851544922177314e-04 3.112153984058620496e-02 8.583220374509543515e-04 3.912616131504876378e-04 5.347751771252676070e-04 4.946537625518097371e-03 5.921997049237218928e-04 1.148426787781341857e-02 7.346338973792949489e-04
2.570033579630221380e-05 2.666057680107300512e-05 1.276007235035293700e-04 4.028177749567043132e-06 9.581909453652991243e-06 -2.231026659614673748e-05 -2.513329656679083742e-05 2.646558843027972544e-04 3.468931635595077351e-05 3.024973661612347229e-07 2.631915435970186301e-05 9.011352268881893997e-05 -3.473028029453094300e-09 2.031133840945515117e-04 1.964340597545761753e-04 6.377222806615740589e-09 2.360720427354402913e-03 1.561025045844314723e-05 6.865158317058268484e-06 2.957154458447031384e-06 1.161857880808733322e-04 2.004428692807814474e-04 1.975205399792858194e-05 1.869730589944679482e-04 2.509118332545854041e-05 8.583220374509543515e-04 2.511574449591107974e-05 5.879788252970018071e-06 1.531716308100273494e-05 9.918600123095909623e-05 1.716173721300687509e-05 2.000381138580510372e-04 1.955443026669410265e-05
-4.556290516943060871e-06 -4.732431413660895891e-06 -2.267484165300704091e-05 -1.016218363373349301e-07 1.798210415388813722e-06 1.789521976606839464e-06 4.593678633972784784e-06 -1.209815631840387272e-05 -5.285341316953219943e-06 -2.673568195326341844e-08 -4.644723640614912851e-06 4.832264170080816795e-03 -1.527280317907018378e-08 1.890697563506833800e-05 -9.869814000823199773e-04 5.201219560921982024e-08 9.916989110986462123e-05 1.776952212937427632e-06 6.157088463073415590e-07 -6.046454286453174669e-08 -9.739799887275535183e-06 1.569856389610079395e-04 8.686405327188799318e-06 1.509705001143540632e-04 1.548014798224571750e-05 3.912616131504876378e-04 5.879788252970018071e-06 4.326235262221226610e-04 4.451656221534824978e-05 4.295186647190850707e-03 4.094416838495937045e-05 2.805326000391536977e-03 4.535762832498394046e-05
1.929236806755114955e-05 2.006063517043406896e-05 9.601014676671680548e-05 4.288795160669023192e-07 -7.508362668642541907e-06 -7.503871087889788733e-06 -1.995307031693521407e-05 5.124504508933928009e-05 2.256967036393733454e-05 9.314042990762718952e-08 1.966675689517498210e-05 5.158915096608810823e-04 -3.989619426932712820e-09 1.399075222483464706e-04 -1.229912476130056223e-04 -2.326976895681879478e-08 9.271282457879448380e-04 1.933743160500604973e-07 8.112394193058193798e-08 5.922662107960251113e-07 3.615689601255662826e-05 1.201519456944469418e-04 1.125058821927745247e-05 1.153302732053826694e-04 1.619428967092286623e-05 5.347751771252676070e-04 1.531716308100273494e-05 4.451656221534824978e-05 1.589218863666099903e-05 4.169374171495615665e-04 1.643829321606436834e-05 3.029361316850229810e-04 1.743347434217813646e-05
-7.875866953222629874e-05 -9.257038204741204715e-05 -4.430540929017858366e-04 4.610004558065453506e-05 4.428651827191685403e-04 -5.486346248927592072e-05 5.670125142068864195e-05 1.295603326189789144e-03 -8.463153343302568020e-05 -8.986934741139668121e-07 -9.075537773818245649e-05 4.793428911450905994e-02 -1.483294970708727891e-07 -5.226929890602991587e-05 -1.174184222333377395e-02 7.576999994361709986e-07 1.054515150828530881e-02 1.781962682101544842e-05 2.798430733875417276e-05 1.343564886678740582e-05 5.307456398679596173e-04 1.833547429716899692e-03 1.277685208508381272e-04 1.750171325067185861e-03 1.931613303539715437e-04 4.946537625518097371e-03 9.918600123095909623e-05 4.295186647190850707e-03 4.169374171495615665e-04 5.528493320657523746e-02 5.003498918097548176e-04 2.786065448336159586e-02 4.227245335462308782e-04
2.102431722421557522e-05 2.175839916525754307e-05 1.041384238200451106e-04 9.270884369421769452e-07 -4.225431869096209081e-06 -9.000807948835105773e-06 -2.196859219506877038e-05 7.030056972420421605e-05 2.466281295203638258e-05 9.706233659535545097e-08 2.133175642041112305e-05 4.774934759028550508e-04 -4.078509360207451370e-09 1.515232047948552880e-04 -1.357078124689041867e-04 -2.430239503514846430e-08 1.111701420207482404e-03 1.802887636694372378e-07 2.875358070495013228e-07 7.886102906683064661e-07 4.605648861604306023e-05 1.321063417174299587e-04 1.263441336544663686e-05 1.266782950356003571e-04 1.793537425570763562e-05 5.921997049237218928e-04 1.716173721300687509e-05 4.094416838495937045e-05 1.643829321606436834e-05 5.003498918097548176e-04 1.824916267835945203e-05 2.813110625055142912e-04 1.809644677389172094e-05
-4.652373326099681097e-06 -4.837512457434271711e-06 -2.315294189092119914e-05 -1.034328323422793931e-07 1.811257307002443431e-06 1.809988218649654648e-06 4.808809978177399197e-06 -1.235768477892531480e-05 -5.441602175829297425e-06 -2.257641931866586599e-08 1.956320152814133688e-04 3.135812941148240218e-02 -1.020419313460638696e-07 2.955615127574903419e-04 -6.436483073367478547e-03 3.036703003215870121e-07 1.794357614408620448e-03 1.155281744765263384e-05 4.018934748920596932e-06 3.702931526731786023e-07 -1.585581580728771437e-05 7.449337692362554761e-03 4.444131505557080393e-04 1.105333191224426928e-03 1.188452261808342121e-04 1.148426787781341857e-02 2.000381138580510372e-04 2.805326000391536977e-03 3.029361316850229810e-04 2.786065448336159586e-02 2.813110625055142912e-04 1.766966436852452360e-01 2.888053623285125136e-03
2.182432679197855840e-05 2.269281618889918019e-05 1.086106669876369882e-04 4.852043841162931221e-07 -8.496624973072513596e-06 -8.490671666986662308e-06 -2.255817258447581053e-05 5.797001490381538033e-05 2.552660670471644362e-05 1.059061941883648655e-07 2.550998511722800838e-05 5.276854595340147499e-04 -4.329568452552403395e-09 1.576694180313126204e-04 -1.278195711480294150e-04 -2.680877340528082950e-08 1.045154705275364113e-03 1.984592323075857062e-07 8.467093089677693088e-08 6.692377935362172419e-07 4.092375842996141979e-05 2.363922794100638887e-04 1.870482721681653265e-05 1.284658749154276474e-04 1.810294557177829385e-05 7.346338973792949489e-04 1.955443026669410265e-05 4.535762832498394046e-05 1.743347434217813646e-05 4.227245335462308782e-04 1.809644677389172094e-05 2.888053623285125136e-03 6.113323246177808379e-05
