par.Ct_1S0np = -0.150622532143627
par.Ct_1S0pp = -0.148913834270203
par.C_1S0 = 1.69350481093600
par.Ct_3S1 = -0.184312039709438
par.C_3S1 = -0.217899794020048
par.C_3S1-3D1 = 0.263422413165984
par.C_3P0 = 1.29979117865505
par.C_1P1 = 1.02509005037230
par.C_3P1 = -0.336126655491496
par.C_3P2 = -0.202925280977147
par.Ct_1S0nn = -0.149910259097322
par.Ct_1S0np = -0.154176676900964
par.Ct_1S0pp = -0.152752597140137
par.C_1S0 = 1.65183031739892
par.Ct_3S1 = -0.186702292811786
par.C_3S1 = -0.242367294613723
par.C_3S1-3D1 = 0.249373204444369
par.C_3P0 = 1.27439987754013
par.C_1P1 = 0.972017076225278
par.C_3P1 = -0.338578057488952
par.C_3P2 = -0.219100256371956
par.Ct_1S0nn = -0.153588196011275
par.Ct_1S0np = -0.154213419006473
par.Ct_1S0pp = -0.152777167712537
par.C_1S0 = 1.65571457901080
par.Ct_3S1 = -0.187094131305610
par.C_3S1 = -0.236522831442274
par.C_3S1-3D1 = 0.251356145824918
par.C_3P0 = 1.27865924976226
par.C_1P1 = 0.999535661019363
par.C_3P1 = -0.344061941384839
par.C_3P2 = -0.220981782061160
par.Ct_1S0nn = -0.153623503776076
