par.Ct_1S0np = -0.150622532143627
par.Ct_1S0pp = -0.148913834270203
par.C_1S0 = 1.69350481093600
par.Ct_3S1 = -0.184312039709438
par.C_3S1 = -0.217899794020048
par.C_3S1-3D1 = 0.263422413165984
par.C_3P0 = 1.29979117865505
par.C_1P1 = 1.02509005037230
par.C_3P1 = -0.336126655491496
par.C_3P2 = -0.202925280977147
par.Ct_1S0nn = -0.149910259097322
par.Ct_1S0np = -0.155900340996191
par.Ct_1S0pp = -0.154660381945573
par.C_1S0 = 1.62447869392519
par.Ct_3S1 = -0.189111057696167
par.C_3S1 = -0.248667458985342
par.C_3S1-3D1 = 0.240315509211424
par.C_3P0 = 1.25347691839908
par.C_1P1 = 0.941575025771561
par.C_3P1 = -0.337687419254246
par.C_3P2 = -0.236870683998899
par.Ct_1S0nn = -0.155386241155699
par.Ct_1S0np = -0.156434400919770
par.Ct_1S0pp = -0.155105444069848
par.C_1S0 = 1.64934937896905
par.Ct_3S1 = -0.184590278849672
par.C_3S1 = -0.264683310330634
par.C_3S1-3D1 = 0.181813633570611
par.C_3P0 = 1.27029537826593
par.C_1P1 = 1.08932699361324
par.C_3P1 = -0.376119822598542
par.C_3P2 = -0.250452676596075
par.Ct_1S0nn = -0.155896389541412
par.Ct_1S0np = -0.156405979842647
par.Ct_1S0pp = -0.155082508252056
par.C_1S0 = 1.64799349136813
par.Ct_3S1 = -0.184645985961860
par.C_3S1 = -0.264805599252195
par.C_3S1-3D1 = 0.182747621164870
par.C_3P0 = 1.26935267812898
par.C_1P1 = 1.08588823172292
par.C_3P1 = -0.369069763865571
par.C_3P2 = -0.249373759305687
par.Ct_1S0nn = -0.155869880698231
