par.Ct_1S0np = -0.150622532143627
par.Ct_1S0pp = -0.148913834270203
par.C_1S0 = 1.69350481093600
par.Ct_3S1 = -0.184312039709438
par.C_3S1 = -0.217899794020048
par.C_3S1-3D1 = 0.263422413165984
par.C_3P0 = 1.29979117865505
par.C_1P1 = 1.02509005037230
par.C_3P1 = -0.336126655491496
par.C_3P2 = -0.202925280977147
par.Ct_1S0nn = -0.149910259097322
par.Ct_1S0np = -0.155900340996191
par.Ct_1S0pp = -0.154660381945573
par.C_1S0 = 1.62447869392519
par.Ct_3S1 = -0.189111057696167
par.C_3S1 = -0.248667458985342
par.C_3S1-3D1 = 0.240315509211424
par.C_3P0 = 1.25347691839908
par.C_1P1 = 0.941575025771561
par.C_3P1 = -0.337687419254246
par.C_3P2 = -0.236870683998899
par.Ct_1S0nn = -0.155386241155699
par.Ct_1S0np = -0.155748095087636
par.Ct_1S0pp = -0.154535391026536
par.C_1S0 = 1.61796651350716
par.Ct_3S1 = -0.189172212706468
par.C_3S1 = -0.249832103291194
par.C_3S1-3D1 = 0.242392274413898
par.C_3P0 = 1.25608297357498
par.C_1P1 = 0.943002824427517
par.C_3P1 = -0.345099230497538
par.C_3P2 = -0.235798530637695
par.Ct_1S0nn = -0.155244309832293
