2.495566522347228327e-07 2.813944268724247932e-07 5.765238541427067476e-06 8.140602036739969476e-08 -6.165968056385058298e-07 -8.873777048461728698e-07 -1.640643729601686605e-06 3.559461009843506205e-06 2.316811064456427833e-06 5.834785040216356638e-09 2.628874689514029379e-07 -1.466682691608861122e-06 -2.779739045688458023e-10 1.855149028606560088e-05 -3.167259266987825478e-06 -3.367768181574922937e-09 1.182269189270425619e-04 1.084684843232532574e-10 9.217788364433902743e-09 9.351226306662849669e-08 4.604380494554238313e-06 1.052865756853661391e-05 9.832555399242717067e-07 1.022132826752705018e-05 1.425593743549210466e-06 5.282683564598491643e-05 1.465760183904019305e-06 -3.610861449685466538e-07 1.525338210656217961e-06 -1.304101490444375338e-06 1.707777579481806809e-06 -3.741473237085074607e-07 1.727086954939507614e-06
2.813944268724247932e-07 3.209909682418394822e-07 6.576197850467096597e-06 9.094829040012012129e-08 -8.398534609739340974e-07 -9.810363860211958032e-07 -1.859875861858503225e-06 3.686402796972161266e-06 2.635588976264062146e-06 6.904362344842395553e-09 2.998661713319191031e-07 -1.639147581265786045e-06 -3.162472579551530852e-10 2.113838382358773012e-05 -2.536619332011858274e-06 -3.923856059857450681e-09 1.289874147309508657e-04 5.639024738021464681e-11 -1.153248686491978803e-09 9.978159929911834398e-08 5.014087266838891435e-06 1.176079330009444413e-05 1.091222874469805762e-06 1.142625666683978522e-05 1.593421205366595873e-06 5.916000746541547528e-05 1.637569962608843987e-06 -4.088643206895539287e-07 1.740214582818631974e-06 -8.293581359836495355e-06 1.881484212453830740e-06 -4.267762397426926523e-07 1.970025253774078216e-06
5.765238541427067476e-06 6.576197850467096597e-06 1.347338478408196855e-04 1.863441539661219581e-06 -1.720812650322601437e-05 -2.010045210628643667e-05 -3.809883286419709692e-05 7.552844687478873218e-05 5.399540388011787423e-05 1.419617679440194765e-07 6.143690323729271530e-06 -3.427469645199476627e-05 -6.476534184868778238e-09 4.330716120726671144e-04 -5.197222219663146544e-05 -8.036785232344340993e-08 2.642642421899043647e-03 1.156117729600094110e-09 -2.365520908688723635e-08 2.044416537580508971e-06 1.027334426824671879e-04 2.409572817509168720e-04 2.235711120304788858e-05 2.340858647185710861e-04 3.264459376472904275e-05 1.212055500176491231e-03 3.355036441214663317e-05 -8.438761696920065358e-06 3.564719572323149884e-05 -1.699212402139115756e-04 3.854803639954152729e-05 -8.743837435408804772e-06 4.036208897907714874e-05
8.140602036739969476e-08 9.094829040012012129e-08 1.863441539661219581e-06 3.577493072250159655e-06 -3.328812185324149015e-05 -3.857187254023435356e-05 7.034985755193541607e-07 -1.173959046107914742e-06 2.718873031659781521e-06 3.068518589788953189e-07 8.497053961954265728e-08 -3.432241646539508765e-07 -8.734602003272183427e-11 1.690870704968151005e-05 -1.506592629837987854e-05 4.774034125520472274e-08 3.709634347506792829e-04 4.382016154302064772e-09 -6.371860471905445719e-08 3.917178510988648944e-06 1.970120313901280629e-04 3.627152348477493603e-05 2.542161135271458107e-06 3.426061945937920543e-05 3.857104084369504445e-06 2.011507201843889148e-04 4.116242991804064940e-06 -1.175517362819348780e-07 4.929316690719599753e-07 1.129588164104632288e-06 5.671471323771154978e-07 -1.209319718416409617e-07 5.582293865753282690e-07
-6.165968056385058298e-07 -8.398534609739340974e-07 -1.720812650322601437e-05 -3.328812185324149015e-05 3.914571875686354853e-04 3.532662377692936495e-04 -1.072234355772636056e-05 1.526121201227664652e-04 -2.207114496668896830e-05 -3.195978056974057394e-06 -7.846684554892442237e-07 3.105300449631305495e-06 4.294151587399426411e-10 -1.402918044159746024e-04 3.520741271042346528e-04 -4.199848283834408268e-07 -8.708761455057827984e-04 -2.250967304383541289e-07 6.716865807692226840e-06 -3.391494500284718868e-05 -1.762581472429980379e-03 -2.646286234960722509e-04 -1.099543786709558263e-05 -2.513719806639580414e-04 -2.400935973615382255e-05 -1.483863049067257614e-03 -2.330601896056005425e-05 1.089075605842896251e-06 -4.551652557590448597e-06 2.712387714432578875e-04 -2.484607674947922610e-06 1.116757690243374258e-06 -5.155021876217768712e-06
-8.873777048461728698e-07 -9.810363860211958032e-07 -2.010045210628643667e-05 -3.857187254023435356e-05 3.532662377692936495e-04 4.162653120304710412e-04 -7.296969622844587455e-06 2.882146358609865979e-06 -2.953718794819494610e-05 -3.284899792285437583e-06 -9.165547862469791723e-07 3.706706706666826680e-06 9.681968328731580591e-10 -1.834837275383179121e-04 1.478762738489528374e-04 -5.163976634055132495e-07 -4.177771448529872360e-03 -2.692449684819529421e-08 2.668747496496832457e-07 -4.240900159565297176e-05 -2.129027598077517548e-03 -3.960875714811094958e-04 -2.828215176542756134e-05 -3.740300843782903470e-04 -4.240589779985231607e-05 -2.195506707451909401e-03 -4.541532662345000495e-05 1.267755783180779880e-06 -5.317149449910554915e-06 -3.150886624121083902e-05 -6.306523100397270347e-06 1.304461265022352093e-06 -6.021473070316442832e-06
-1.640643729601686605e-06 -1.859875861858503225e-06 -3.809883286419709692e-05 7.034985755193541607e-07 -1.072234355772636056e-05 -7.296969622844587455e-06 1.201441101179925039e-04 -1.765885541636777798e-05 -3.991846120879216533e-05 2.829381588564084647e-06 -1.737257820244867021e-06 1.167432301348153455e-05 8.967734956957280821e-09 -6.326765304574816359e-05 -6.776422325762342805e-06 6.720407298830307080e-07 -8.369342639413541313e-04 8.734498907747867485e-09 -3.260407723959090968e-07 6.407520461969958031e-07 3.513534722984529464e-05 -5.034581934651532434e-05 -5.576896528606810196e-06 -4.936025851505002602e-05 -7.523344467773264085e-06 -2.508768681933926949e-04 -8.185887362569700332e-06 2.320643671058463467e-06 -1.008689055912469267e-05 2.637229344010238069e-05 -1.111211401420078672e-05 2.472504173098208641e-06 -1.141323065218520806e-05
3.559461009843506205e-06 3.686402796972161266e-06 7.552844687478873218e-05 -1.173959046107914742e-06 1.526121201227664652e-04 2.882146358609865979e-06 -1.765885541636777798e-05 8.863550203519185433e-03 -3.467424476704633976e-05 -2.490183007096673753e-06 3.444000120735486742e-06 -2.134645139285324631e-05 -8.696396778799783062e-10 -1.349234800249759136e-04 4.676622348147134998e-04 -1.010778171214067922e-07 4.754973744415526282e-02 -2.927542683430316626e-07 1.064896808562875952e-05 3.108899834668879928e-06 5.772029599167748727e-05 4.453770820991312059e-04 5.698793688651677361e-05 4.399424063535380819e-04 5.410626190198933322e-05 2.106689131256891771e-03 5.840991476650799445e-05 -4.740953112177667878e-06 1.998183954705518784e-05 5.875071249312350868e-04 2.828170290410224550e-05 -4.901577976178737026e-06 2.262598405720088652e-05
2.316811064456427833e-06 2.635588976264062146e-06 5.399540388011787423e-05 2.718873031659781521e-06 -2.207114496668896830e-05 -2.953718794819494610e-05 -3.991846120879216533e-05 -3.467424476704633976e-05 1.675938922196263390e-04 7.180400849898459611e-06 2.462121030908697321e-06 -9.027076398800194223e-06 -9.610329238314974950e-09 9.586617058340721545e-04 -3.401677838651559688e-05 7.189134205106019310e-08 4.573409781856966824e-03 -4.087103533192543163e-09 1.934149992999829236e-07 3.077113634679990272e-06 1.525163039831390092e-04 1.407196433901697602e-04 1.261499538653910123e-05 1.360693924071122577e-04 1.775518434642120368e-05 7.034807235354863329e-04 1.773675849208764752e-05 -3.353380801931470349e-06 1.428882549550814114e-05 -5.484888671243351422e-05 1.557783224917462235e-05 -3.504145701713077351e-06 1.617535111477948003e-05
5.834785040216356638e-09 6.904362344842395553e-09 1.419617679440194765e-07 3.068518589788953189e-07 -3.195978056974057394e-06 -3.284899792285437583e-06 2.829381588564084647e-06 -2.490183007096673753e-06 7.180400849898459611e-06 2.409306833153309223e-06 6.473274192299649136e-09 6.342901258853919733e-07 -8.743172469479225752e-12 1.356145795416184029e-05 -4.364943225722100578e-06 -2.341129584630670425e-08 7.097022471939712276e-05 1.147971515959491196e-09 -3.100164142460826268e-08 3.254211354715715639e-07 1.660391545794925037e-05 4.755964422704525350e-06 3.128378943338067091e-07 4.547295541550422642e-06 4.716119988173206402e-07 2.412479098368793627e-05 4.164286449444605647e-07 -1.397929245888440986e-08 3.702468709649908067e-08 -6.786578869385187240e-07 3.573317633915124723e-08 -9.212908566007259385e-09 4.252735004016113411e-08
2.628874689514029379e-07 2.998661713319191031e-07 6.143690323729271530e-06 8.497053961954265728e-08 -7.846684554892442237e-07 -9.165547862469791723e-07 -1.737257820244867021e-06 3.444000120735486742e-06 2.462121030908697321e-06 6.473274192299649136e-09 3.664742358180867960e-07 -1.562882114000472666e-06 -2.953216362520095776e-10 1.974750899800694319e-05 -2.369866546002519442e-06 -3.664670790385080209e-09 1.205010985485923048e-04 5.271748281713246877e-11 -1.078647136572552597e-09 9.322276696531884698e-08 4.684512970173250462e-06 1.621330191005796055e-05 1.304541179748809891e-06 1.067401462246055521e-05 1.488551526201395796e-06 6.270188010605264712e-05 1.644509464319128677e-06 -3.847966892690326572e-07 1.625466317058228264e-06 -7.748190198884883471e-06 1.757740924213971883e-06 1.163408720277122341e-04 3.771417854218884089e-06
-1.466682691608861122e-06 -1.639147581265786045e-06 -3.427469645199476627e-05 -3.432241646539508765e-07 3.105300449631305495e-06 3.706706706666826680e-06 1.167432301348153455e-05 -2.134645139285324631e-05 -9.027076398800194223e-06 6.342901258853919733e-07 -1.562882114000472666e-06 1.648550694078537628e-03 -3.886801690554257477e-09 -4.683401555571423407e-05 -2.948443920393529647e-04 5.143186441473649064e-08 -4.137988415311249471e-04 1.697200382987914365e-06 5.936589263041695365e-07 -3.011017591276623089e-07 -2.005386475117194102e-05 1.069253668696914122e-05 -1.613255933375444811e-06 1.205013943732359693e-05 -1.392459373369904282e-06 -8.266289967316047644e-05 -4.861535530983536422e-06 1.485970765391051189e-04 8.041900066996609709e-06 1.419164964660570927e-03 5.524236099172836395e-06 9.088938111069665583e-04 6.632031231902459065e-06
-2.779739045688458023e-10 -3.162472579551530852e-10 -6.476534184868778238e-09 -8.734602003272183427e-11 4.294151587399426411e-10 9.681968328731580591e-10 8.967734956957280821e-09 -8.696396778799783062e-10 -9.610329238314974950e-09 -8.743172469479225752e-12 -2.953216362520095776e-10 -3.886801690554257477e-09 1.010000743691650004e-12 -4.973614678390510671e-08 2.652890531523157156e-09 3.339392686026279498e-11 -2.750662414189033306e-07 -5.458222703273028965e-12 -2.934695710446760121e-11 -1.078090110555626570e-10 -5.137303053808207784e-09 -1.243157403046335626e-08 -1.183078584244207573e-09 -1.208475199849301494e-08 -1.668413558852430176e-09 -6.175106746389556626e-08 -1.710605460471081830e-09 -8.929659223151277197e-11 -1.771299358825559161e-09 1.801631747914119796e-09 -1.921492913024689811e-09 -2.615265981125136536e-09 -1.996750034481379270e-09
1.855149028606560088e-05 2.113838382358773012e-05 4.330716120726671144e-04 1.690870704968151005e-05 -1.402918044159746024e-04 -1.834837275383179121e-04 -6.326765304574816359e-05 -1.349234800249759136e-04 9.586617058340721545e-04 1.356145795416184029e-05 1.974750899800694319e-05 -4.683401555571423407e-05 -4.973614678390510671e-08 6.538219245501183247e-03 -2.390111259250076912e-04 2.450743195957520967e-06 3.044040981357137507e-02 2.299183069301229679e-07 1.062781679141872242e-06 1.905421615796592047e-05 9.457278774679144569e-04 1.036752416891120743e-03 9.313348221598166784e-05 1.003098808184250002e-03 1.328717346897598304e-04 5.183948830780716645e-03 1.331153434024365885e-04 -2.356071608805319824e-05 1.149966148452727529e-04 -4.697877259989026444e-04 1.246967530624241733e-04 -5.847777925186714451e-06 1.301497060116158725e-04
-3.167259266987825478e-06 -2.536619332011858274e-06 -5.197222219663146544e-05 -1.506592629837987854e-05 3.520741271042346528e-04 1.478762738489528374e-04 -6.776422325762342805e-06 4.676622348147134998e-04 -3.401677838651559688e-05 -4.364943225722100578e-06 -2.369866546002519442e-06 -2.948443920393529647e-04 2.652890531523157156e-09 -2.390111259250076912e-04 7.021274128314413006e-03 1.606121957619993379e-07 5.439603874360883495e-03 4.547098101955595402e-04 1.755127642276691673e-04 1.076339832323847969e-05 -9.320639218639422893e-04 8.046490892969615895e-04 6.188703065166881049e-05 7.897042817040449787e-04 4.572153799019287960e-05 1.711352610162428147e-03 3.408637257967199447e-05 -2.410678695741257468e-05 -1.696354497672278335e-05 -2.170584957162142656e-03 -3.709834892012816519e-05 -1.746089151539820879e-04 -1.888672095306177161e-05
-3.367768181574922937e-09 -3.923856059857450681e-09 -8.036785232344340993e-08 4.774034125520472274e-08 -4.199848283834408268e-07 -5.163976634055132495e-07 6.720407298830307080e-07 -1.010778171214067922e-07 7.189134205106019310e-08 -2.341129584630670425e-08 -3.664670790385080209e-09 5.143186441473649064e-08 3.339392686026279498e-11 2.450743195957520967e-06 1.606121957619993379e-07 6.427744598879019923e-09 1.227700669544391364e-05 2.474915566038330668e-08 9.629303405798898894e-09 5.415086847636432554e-08 2.634476620614171557e-06 4.716873820823197868e-07 3.024149868385651595e-08 4.425966643453320253e-07 4.364926550779325192e-08 2.465907200371653325e-06 4.357978128568317308e-08 6.527866243897703502e-09 -2.108482887619405292e-08 2.668992820396329666e-07 -2.135254137342955128e-08 1.653711022827084611e-08 -2.386469602382716716e-08
1.182269189270425619e-04 1.289874147309508657e-04 2.642642421899043647e-03 3.709634347506792829e-04 -8.708761455057827984e-04 -4.177771448529872360e-03 -8.369342639413541313e-04 4.754973744415526282e-02 4.573409781856966824e-03 7.097022471939712276e-05 1.205010985485923048e-04 -4.137988415311249471e-04 -2.750662414189033306e-07 3.044040981357137507e-02 5.439603874360883495e-03 1.227700669544391364e-05 4.722690971955344486e-01 7.125666167608619267e-05 2.136422280809243714e-04 4.896246521795204849e-04 2.261183345189909238e-02 1.194668514920154030e-02 1.229833507049428541e-03 1.147261047131760761e-02 1.495923202263010942e-03 6.088371566604099117e-02 1.606828706612717372e-03 -1.511673029112922521e-04 7.008535632249150368e-04 7.533104512477363165e-03 8.624477705678602977e-04 -8.252304132578153770e-05 7.933123081497043313e-04
1.084684843232532574e-10 5.639024738021464681e-11 1.156117729600094110e-09 4.382016154302064772e-09 -2.250967304383541289e-07 -2.692449684819529421e-08 8.734498907747867485e-09 -2.927542683430316626e-07 -4.087103533192543163e-09 1.147971515959491196e-09 5.271748281713246877e-11 1.697200382987914365e-06 -5.458222703273028965e-12 2.299183069301229679e-07 4.547098101955595402e-04 2.474915566038330668e-08 7.125666167608619267e-05 3.644231367771980649e-05 1.274390272003511268e-05 1.654983732772656148e-06 -2.278030795211230923e-05 7.159186344307143560e-05 3.944780566888351987e-06 7.051614800481146423e-05 3.688865903406719001e-06 1.656709740262603411e-04 2.004302022955192222e-06 1.514762252660199829e-07 1.810058919287971779e-08 1.652904193438424413e-06 1.816461663563205003e-08 9.851725178306958505e-07 1.871064487008249742e-08
9.217788364433902743e-09 -1.153248686491978803e-09 -2.365520908688723635e-08 -6.371860471905445719e-08 6.716865807692226840e-06 2.668747496496832457e-07 -3.260407723959090968e-07 1.064896808562875952e-05 1.934149992999829236e-07 -3.100164142460826268e-08 -1.078647136572552597e-09 5.936589263041695365e-07 -2.934695710446760121e-11 1.062781679141872242e-06 1.755127642276691673e-04 9.629303405798898894e-09 2.136422280809243714e-04 1.274390272003511268e-05 4.926437123059076366e-06 6.998703240726175014e-07 -6.220704994859125733e-06 2.992098294750864708e-05 2.293406831655928589e-06 2.916795175404664461e-05 2.120863204183891094e-06 8.370331265238459457e-05 1.762293732020070417e-06 5.480845824304172177e-08 -4.043305157663165673e-13 2.188607426788720297e-05 2.074138418890876426e-07 3.464137377965328890e-07 -6.580787005384303331e-10
9.351226306662849669e-08 9.978159929911834398e-08 2.044416537580508971e-06 3.917178510988648944e-06 -3.391494500284718868e-05 -4.240900159565297176e-05 6.407520461969958031e-07 3.108899834668879928e-06 3.077113634679990272e-06 3.254211354715715639e-07 9.322276696531884698e-08 -3.011017591276623089e-07 -1.078090110555626570e-10 1.905421615796592047e-05 1.076339832323847969e-05 5.415086847636432554e-08 4.896246521795204849e-04 1.654983732772656148e-06 6.998703240726175014e-07 4.443067240896292606e-06 2.168691200725010549e-04 4.523588143225159886e-05 3.356660505220949994e-06 4.281548836445501170e-05 4.760568916564412043e-06 2.398455845098844820e-04 5.064674469196551884e-06 -1.219429422222135054e-07 5.416280945610503594e-07 1.006308119638356217e-05 7.085375890475631825e-07 -8.771881358208457785e-08 6.132818755854093732e-07
4.604380494554238313e-06 5.014087266838891435e-06 1.027334426824671879e-04 1.970120313901280629e-04 -1.762581472429980379e-03 -2.129027598077517548e-03 3.513534722984529464e-05 5.772029599167748727e-05 1.525163039831390092e-04 1.660391545794925037e-05 4.684512970173250462e-06 -2.005386475117194102e-05 -5.137303053808207784e-09 9.457278774679144569e-04 -9.320639218639422893e-04 2.634476620614171557e-06 2.261183345189909238e-02 -2.278030795211230923e-05 -6.220704994859125733e-06 2.168691200725010549e-04 1.092488138113825724e-02 2.015435382393902883e-03 1.484439152117899543e-04 1.900663035005024622e-03 2.203468901267216062e-04 1.130807247909693114e-02 2.383621823139676530e-04 -6.573782959285937333e-06 2.716486674193997882e-05 3.038727217797245915e-04 3.362727218436483128e-05 -7.291749261029043776e-06 3.076411549156432925e-05
1.052865756853661391e-05 1.176079330009444413e-05 2.409572817509168720e-04 3.627152348477493603e-05 -2.646286234960722509e-04 -3.960875714811094958e-04 -5.034581934651532434e-05 4.453770820991312059e-04 1.407196433901697602e-04 4.755964422704525350e-06 1.621330191005796055e-05 1.069253668696914122e-05 -1.243157403046335626e-08 1.036752416891120743e-03 8.046490892969615895e-04 4.716873820823197868e-07 1.194668514920154030e-02 7.159186344307143560e-05 2.992098294750864708e-05 4.523588143225159886e-05 2.015435382393902883e-03 1.275014036168774234e-03 9.836992989839077155e-05 9.213107858247735794e-04 1.093566174610131610e-04 5.063459227703172479e-03 1.192216282443987670e-04 -8.879163548881696878e-06 6.448084154856418464e-05 2.122720541149741152e-04 7.406680255695923594e-05 7.093407614188629133e-03 1.898490337747764508e-04
9.832555399242717067e-07 1.091222874469805762e-06 2.235711120304788858e-05 2.542161135271458107e-06 -1.099543786709558263e-05 -2.828215176542756134e-05 -5.576896528606810196e-06 5.698793688651677361e-05 1.261499538653910123e-05 3.128378943338067091e-07 1.304541179748809891e-06 -1.613255933375444811e-06 -1.183078584244207573e-09 9.313348221598166784e-05 6.188703065166881049e-05 3.024149868385651595e-08 1.229833507049428541e-03 3.944780566888351987e-06 2.293406831655928589e-06 3.356660505220949994e-06 1.484439152117899543e-04 9.836992989839077155e-05 8.566304109696411875e-06 7.779619271183884906e-05 9.922287258601475559e-06 4.250703209172907284e-04 1.087395155090307370e-05 -1.051258001780938761e-06 5.956115726479598638e-06 3.069248401044677671e-05 6.976672274723715598e-06 3.863798238144440793e-04 1.311732855952758010e-05
1.022132826752705018e-05 1.142625666683978522e-05 2.340858647185710861e-04 3.426061945937920543e-05 -2.513719806639580414e-04 -3.740300843782903470e-04 -4.936025851505002602e-05 4.399424063535380819e-04 1.360693924071122577e-04 4.547295541550422642e-06 1.067401462246055521e-05 1.205013943732359693e-05 -1.208475199849301494e-08 1.003098808184250002e-03 7.897042817040449787e-04 4.425966643453320253e-07 1.147261047131760761e-02 7.051614800481146423e-05 2.916795175404664461e-05 4.281548836445501170e-05 1.900663035005024622e-03 9.213107858247735794e-04 7.779619271183884906e-05 8.858888662306433530e-04 1.049335462213822590e-04 4.420610081351521170e-03 1.075297194987141140e-04 -8.473440100859721749e-06 6.265778440441722703e-05 1.912355815488716074e-04 7.180788245136863622e-05 2.395221544927517434e-05 7.085448766608376709e-05
1.425593743549210466e-06 1.593421205366595873e-06 3.264459376472904275e-05 3.857104084369504445e-06 -2.400935973615382255e-05 -4.240589779985231607e-05 -7.523344467773264085e-06 5.410626190198933322e-05 1.775518434642120368e-05 4.716119988173206402e-07 1.488551526201395796e-06 -1.392459373369904282e-06 -1.668413558852430176e-09 1.328717346897598304e-04 4.572153799019287960e-05 4.364926550779325192e-08 1.495923202263010942e-03 3.688865903406719001e-06 2.120863204183891094e-06 4.760568916564412043e-06 2.203468901267216062e-04 1.093566174610131610e-04 9.922287258601475559e-06 1.049335462213822590e-04 1.341928724269403305e-05 5.496030692877266685e-04 1.411215465053976644e-05 -1.449128206895272808e-06 8.706665016842047466e-06 2.444820414533537516e-05 9.988858341301595989e-06 1.648249855993151487e-06 9.849519758903947829e-06
5.282683564598491643e-05 5.916000746541547528e-05 1.212055500176491231e-03 2.011507201843889148e-04 -1.483863049067257614e-03 -2.195506707451909401e-03 -2.508768681933926949e-04 2.106689131256891771e-03 7.034807235354863329e-04 2.412479098368793627e-05 6.270188010605264712e-05 -8.266289967316047644e-05 -6.175106746389556626e-08 5.183948830780716645e-03 1.711352610162428147e-03 2.465907200371653325e-06 6.088371566604099117e-02 1.656709740262603411e-04 8.370331265238459457e-05 2.398455845098844820e-04 1.130807247909693114e-02 5.063459227703172479e-03 4.250703209172907284e-04 4.420610081351521170e-03 5.496030692877266685e-04 2.396663294588520163e-02 5.858710915028941986e-04 -5.684946549107009828e-05 3.229154359274512081e-04 6.653594557751911585e-04 3.684696993784285549e-04 1.009841496692026434e-02 5.316828354472570659e-04
1.465760183904019305e-06 1.637569962608843987e-06 3.355036441214663317e-05 4.116242991804064940e-06 -2.330601896056005425e-05 -4.541532662345000495e-05 -8.185887362569700332e-06 5.840991476650799445e-05 1.773675849208764752e-05 4.164286449444605647e-07 1.644509464319128677e-06 -4.861535530983536422e-06 -1.710605460471081830e-09 1.331153434024365885e-04 3.408637257967199447e-05 4.357978128568317308e-08 1.606828706612717372e-03 2.004302022955192222e-06 1.762293732020070417e-06 5.064674469196551884e-06 2.383621823139676530e-04 1.192216282443987670e-04 1.087395155090307370e-05 1.075297194987141140e-04 1.411215465053976644e-05 5.858710915028941986e-04 1.519326820593687227e-05 -1.792396710219221139e-06 8.912819088120353455e-06 2.353660724298236161e-05 1.024657471982851570e-05 1.548739797518244898e-04 1.265256325131840772e-05
-3.610861449685466538e-07 -4.088643206895539287e-07 -8.438761696920065358e-06 -1.175517362819348780e-07 1.089075605842896251e-06 1.267755783180779880e-06 2.320643671058463467e-06 -4.740953112177667878e-06 -3.353380801931470349e-06 -1.397929245888440986e-08 -3.847966892690326572e-07 1.485970765391051189e-04 -8.929659223151277197e-11 -2.356071608805319824e-05 -2.410678695741257468e-05 6.527866243897703502e-09 -1.511673029112922521e-04 1.514762252660199829e-07 5.480845824304172177e-08 -1.219429422222135054e-07 -6.573782959285937333e-06 -8.879163548881696878e-06 -1.051258001780938761e-06 -8.473440100859721749e-06 -1.449128206895272808e-06 -5.684946549107009828e-05 -1.792396710219221139e-06 1.361032114117189801e-05 -7.043262187775600460e-07 1.335656742576854777e-04 -1.044830977296632807e-06 8.152851709937389551e-05 -1.018566438546779134e-06
1.525338210656217961e-06 1.740214582818631974e-06 3.564719572323149884e-05 4.929316690719599753e-07 -4.551652557590448597e-06 -5.317149449910554915e-06 -1.008689055912469267e-05 1.998183954705518784e-05 1.428882549550814114e-05 3.702468709649908067e-08 1.625466317058228264e-06 8.041900066996609709e-06 -1.771299358825559161e-09 1.149966148452727529e-04 -1.696354497672278335e-05 -2.108482887619405292e-08 7.008535632249150368e-04 1.810058919287971779e-08 -4.043305157663165673e-13 5.416280945610503594e-07 2.716486674193997882e-05 6.448084154856418464e-05 5.956115726479598638e-06 6.265778440441722703e-05 8.706665016842047466e-06 3.229154359274512081e-04 8.912819088120353455e-06 -7.043262187775600460e-07 9.610003332454124131e-06 -3.052368467615305925e-05 1.035965052320088772e-05 7.195222316857842155e-06 1.085602997801215071e-05
-1.304101490444375338e-06 -8.293581359836495355e-06 -1.699212402139115756e-04 1.129588164104632288e-06 2.712387714432578875e-04 -3.150886624121083902e-05 2.637229344010238069e-05 5.875071249312350868e-04 -5.484888671243351422e-05 -6.786578869385187240e-07 -7.748190198884883471e-06 1.419164964660570927e-03 1.801631747914119796e-09 -4.697877259989026444e-04 -2.170584957162142656e-03 2.668992820396329666e-07 7.533104512477363165e-03 1.652904193438424413e-06 2.188607426788720297e-05 1.006308119638356217e-05 3.038727217797245915e-04 2.122720541149741152e-04 3.069248401044677671e-05 1.912355815488716074e-04 2.444820414533537516e-05 6.653594557751911585e-04 2.353660724298236161e-05 1.335656742576854777e-04 -3.052368467615305925e-05 1.386433481321087437e-02 8.644207314753727257e-05 8.100144370125474200e-04 -3.601059670607015056e-05
1.707777579481806809e-06 1.881484212453830740e-06 3.854803639954152729e-05 5.671471323771154978e-07 -2.484607674947922610e-06 -6.306523100397270347e-06 -1.111211401420078672e-05 2.828170290410224550e-05 1.557783224917462235e-05 3.573317633915124723e-08 1.757740924213971883e-06 5.524236099172836395e-06 -1.921492913024689811e-09 1.246967530624241733e-04 -3.709834892012816519e-05 -2.135254137342955128e-08 8.624477705678602977e-04 1.816461663563205003e-08 2.074138418890876426e-07 7.085375890475631825e-07 3.362727218436483128e-05 7.406680255695923594e-05 6.976672274723715598e-06 7.180788245136863622e-05 9.988858341301595989e-06 3.684696993784285549e-04 1.024657471982851570e-05 -1.044830977296632807e-06 1.035965052320088772e-05 8.644207314753727257e-05 1.236721452460086114e-05 6.400353273452070764e-06 1.171372519556819245e-05
-3.741473237085074607e-07 -4.267762397426926523e-07 -8.743837435408804772e-06 -1.209319718416409617e-07 1.116757690243374258e-06 1.304461265022352093e-06 2.472504173098208641e-06 -4.901577976178737026e-06 -3.504145701713077351e-06 -9.212908566007259385e-09 1.163408720277122341e-04 9.088938111069665583e-04 -2.615265981125136536e-09 -5.847777925186714451e-06 -1.746089151539820879e-04 1.653711022827084611e-08 -8.252304132578153770e-05 9.851725178306958505e-07 3.464137377965328890e-07 -8.771881358208457785e-08 -7.291749261029043776e-06 7.093407614188629133e-03 3.863798238144440793e-04 2.395221544927517434e-05 1.648249855993151487e-06 1.009841496692026434e-02 1.548739797518244898e-04 8.152851709937389551e-05 7.195222316857842155e-06 8.100144370125474200e-04 6.400353273452070764e-06 1.585488587323520271e-01 2.618601118443860103e-03
1.727086954939507614e-06 1.970025253774078216e-06 4.036208897907714874e-05 5.582293865753282690e-07 -5.155021876217768712e-06 -6.021473070316442832e-06 -1.141323065218520806e-05 2.262598405720088652e-05 1.617535111477948003e-05 4.252735004016113411e-08 3.771417854218884089e-06 6.632031231902459065e-06 -1.996750034481379270e-09 1.301497060116158725e-04 -1.888672095306177161e-05 -2.386469602382716716e-08 7.933123081497043313e-04 1.871064487008249742e-08 -6.580787005384303331e-10 6.132818755854093732e-07 3.076411549156432925e-05 1.898490337747764508e-04 1.311732855952758010e-05 7.085448766608376709e-05 9.849519758903947829e-06 5.316828354472570659e-04 1.265256325131840772e-05 -1.018566438546779134e-06 1.085602997801215071e-05 -3.601059670607015056e-05 1.171372519556819245e-05 2.618601118443860103e-03 5.547132205188345699e-05
