par.Ct_1S0np = -0.150622532143627
par.Ct_1S0pp = -0.148913834270203
par.C_1S0 = 1.69350481093600
par.Ct_3S1 = -0.184312039709438
par.C_3S1 = -0.217899794020048
par.C_3S1-3D1 = 0.263422413165984
par.C_3P0 = 1.29979117865505
par.C_1P1 = 1.02509005037230
par.C_3P1 = -0.336126655491496
par.C_3P2 = -0.202925280977147
par.Ct_1S0nn = -0.149910259097322
par.Ct_1S0np = -0.143086600258764
par.Ct_1S0pp = -0.140932189494627
par.C_1S0 = 1.75729375567084
par.Ct_3S1 = -0.180614027010471
par.C_3S1 = -0.168184237582468
par.C_3S1-3D1 = 0.284850547612321
par.C_3P0 = 1.33135902124827
par.C_1P1 = 1.10308640504241
par.C_3P1 = -0.331234092258718
par.C_3P2 = -0.188216920670028
par.Ct_1S0nn = -0.142170775322664
par.Ct_1S0np = -0.140881835105813
par.Ct_1S0pp = -0.138467469395833
par.C_1S0 = 1.80720335660439
par.Ct_3S1 = -0.169517024458528
par.C_3S1 = -0.236155167565871
par.C_3S1-3D1 = 0.174931609814930
par.C_3P0 = 1.35337258814572
par.C_1P1 = 1.26209330917156
par.C_3P1 = -0.369690486770665
par.C_3P2 = -0.202998302861850
par.Ct_1S0nn = -0.139866699139882
par.Ct_1S0np = -0.141071763531862
par.Ct_1S0pp = -0.138679668292270
par.C_1S0 = 1.80323814526683
par.Ct_3S1 = -0.169899515251824
par.C_3S1 = -0.234690683131389
par.C_3S1-3D1 = 0.178314981539856
par.C_3P0 = 1.34946916610410
par.C_1P1 = 1.26530098742029
par.C_3P1 = -0.358324275309471
par.C_3P2 = -0.201975029804945
par.Ct_1S0nn = -0.140065982848201
