par.Ct_1S0np = -0.150622532143627
par.Ct_1S0pp = -0.148913834270203
par.C_1S0 = 1.69350481093600
par.Ct_3S1 = -0.184312039709438
par.C_3S1 = -0.217899794020048
par.C_3S1-3D1 = 0.263422413165984
par.C_3P0 = 1.29979117865505
par.C_1P1 = 1.02509005037230
par.C_3P1 = -0.336126655491496
par.C_3P2 = -0.202925280977147
par.Ct_1S0nn = -0.149910259097322
par.Ct_1S0np = -0.150195093564037
par.Ct_1S0pp = -0.148314527545875
par.C_1S0 = 1.73110722447811
par.Ct_3S1 = -0.175331986461027
par.C_3S1 = -0.263192292305279
par.C_3S1-3D1 = 0.172937327138365
par.C_3P0 = 1.32065343445232
par.C_1P1 = 1.18258739354605
par.C_3P1 = -0.372814865001248
par.C_3P2 = -0.217450535971038
par.Ct_1S0nn = -0.149422871844883
par.Ct_1S0np = -0.150231101063095
par.Ct_1S0pp = -0.148363946726889
par.C_1S0 = 1.72842070092960
par.Ct_3S1 = -0.175574532251912
par.C_3S1 = -0.262489399839715
par.C_3S1-3D1 = 0.175318589926830
par.C_3P0 = 1.31794082908956
par.C_1P1 = 1.18218503301103
par.C_3P1 = -0.363092057516827
par.C_3P2 = -0.216407669231616
par.Ct_1S0nn = -0.149464221561530
