8.124016407040829174e-04 8.327101413088502154e-04 1.907285495250956447e-03 -2.125217619784283457e-05 -1.455001920301700986e-04 -9.232374330523328548e-05 -1.572621615841549372e-04 4.726806549796393263e-04 1.803548617348895561e-04 5.093742114699718799e-07 8.228007451585513414e-04 -8.590312522365901849e-05 -1.613586119201615377e-08 7.026186737063270680e-04 -1.299771380373671600e-04 -2.027232127533091582e-07 6.016760756144079111e-03 5.354276094248752001e-09 -1.257891072698317752e-07 4.997057634308526067e-06 2.529216896140836380e-04 1.097295392117348875e-03 1.160830586429911857e-04 1.044524278092704914e-03 1.614751879564943439e-04 5.047097557557878728e-03 1.554442739167164551e-04 -2.122617811961237188e-05 8.978404082334431803e-05 -4.053458125624710196e-04 9.751654892224879381e-05 -2.144201786809249249e-05 1.014578039291638820e-04
8.327101413088502154e-04 8.535533840278181766e-04 1.955025714404554603e-03 -2.200864686155044533e-05 -1.500730458729429475e-04 -9.452224056560876164e-05 -1.611507116986544779e-04 4.821382555158367444e-04 1.848412570845179138e-04 5.221622961004152025e-07 8.433958201965676034e-04 -8.795205077166603352e-05 -1.653764583666530526e-08 7.201707235193146759e-04 -1.302976101671320466e-04 -2.080980610918808116e-07 6.152045110630183049e-03 5.289508977892819297e-09 -1.599133069767159503e-07 5.095061036835587246e-06 2.581664530092564035e-04 1.124027076361527877e-03 1.188915525430312239e-04 1.069983154514849094e-03 1.654054442746549401e-04 5.170410045869228838e-03 1.592290684248289705e-04 -2.174843138215873283e-05 9.203230579593278118e-05 -4.338940194421791931e-04 9.978297736029862397e-05 -2.197872127966874178e-05 1.039973386797195644e-04
1.907285495250956447e-03 1.955025714404554603e-03 4.477899336310119105e-03 -5.041004309577513118e-05 -3.437369573274563252e-04 -2.164996395802067097e-04 -3.691048794313706981e-04 1.104316636956465805e-03 4.233693611428392036e-04 1.196116785371382102e-06 1.931760567484503213e-03 -2.016821313641002460e-04 -3.787781890797494782e-08 1.649515359227436044e-03 -2.984413800550779960e-04 -4.766305418395792732e-07 1.409095840605312754e-02 1.211563924492946465e-08 -3.662833607840992271e-07 1.167004041150754322e-05 5.913203571009926530e-04 2.574533818086388072e-03 2.723157742400156029e-04 2.450743921982214552e-03 3.788532275444790945e-04 1.184258679427646621e-02 3.647069397929909472e-04 -4.983457934518086235e-05 2.107937639365123014e-04 -9.938153514095116221e-04 2.285484620365844152e-04 -5.034128231973117600e-05 2.382012729657475040e-04
-2.125217619784283457e-05 -2.200864686155044533e-05 -5.041004309577513118e-05 1.273019438703794988e-04 7.866206626485489073e-04 4.005875698097415916e-04 -1.121571853673293119e-05 1.872265943551608446e-04 -1.417364571571952235e-05 -1.464677216667679090e-06 -2.174683398256831222e-05 1.596875451123550666e-06 1.238450006247506982e-10 -3.225641434402526061e-05 2.008310899767987731e-04 -2.254919084732120312e-07 -1.319421736267892449e-03 -1.539991068913328652e-07 4.854287332382819554e-06 -1.874688330921756840e-05 -9.883410955746935612e-04 1.381725651926884861e-04 2.138654726473936623e-05 1.311403612676143157e-04 2.129570059597192438e-05 8.503403996508246887e-04 2.805587027993565593e-05 5.675735923675193369e-07 -2.372340963134046113e-06 1.646293228754846074e-04 -1.118248476898512885e-06 5.667180348896946058e-07 -2.681555687657438767e-06
-1.455001920301700986e-04 -1.500730458729429475e-04 -3.437369573274563252e-04 7.866206626485489073e-04 4.982843395562484498e-03 2.694579288006228139e-03 -6.643360715685389271e-05 7.938804238930278383e-04 -1.024531164273469197e-04 -9.616319140407362837e-06 -1.482877237472715170e-04 1.096774721954720140e-05 1.379029962675858735e-09 -2.356345784815641652e-04 1.063601432868482551e-03 -1.571876101559226566e-06 -1.237821460238945973e-02 -7.815130196015557657e-07 2.409471626220735855e-05 -1.319310981060534539e-04 -6.864745712387585776e-03 7.751701158090918559e-04 1.195954140221245363e-04 7.384039095603439238e-04 1.174406404442569676e-04 4.974944880428659039e-03 1.603606502461604267e-04 3.865519735397302285e-06 -1.617704260874009488e-05 7.126261388775616355e-04 -1.151151540382625851e-05 3.864347668807519828e-06 -1.828504274903275330e-05
-9.232374330523328548e-05 -9.452224056560876164e-05 -2.164996395802067097e-04 4.005875698097415916e-04 2.694579288006228139e-03 1.654103108075684987e-03 -3.014231975768754236e-05 -6.236765297209012951e-05 -7.129190006871502700e-05 -5.624489198263510352e-06 -9.339769280286574918e-05 6.999902984400318271e-06 1.491254190726009854e-09 -1.666829310513732337e-04 3.137263145238594966e-04 -1.029966097886965714e-06 -1.173517006424936067e-02 -1.682015458058558204e-07 4.688610163188421642e-06 -8.787052158266925068e-05 -4.469802405725292922e-03 2.937086447399593929e-04 4.476491407514141820e-05 2.835812445677010326e-04 4.161922551794253221e-05 2.174300440302677235e-03 6.495105995902809425e-05 2.429232433939936990e-06 -1.018952327263373327e-05 -2.854418019039071486e-05 -1.177608703924465773e-05 2.433924709197242059e-06 -1.151667017626293048e-05
-1.572621615841549372e-04 -1.611507116986544779e-04 -3.691048794313706981e-04 -1.121571853673293119e-05 -6.643360715685389271e-05 -3.014231975768754236e-05 3.488907140106219779e-04 -9.713824319904586680e-05 -9.798714102086455047e-05 3.767964077061465996e-06 -1.592314158493819687e-04 1.996140039808770938e-05 1.569181048821356629e-08 -6.077654212226370851e-05 -9.476993699009204892e-06 1.177680367195141359e-06 -1.616736571134455396e-03 1.486568899912190050e-08 -5.672052381662028914e-07 1.273583311896129617e-06 6.928077490921645282e-05 -2.153376205436712595e-04 -2.402309102577294167e-05 -2.051361375860465282e-04 -3.195018754374578934e-05 -1.012592870697509410e-03 -3.188141871348843036e-05 3.997742277160217775e-06 -1.738664367583557242e-05 4.818096601084686538e-05 -1.915865669756642447e-05 4.149537882488767470e-06 -1.963448606932032751e-05
4.726806549796393263e-04 4.821382555158367444e-04 1.104316636956465805e-03 1.872265943551608446e-04 7.938804238930278383e-04 -6.236765297209012951e-05 -9.713824319904586680e-05 5.444336084705945350e-02 -1.122983565151403003e-04 -6.929336482884264147e-06 4.764009132566878629e-04 -5.569418572602363688e-05 -3.203418905385437286e-09 -1.230031094202550031e-04 1.072710922722415776e-03 -1.740027608009388728e-07 1.074251559148498847e-01 -6.692441990620171197e-07 2.469303757963077167e-05 2.024021430004163970e-05 7.974295013089663419e-04 2.243844518970111723e-03 2.742103354820838368e-04 2.174772263291087446e-03 3.114519002175646870e-04 1.008663681823433224e-02 3.053992687528411429e-04 -1.230302287196993176e-05 5.198353663241697008e-05 1.376410656268389028e-03 7.173544273650823858e-05 -1.241490962403242834e-05 5.874397991658633389e-05
1.803548617348895561e-04 1.848412570845179138e-04 4.233693611428392036e-04 -1.417364571571952235e-05 -1.024531164273469197e-04 -7.129190006871502700e-05 -9.798714102086455047e-05 -1.122983565151403003e-04 3.007996230229051621e-04 7.371143842398604429e-06 1.826410501694619975e-04 -1.304138521451468784e-05 -1.334752259181053954e-08 7.458837375369748801e-04 -4.280843730897824871e-05 9.116693320299317314e-08 5.298929164298230368e-03 -3.635230684325593980e-09 1.777496379736266471e-07 4.045851300265563926e-06 2.022585573350367647e-04 2.621854813426025606e-04 2.754295813640747213e-05 2.496205684887203846e-04 3.824385530924249142e-05 1.177645791476851674e-03 3.582734649942798734e-05 -4.672281608963118306e-06 1.993384518735669676e-05 -7.446574958114919834e-05 2.179326286037408506e-05 -4.759588133986298050e-06 2.252107811825766813e-05
5.093742114699718799e-07 5.221622961004152025e-07 1.196116785371382102e-06 -1.464677216667679090e-06 -9.616319140407362837e-06 -5.624489198263510352e-06 3.767964077061465996e-06 -6.929336482884264147e-06 7.371143842398604429e-06 1.548493051355624845e-06 5.160033905513985734e-07 4.578327080108112047e-07 -5.032301519241211334e-12 -8.309640657967910923e-06 -3.209231359810114227e-06 -1.599469315963312298e-08 -3.035125804682415110e-05 9.823205205781024842e-10 -2.852458335744933484e-08 2.902119312075789426e-07 1.488001791223722811e-05 4.330135556066387128e-07 -2.943207797393884778e-08 4.145123954760312224e-07 3.377979948201303303e-08 -1.029219616523783401e-06 -8.296458191914085300e-08 -1.714982533143313817e-08 5.591185872006945070e-08 -3.295386581586440040e-07 6.044142220021182834e-08 -1.344694231783016369e-08 6.362727687061787811e-08
8.228007451585513414e-04 8.433958201965676034e-04 1.931760567484503213e-03 -2.174683398256831222e-05 -1.482877237472715170e-04 -9.339769280286574918e-05 -1.592314158493819687e-04 4.764009132566878629e-04 1.826410501694619975e-04 5.160033905513985734e-07 8.341349925519972366e-04 -8.700543698609346731e-05 -1.634044703850788426e-08 7.115990081727180784e-04 -1.287472643748277675e-04 -2.056178615983944532e-07 6.078823073611933081e-03 5.226672684051790015e-09 -1.580142159840384225e-07 5.034441865421059400e-06 2.550949145582513764e-04 1.123393669039645174e-03 1.182855015748180934e-04 1.057248078602171645e-03 1.634368418915286441e-04 5.124831070954710688e-03 1.576224820164211921e-04 -2.149857958967099902e-05 9.093618468425309102e-05 -4.287307871452726788e-04 9.859554080224360441e-05 3.284848962420858979e-04 1.084138388792808122e-04
-8.590312522365901849e-05 -8.795205077166603352e-05 -2.016821313641002460e-04 1.596875451123550666e-06 1.096774721954720140e-05 6.999902984400318271e-06 1.996140039808770938e-05 -5.569418572602363688e-05 -1.304138521451468784e-05 4.578327080108112047e-07 -8.700543698609346731e-05 7.428000419957128120e-01 -2.424594097092982744e-06 3.231132986029634953e-03 -1.536961649319620593e-01 5.483401729220938921e-06 3.616979142192357916e-02 1.768456976412389591e-04 6.129565041020811544e-05 7.272116135901115141e-06 -8.575757103330397448e-05 2.495336205390571299e-02 1.621282022632973985e-03 2.388655428201476652e-02 2.814928898726624332e-03 6.521594111407200134e-02 1.242133997264590652e-03 6.647978837881744762e-02 7.000462101449914272e-03 6.643723669653615049e-01 6.484042082545182252e-03 4.321458336225119101e-01 7.163864351421897481e-03
-1.613586119201615377e-08 -1.653764583666530526e-08 -3.787781890797494782e-08 1.238450006247506982e-10 1.379029962675858735e-09 1.491254190726009854e-09 1.569181048821356629e-08 -3.203418905385437286e-09 -1.334752259181053954e-08 -5.032301519241211334e-12 -1.634044703850788426e-08 -2.424594097092982744e-06 8.961486222785713289e-12 -4.156880365076861719e-08 5.037009200400419930e-07 1.765978014863133051e-11 -3.817610812961591431e-07 -5.798062170901316347e-10 -2.261017600092181602e-10 -1.241894260345840381e-10 -4.548744201589924936e-09 -1.043801637732227556e-07 -7.754601984457070630e-09 -9.980201452136776490e-08 -1.255999043643333044e-08 -3.182549682690426546e-07 -7.310298424329598434e-09 -2.167259895932363240e-07 -2.468093448184610706e-08 -2.163268003051709856e-06 -2.316261016877293778e-08 -1.411129944129790136e-06 -2.545002926212385040e-08
7.026186737063270680e-04 7.201707235193146759e-04 1.649515359227436044e-03 -3.225641434402526061e-05 -2.356345784815641652e-04 -1.666829310513732337e-04 -6.077654212226370851e-05 -1.230031094202550031e-04 7.458837375369748801e-04 -8.309640657967910923e-06 7.115990081727180784e-04 3.231132986029634953e-03 -4.156880365076861719e-08 2.816244842205751619e-03 -7.936703879437303176e-04 1.979158206118353637e-06 1.835905941624808510e-02 1.621984199747330242e-06 1.090201450273003934e-06 9.604033763869477254e-06 4.749901788465866331e-04 1.123657315359174232e-03 1.139974481541703355e-04 1.070172008102480369e-03 1.607302035186035957e-04 4.899913344397599513e-03 1.464366972936388504e-04 2.765620343492640465e-04 1.087483069721576639e-04 2.605368671137987466e-03 1.132309864647022401e-04 1.898099031491292310e-03 1.195665092368708112e-04
-1.299771380373671600e-04 -1.302976101671320466e-04 -2.984413800550779960e-04 2.008310899767987731e-04 1.063601432868482551e-03 3.137263145238594966e-04 -9.476993699009204892e-06 1.072710922722415776e-03 -4.280843730897824871e-05 -3.209231359810114227e-06 -1.287472643748277675e-04 -1.536961649319620593e-01 5.037009200400419930e-07 -7.936703879437303176e-04 2.256715542812888775e-01 8.987638676310203203e-06 5.354783733506414400e-02 1.557704799012412863e-02 5.414996969052667149e-03 6.667313314529711319e-04 -5.830693223889982582e-03 2.254495732971435046e-02 1.454614946722347776e-03 2.234628292473306993e-02 1.041491402471416946e-03 4.611779923871354298e-02 6.549929130531774099e-04 -1.375309570629387398e-02 -1.464646141130366295e-03 -1.394449120404852582e-01 -1.378497594685505062e-03 -8.943106426873873027e-02 -1.500695855724036793e-03
-2.027232127533091582e-07 -2.080980610918808116e-07 -4.766305418395792732e-07 -2.254919084732120312e-07 -1.571876101559226566e-06 -1.029966097886965714e-06 1.177680367195141359e-06 -1.740027608009388728e-07 9.116693320299317314e-08 -1.599469315963312298e-08 -2.056178615983944532e-07 5.483401729220938921e-06 1.765978014863133051e-11 1.979158206118353637e-06 8.987638676310203203e-06 7.141188045756755804e-09 1.837408105379084307e-05 8.299358879203617953e-07 2.876513310604192529e-07 9.257334111807636375e-08 2.571376960640556726e-06 1.250441686440358394e-06 5.575397620857886866e-08 1.235783116984444819e-06 4.840444370923493422e-08 1.267979228048393118e-06 -1.511409698290315615e-08 4.926842241216519423e-07 2.895728246892852023e-08 5.182056559831856209e-06 2.523638197071409174e-08 3.175674333224384853e-06 2.728035219819979678e-08
6.016760756144079111e-03 6.152045110630183049e-03 1.409095840605312754e-02 -1.319421736267892449e-03 -1.237821460238945973e-02 -1.173517006424936067e-02 -1.616736571134455396e-03 1.074251559148498847e-01 5.298929164298230368e-03 -3.035125804682415110e-05 6.078823073611933081e-03 3.616979142192357916e-02 -3.817610812961591431e-07 1.835905941624808510e-02 5.354783733506414400e-02 1.837408105379084307e-05 4.712329134384092288e-01 4.666100924669285867e-03 1.772436901836183052e-03 9.525274433974640319e-04 3.486047780330527729e-02 2.065625863597730233e-02 1.894473449591890226e-03 1.994262996054487619e-02 2.281813804386243535e-03 6.676352079199378287e-02 1.821553663013406824e-03 3.131779043675862739e-03 1.010097693713306799e-03 4.020582494273988727e-02 1.139698670773770265e-03 2.121639525127305692e-02 1.104438452604249122e-03
5.354276094248752001e-09 5.289508977892819297e-09 1.211563924492946465e-08 -1.539991068913328652e-07 -7.815130196015557657e-07 -1.682015458058558204e-07 1.486568899912190050e-08 -6.692441990620171197e-07 -3.635230684325593980e-09 9.823205205781024842e-10 5.226672684051790015e-09 1.768456976412389591e-04 -5.798062170901316347e-10 1.621984199747330242e-06 1.557704799012412863e-02 8.299358879203617953e-07 4.666100924669285867e-03 1.265695327515897707e-03 4.386423806685220872e-04 5.467722012465136102e-05 -4.363900671945532403e-04 2.241669733417151616e-03 1.429093849748829827e-04 2.208264598460035581e-03 1.302738121903279091e-04 4.777563396802774962e-03 7.121670313167521567e-05 1.582675405833075771e-05 1.669496547201614311e-06 1.573789249155123533e-04 1.537090749715951500e-06 1.028957641087556354e-04 1.708956828151794822e-06
-1.257891072698317752e-07 -1.599133069767159503e-07 -3.662833607840992271e-07 4.854287332382819554e-06 2.409471626220735855e-05 4.688610163188421642e-06 -5.672052381662028914e-07 2.469303757963077167e-05 1.777496379736266471e-07 -2.852458335744933484e-08 -1.580142159840384225e-07 6.129565041020811544e-05 -2.261017600092181602e-10 1.090201450273003934e-06 5.414996969052667149e-03 2.876513310604192529e-07 1.772436901836183052e-03 4.386423806685220872e-04 1.524969904804114053e-04 1.901205329502147242e-05 -1.523797919138408037e-04 7.860675441243596042e-04 5.096589553903596440e-05 7.738927709570655317e-04 4.666097398100507764e-05 1.702201370451723959e-03 2.639803528600005741e-05 5.489329340754952235e-06 5.611700095974434343e-07 7.574089443293828073e-05 7.139738798687166425e-07 3.566379089526297780e-05 5.725494881184837865e-07
4.997057634308526067e-06 5.095061036835587246e-06 1.167004041150754322e-05 -1.874688330921756840e-05 -1.319310981060534539e-04 -8.787052158266925068e-05 1.273583311896129617e-06 2.024021430004163970e-05 4.045851300265563926e-06 2.902119312075789426e-07 5.034441865421059400e-06 7.272116135901115141e-06 -1.241894260345840381e-10 9.604033763869477254e-06 6.667313314529711319e-04 9.257334111807636375e-08 9.525274433974640319e-04 5.467722012465136102e-05 1.901205329502147242e-05 7.242206203172203957e-06 2.264609525454397659e-04 8.686049608995640532e-05 4.680094925837261998e-06 8.557135867606257618e-05 4.357644282686459129e-06 1.180439145914425323e-04 6.600821707247376443e-07 5.540552852303885366e-07 6.214805746579924995e-07 2.270369268030574894e-05 8.373328961489015275e-07 4.321148523361993037e-06 6.947056119001330379e-07
2.529216896140836380e-04 2.581664530092564035e-04 5.913203571009926530e-04 -9.883410955746935612e-04 -6.864745712387585776e-03 -4.469802405725292922e-03 6.928077490921645282e-05 7.974295013089663419e-04 2.022585573350367647e-04 1.488001791223722811e-05 2.550949145582513764e-04 -8.575757103330397448e-05 -4.548744201589924936e-09 4.749901788465866331e-04 -5.830693223889982582e-03 2.571376960640556726e-06 3.486047780330527729e-02 -4.363900671945532403e-04 -1.523797919138408037e-04 2.264609525454397659e-04 1.252768459500006905e-02 -1.358538998945206348e-03 -1.374845788507081975e-04 -1.333890944041656599e-03 -1.225605412075692307e-04 -6.516886927770899549e-03 -1.617762039686424088e-04 -1.258354562598602735e-05 2.720311135882567456e-05 5.507230652326501521e-04 3.662821342211551329e-05 -4.536114641974809954e-05 3.081247620222092825e-05
1.097295392117348875e-03 1.124027076361527877e-03 2.574533818086388072e-03 1.381725651926884861e-04 7.751701158090918559e-04 2.937086447399593929e-04 -2.153376205436712595e-04 2.243844518970111723e-03 2.621854813426025606e-04 4.330135556066387128e-07 1.123393669039645174e-03 2.495336205390571299e-02 -1.043801637732227556e-07 1.123657315359174232e-03 2.254495732971435046e-02 1.250441686440358394e-06 2.065625863597730233e-02 2.241669733417151616e-03 7.860675441243596042e-04 8.686049608995640532e-05 -1.358538998945206348e-03 6.770900205651910267e-03 5.181446296756958125e-04 6.380175471316316786e-03 5.859713566802411330e-04 1.924471964539767321e-02 4.335968215789620488e-04 2.214954574866629874e-03 3.577797885752456481e-04 2.235310928117865276e-02 3.553553732487527757e-04 2.033314449147373415e-02 4.723630243766406295e-04
1.160830586429911857e-04 1.188915525430312239e-04 2.723157742400156029e-04 2.138654726473936623e-05 1.195954140221245363e-04 4.476491407514141820e-05 -2.402309102577294167e-05 2.742103354820838368e-04 2.754295813640747213e-05 -2.943207797393884778e-08 1.182855015748180934e-04 1.621282022632973985e-03 -7.754601984457070630e-09 1.139974481541703355e-04 1.454614946722347776e-03 5.575397620857886866e-08 1.894473449591890226e-03 1.429093849748829827e-04 5.096589553903596440e-05 4.680094925837261998e-06 -1.374845788507081975e-04 5.181446296756958125e-04 4.311958572254473042e-05 4.890028607359321730e-04 5.025907084318938201e-05 1.640892213508898193e-03 4.077071491060055151e-05 1.431682028288788506e-04 2.823554270360815750e-05 1.467056091129990275e-03 2.881137772478738410e-05 1.313858480225414552e-03 3.618221402955241599e-05
1.044524278092704914e-03 1.069983154514849094e-03 2.450743921982214552e-03 1.311403612676143157e-04 7.384039095603439238e-04 2.835812445677010326e-04 -2.051361375860465282e-04 2.174772263291087446e-03 2.496205684887203846e-04 4.145123954760312224e-07 1.057248078602171645e-03 2.388655428201476652e-02 -9.980201452136776490e-08 1.070172008102480369e-03 2.234628292473306993e-02 1.235783116984444819e-06 1.994262996054487619e-02 2.208264598460035581e-03 7.738927709570655317e-04 8.557135867606257618e-05 -1.333890944041656599e-03 6.380175471316316786e-03 4.890028607359321730e-04 6.206425583085652467e-03 5.657077059713115034e-04 1.835756091042452243e-02 4.123987449979428033e-04 2.120358346231853656e-03 3.418317624698585322e-04 2.138848938107267700e-02 3.393480886359603378e-04 1.393385959338004805e-02 3.621590488881929457e-04
1.614751879564943439e-04 1.654054442746549401e-04 3.788532275444790945e-04 2.129570059597192438e-05 1.174406404442569676e-04 4.161922551794253221e-05 -3.195018754374578934e-05 3.114519002175646870e-04 3.824385530924249142e-05 3.377979948201303303e-08 1.634368418915286441e-04 2.814928898726624332e-03 -1.255999043643333044e-08 1.607302035186035957e-04 1.041491402471416946e-03 4.840444370923493422e-08 2.281813804386243535e-03 1.302738121903279091e-04 4.666097398100507764e-05 4.357644282686459129e-06 -1.225605412075692307e-04 5.859713566802411330e-04 5.025907084318938201e-05 5.657077059713115034e-04 6.287195078634257614e-05 1.975058556641417010e-03 5.084692738949621169e-05 2.492368832705130557e-04 4.456050693801476639e-05 2.525247442269603314e-03 4.482183511319713827e-05 1.643397584115536755e-03 4.750799901915093087e-05
5.047097557557878728e-03 5.170410045869228838e-03 1.184258679427646621e-02 8.503403996508246887e-04 4.974944880428659039e-03 2.174300440302677235e-03 -1.012592870697509410e-03 1.008663681823433224e-02 1.177645791476851674e-03 -1.029219616523783401e-06 5.124831070954710688e-03 6.521594111407200134e-02 -3.182549682690426546e-07 4.899913344397599513e-03 4.611779923871354298e-02 1.267979228048393118e-06 6.676352079199378287e-02 4.777563396802774962e-03 1.702201370451723959e-03 1.180439145914425323e-04 -6.516886927770899549e-03 1.924471964539767321e-02 1.640892213508898193e-03 1.835756091042452243e-02 1.975058556641417010e-03 6.396739927970952755e-02 1.631423653570129124e-03 5.752610594148211548e-03 1.177983778697676721e-03 5.824630684474383507e-02 1.198915384460636337e-03 4.535353087441241354e-02 1.381840304938898416e-03
1.554442739167164551e-04 1.592290684248289705e-04 3.647069397929909472e-04 2.805587027993565593e-05 1.603606502461604267e-04 6.495105995902809425e-05 -3.188141871348843036e-05 3.053992687528411429e-04 3.582734649942798734e-05 -8.296458191914085300e-08 1.576224820164211921e-04 1.242133997264590652e-03 -7.310298424329598434e-09 1.464366972936388504e-04 6.549929130531774099e-04 -1.511409698290315615e-08 1.821553663013406824e-03 7.121670313167521567e-05 2.639803528600005741e-05 6.600821707247376443e-07 -1.617762039686424088e-04 4.335968215789620488e-04 4.077071491060055151e-05 4.123987449979428033e-04 5.084692738949621169e-05 1.631423653570129124e-03 4.539111224636499368e-05 1.085825166379097382e-04 2.904618497858400738e-05 1.117344092857506122e-03 3.030698176339358796e-05 8.588498453640768795e-04 3.366777372325170203e-05
-2.122617811961237188e-05 -2.174843138215873283e-05 -4.983457934518086235e-05 5.675735923675193369e-07 3.865519735397302285e-06 2.429232433939936990e-06 3.997742277160217775e-06 -1.230302287196993176e-05 -4.672281608963118306e-06 -1.714982533143313817e-08 -2.149857958967099902e-05 6.647978837881744762e-02 -2.167259895932363240e-07 2.765620343492640465e-04 -1.375309570629387398e-02 4.926842241216519423e-07 3.131779043675862739e-03 1.582675405833075771e-05 5.489329340754952235e-06 5.540552852303885366e-07 -1.258354562598602735e-05 2.214954574866629874e-03 1.431682028288788506e-04 2.120358346231853656e-03 2.492368832705130557e-04 5.752610594148211548e-03 1.085825166379097382e-04 5.950096117545740707e-03 6.250241984638186870e-04 5.946640623858184815e-02 5.786802260819346767e-04 3.867611534574801058e-02 6.394536273539068926e-04
8.978404082334431803e-05 9.203230579593278118e-05 2.107937639365123014e-04 -2.372340963134046113e-06 -1.617704260874009488e-05 -1.018952327263373327e-05 -1.738664367583557242e-05 5.198353663241697008e-05 1.993384518735669676e-05 5.591185872006945070e-08 9.093618468425309102e-05 7.000462101449914272e-03 -2.468093448184610706e-08 1.087483069721576639e-04 -1.464646141130366295e-03 2.895728246892852023e-08 1.010097693713306799e-03 1.669496547201614311e-06 5.611700095974434343e-07 6.214805746579924995e-07 2.720311135882567456e-05 3.577797885752456481e-04 2.823554270360815750e-05 3.418317624698585322e-04 4.456050693801476639e-05 1.177983778697676721e-03 2.904618497858400738e-05 6.250241984638186870e-04 7.607819096988340630e-05 6.222709703871735949e-03 7.204807403175976575e-05 4.075919767371316560e-03 7.892228132508889000e-05
-4.053458125624710196e-04 -4.338940194421791931e-04 -9.938153514095116221e-04 1.646293228754846074e-04 7.126261388775616355e-04 -2.854418019039071486e-05 4.818096601084686538e-05 1.376410656268389028e-03 -7.446574958114919834e-05 -3.295386581586440040e-07 -4.287307871452726788e-04 6.643723669653615049e-01 -2.163268003051709856e-06 2.605368671137987466e-03 -1.394449120404852582e-01 5.182056559831856209e-06 4.020582494273988727e-02 1.573789249155123533e-04 7.574089443293828073e-05 2.270369268030574894e-05 5.507230652326501521e-04 2.235310928117865276e-02 1.467056091129990275e-03 2.138848938107267700e-02 2.525247442269603314e-03 5.824630684474383507e-02 1.117344092857506122e-03 5.946640623858184815e-02 6.222709703871735949e-03 6.070505848476981381e-01 5.877799522705286564e-03 3.865469892427103593e-01 6.364531731003840453e-03
9.751654892224879381e-05 9.978297736029862397e-05 2.285484620365844152e-04 -1.118248476898512885e-06 -1.151151540382625851e-05 -1.177608703924465773e-05 -1.915865669756642447e-05 7.173544273650823858e-05 2.179326286037408506e-05 6.044142220021182834e-08 9.859554080224360441e-05 6.484042082545182252e-03 -2.316261016877293778e-08 1.132309864647022401e-04 -1.378497594685505062e-03 2.523638197071409174e-08 1.139698670773770265e-03 1.537090749715951500e-06 7.139738798687166425e-07 8.373328961489015275e-07 3.662821342211551329e-05 3.553553732487527757e-04 2.881137772478738410e-05 3.393480886359603378e-04 4.482183511319713827e-05 1.198915384460636337e-03 3.030698176339358796e-05 5.786802260819346767e-04 7.204807403175976575e-05 5.877799522705286564e-03 6.958572487213439514e-05 3.776128598141979213e-03 7.489282022530804363e-05
-2.144201786809249249e-05 -2.197872127966874178e-05 -5.034128231973117600e-05 5.667180348896946058e-07 3.864347668807519828e-06 2.433924709197242059e-06 4.149537882488767470e-06 -1.241490962403242834e-05 -4.759588133986298050e-06 -1.344694231783016369e-08 3.284848962420858979e-04 4.321458336225119101e-01 -1.411129944129790136e-06 1.898099031491292310e-03 -8.943106426873873027e-02 3.175674333224384853e-06 2.121639525127305692e-02 1.028957641087556354e-04 3.566379089526297780e-05 4.321148523361993037e-06 -4.536114641974809954e-05 2.033314449147373415e-02 1.313858480225414552e-03 1.393385959338004805e-02 1.643397584115536755e-03 4.535353087441241354e-02 8.588498453640768795e-04 3.867611534574801058e-02 4.075919767371316560e-03 3.865469892427103593e-01 3.776128598141979213e-03 4.102357334880012418e-01 6.733237244307217241e-03
1.014578039291638820e-04 1.039973386797195644e-04 2.382012729657475040e-04 -2.681555687657438767e-06 -1.828504274903275330e-05 -1.151667017626293048e-05 -1.963448606932032751e-05 5.874397991658633389e-05 2.252107811825766813e-05 6.362727687061787811e-08 1.084138388792808122e-04 7.163864351421897481e-03 -2.545002926212385040e-08 1.195665092368708112e-04 -1.500695855724036793e-03 2.728035219819979678e-08 1.104438452604249122e-03 1.708956828151794822e-06 5.725494881184837865e-07 6.947056119001330379e-07 3.081247620222092825e-05 4.723630243766406295e-04 3.618221402955241599e-05 3.621590488881929457e-04 4.750799901915093087e-05 1.381840304938898416e-03 3.366777372325170203e-05 6.394536273539068926e-04 7.892228132508889000e-05 6.364531731003840453e-03 7.489282022530804363e-05 6.733237244307217241e-03 1.233343264694398425e-04
