theo_error.scale_from_amplitudes = yes
scaling_form = 1
eft_nu = 3.0
eft_C = 2.1603
residual_list.load = no
residual_list.load.prefix = NLOsim-600-158.theo
eft_C = 5.31316585838794708
eft_C = 5.03378577530384064
eft_C = 4.98169206082820892
