theo_error.scale_from_amplitudes = yes
scaling_form = 1
eft_nu = 3.0
eft_C = 2.1603
residual_list.load = no
residual_list.load.prefix = NLOsim-475-125.theo
eft_C = 2.91548408567905426
eft_C = 2.55077593028545380
