theo_error.scale_from_amplitudes = yes
scaling_form = 1
eft_nu = 3.0
eft_C = 2.1603
residual_list.load = no
residual_list.load.prefix = NLOsim-600-290.theo
eft_C = 4.12685848772525787
eft_C = 4.02415134012699127
eft_C = 4.00797642767429352
eft_C = 4.00827951729297638
