par.Ct_1S0np = -0.150622532143627
par.Ct_1S0pp = -0.148913834270203
par.C_1S0 = 1.69350481093600
par.Ct_3S1 = -0.184312039709438
par.C_3S1 = -0.217899794020048
par.C_3S1-3D1 = 0.263422413165984
par.C_3P0 = 1.29979117865505
par.C_1P1 = 1.02509005037230
par.C_3P1 = -0.336126655491496
par.C_3P2 = -0.202925280977147
par.Ct_1S0nn = -0.149910259097322
par.Ct_1S0np = -0.154176676900964
par.Ct_1S0pp = -0.152752597140137
par.C_1S0 = 1.65183031739892
par.Ct_3S1 = -0.186702292811786
par.C_3S1 = -0.242367294613723
par.C_3S1-3D1 = 0.249373204444369
par.C_3P0 = 1.27439987754013
par.C_1P1 = 0.972017076225278
par.C_3P1 = -0.338578057488952
par.C_3P2 = -0.219100256371956
par.Ct_1S0nn = -0.153588196011275
par.Ct_1S0np = -0.154334721326648
par.Ct_1S0pp = -0.152848074001968
par.C_1S0 = 1.66884469903571
par.Ct_3S1 = -0.181587332955277
par.C_3S1 = -0.265274665254719
par.C_3S1-3D1 = 0.192197798820084
par.C_3P0 = 1.29956019439714
par.C_1P1 = 1.08446849884773
par.C_3P1 = -0.384598178794458
par.C_3P2 = -0.230571543015575
par.Ct_1S0nn = -0.153730859379536
par.Ct_1S0np = -0.154325189853607
par.Ct_1S0pp = -0.152843014577275
par.C_1S0 = 1.66777709544061
par.Ct_3S1 = -0.181653308718395
par.C_3S1 = -0.265316067155894
par.C_3S1-3D1 = 0.193088657348123
par.C_3P0 = 1.29851421897746
par.C_1P1 = 1.08343993174290
par.C_3P1 = -0.377842852420640
par.C_3P2 = -0.229712773672260
par.Ct_1S0nn = -0.153722821894960
