7.913444846395647974e-09 3.166974148982698493e-09 -5.786653957274969089e-07 -1.212131071311005295e-08 1.423205729461386379e-07 8.629333909878083943e-08 1.923721453268974307e-07 -1.288042068862804299e-07 -2.830400475494652275e-07 9.251591794564097874e-10 4.771279693875233795e-09 2.250023627841464766e-07 4.067472609153251847e-11 -3.416038099531676885e-06 -4.034474623364730729e-07 5.585704690604682946e-10 -1.199371229905736179e-05 4.169430759000071007e-11 8.128296229417550389e-09 -8.319580771893610237e-09 -4.513433014151758199e-07 -1.130382076429364390e-06 -9.798200701881373574e-08 -1.113169532284500795e-06 -1.548067939086577255e-07 -5.762499079665207199e-06 -1.523638378079562648e-07 5.506784816029248684e-08 -2.322578202363899514e-07 5.824936216783124309e-06 -2.036165223349016892e-07 5.781650777949783165e-08 -2.629653021871602242e-07
3.166974148982698493e-09 1.643900239381839154e-09 -2.987159254892439064e-07 -5.175752653907946206e-09 3.518851936429424656e-08 5.335519015398311673e-08 1.024724590010124460e-07 -1.506412760321928114e-07 -1.480531808091315053e-07 5.843885061045633725e-10 2.463007534314621758e-09 1.428212516914654893e-07 2.121899096331972063e-11 -1.771664398727800714e-06 1.752387091854792000e-07 2.617078169448870175e-10 -8.300266145120328100e-06 -3.166160324060975215e-12 6.649665971107960341e-11 -6.331906167434229261e-09 -2.915523456906974756e-07 -6.607563501859367980e-07 -6.010035061837681465e-08 -6.464327626556851464e-07 -8.986354314422223506e-08 -3.303794891150132593e-06 -8.884342511505886776e-08 3.080687064870388587e-08 -1.196413166927406952e-07 5.802749609586351366e-07 -1.292303465616977337e-07 2.984576537222525633e-08 -1.357467099197126964e-07
-5.786653957274969089e-07 -2.987159254892439064e-07 5.458136513745996579e-05 9.451914196272134658e-07 -6.424678454266609190e-06 -9.744594370894634887e-06 -1.875946011469720518e-05 2.751830331270666325e-05 2.706842694044152926e-05 -1.110053200708933786e-07 -4.500406643755657252e-07 -2.122935217376761558e-05 -3.896648771029421601e-09 3.238211664138509766e-04 -3.200735384937833334e-05 -4.797315107352053480e-08 1.516946068132218103e-03 5.728879852320850552e-10 -1.195702550915469800e-08 1.156481104489167798e-06 5.324852016469457724e-05 1.207264402075921216e-04 1.098133656109826616e-05 1.182373262652576084e-04 1.643098785833896363e-05 6.038251614639417175e-04 1.623583549833698133e-05 -5.193609770778502260e-06 2.190727608944910900e-05 -1.060171774578733453e-04 2.361307095345260539e-05 -5.453417372777614443e-06 2.480363485208118620e-05
-1.212131071311005295e-08 -5.175752653907946206e-09 9.451914196272134658e-07 2.498304556352235561e-06 -1.816635027700182301e-05 -2.499081618319149681e-05 5.405302120178525543e-07 -3.266426768718275346e-06 1.741632201593462414e-06 2.752782327171156752e-07 -7.793402993491172307e-09 -2.639800265069603896e-07 -5.634765143511422991e-11 1.699246224253521935e-05 -1.861775667638150008e-05 3.711530039484748696e-08 -1.810127215534216205e-05 8.015480824444836872e-09 -1.867536009280126429e-07 2.928211931136930874e-06 1.361594435289062378e-04 3.309018359306214308e-05 2.171874372949212764e-06 3.144292711959958573e-05 3.295058163752721308e-06 1.910783002220785504e-04 3.525319621776181467e-06 -9.068872819797581131e-08 3.792906766309248992e-07 -7.387976481878395141e-06 3.537236747123970671e-07 -9.443742008676186477e-08 4.295272347752910373e-07
1.423205729461386379e-07 3.518851936429424656e-08 -6.424678454266609190e-06 -1.816635027700182301e-05 1.574276914101801626e-04 1.653529815511858554e-04 -5.490093506768285261e-06 7.344189657141974399e-05 -1.030333851353972722e-05 -2.090213319301290516e-06 5.297351124648110977e-08 1.765573362452218416e-06 1.770409308821540511e-10 -1.047999988410116618e-04 2.463753230719282171e-04 -2.380603800190033472e-07 1.630444565263069849e-03 -1.575678061006561110e-07 4.688481513752930388e-06 -1.854273232381887840e-05 -8.920821249640502716e-04 -1.930312882487522890e-04 -8.603161112114842026e-06 -1.844423137265069519e-04 -1.691655859071114333e-05 -1.128667382249776618e-03 -1.704615294012537985e-05 6.184717008426273481e-07 -2.577906472704202116e-06 2.086235987431200910e-04 -8.298162732476484339e-07 6.419123634736754396e-07 -2.919593125242200085e-06
8.629333909878083943e-08 5.335519015398311673e-08 -9.744594370894634887e-06 -2.499081618319149681e-05 1.653529815511858554e-04 2.605622064451086108e-04 -4.399477451192895260e-06 5.719178143369056739e-07 -1.894719159378529096e-05 -2.696434683547234377e-06 8.034727078927551573e-08 2.740130622919261292e-06 7.139873179585417052e-10 -1.821001473873383176e-04 1.145881967895443984e-04 -3.918268794681271477e-07 -7.873006558168791020e-04 -7.739909883291277094e-09 -2.809676855820945150e-07 -3.106764361145826302e-05 -1.425344364932843106e-03 -3.617321398811159392e-04 -2.637002540622871243e-05 -3.430649800400509784e-04 -3.751091327652692538e-05 -2.079819502105519167e-03 -4.081283018010672844e-05 9.336511728959271455e-07 -3.910495296458952057e-06 -2.605388820828165297e-05 -4.662827980969210590e-06 9.736169130081854396e-07 -4.428276206514909529e-06
1.923721453268974307e-07 1.024724590010124460e-07 -1.875946011469720518e-05 5.405302120178525543e-07 -5.490093506768285261e-06 -4.399477451192895260e-06 7.243723090466689892e-05 -5.457196750646091632e-06 -2.265364454747027201e-05 2.691246431956996603e-06 1.546776976369730278e-07 8.842226113661046517e-06 6.532639942667409359e-09 -3.870082029311752193e-05 -5.918890986336452822e-06 4.967250720178369711e-07 -4.665010441133729188e-04 6.676956023265781562e-09 -2.458564159491640752e-07 4.642238313356533067e-07 2.342698656549644070e-05 -2.627079780965707067e-05 -3.088473913521015763e-06 -2.617124840679604906e-05 -4.240594610256726618e-06 -1.262539825473347793e-04 -4.459533804340562777e-06 1.733708793218783575e-06 -7.534939550847248260e-06 1.922122098751302233e-05 -8.286874819611061050e-06 1.874324056127461743e-06 -8.524938823631338775e-06
-1.288042068862804299e-07 -1.506412760321928114e-07 2.751830331270666325e-05 -3.266426768718275346e-06 7.344189657141974399e-05 5.719178143369056739e-07 -5.457196750646091632e-06 3.381668209725094496e-03 -1.958768161369862663e-05 -1.120273761919964281e-06 -2.268971374048553228e-07 -1.181885507130004004e-05 -1.632778292067250862e-10 -1.187290303985740603e-04 2.949764268375585871e-04 -5.456117312229441862e-08 3.101849322564868838e-02 -1.882501164097903896e-07 6.782981475728039996e-06 1.565592997372145829e-06 1.418899057966649956e-05 1.772470427045502424e-04 2.551406573000604294e-05 1.756576372625208448e-04 2.196313817098749898e-05 8.026019802708891015e-04 2.349891304610407633e-05 -2.628335531294621065e-06 1.104394560927984614e-05 3.772387892076611458e-04 1.618597777332921657e-05 -2.749451080546107228e-06 1.250525605943017786e-05
-2.830400475494652275e-07 -1.480531808091315053e-07 2.706842694044152926e-05 1.741632201593462414e-06 -1.030333851353972722e-05 -1.894719159378529096e-05 -2.265364454747027201e-05 -1.958768161369862663e-05 1.131520578748421564e-04 6.729559750244522122e-06 -2.231877640509426962e-07 -6.650084071615525713e-06 -7.247921071595779404e-09 9.569974776546902274e-04 -2.672713714662414909e-05 6.490985512623175212e-08 3.306693466163649654e-03 -3.991392388270461606e-09 1.801009024140911354e-07 2.297592931557939451e-06 1.040539050820489953e-04 9.608380906190954439e-05 8.363650689081017243e-06 9.339518492897614049e-05 1.180282819106478805e-05 4.822302307073146306e-04 1.137983337091724140e-05 -2.552431367220824324e-06 1.086690741514507090e-05 -4.217235276935070014e-05 1.181380192731267139e-05 -2.704502339928662166e-06 1.230081688429886443e-05
9.251591794564097874e-10 5.843885061045633725e-10 -1.110053200708933786e-07 2.752782327171156752e-07 -2.090213319301290516e-06 -2.696434683547234377e-06 2.691246431956996603e-06 -1.120273761919964281e-06 6.729559750244522122e-06 3.124426025384567318e-06 9.152740659401582821e-10 8.073488725092562431e-07 1.839598516731851234e-11 3.251975962963328916e-05 -4.837159126242814062e-06 -2.971707557777804923e-08 1.107611668241630776e-04 1.230669214292506600e-09 -3.221781042652619678e-08 3.130377312262614830e-07 1.466035948389324532e-05 4.984626120614566854e-06 3.128259649148960093e-07 4.773673988995924197e-06 4.530924069932937612e-07 2.616955914048261537e-05 3.981987509951477464e-07 4.486917570805665419e-09 -4.520180613542531612e-08 -4.497004666119109012e-07 -5.463637385822616022e-08 1.109093441362683655e-08 -5.044460538395706629e-08
4.771279693875233795e-09 2.463007534314621758e-09 -4.500406643755657252e-07 -7.793402993491172307e-09 5.297351124648110977e-08 8.034727078927551573e-08 1.546776976369730278e-07 -2.268971374048553228e-07 -2.231877640509426962e-07 9.152740659401582821e-10 5.730408345587397077e-08 1.750427409150333058e-07 3.212910482058934297e-11 -2.670008207100369671e-06 2.639107826453383783e-07 3.955538438246048970e-10 -1.250770138498400289e-05 -4.723643112209351062e-12 9.858946712936489711e-11 -9.535553449264895428e-09 -4.390509349039354070e-07 3.315182592731988082e-06 1.353104204562998252e-07 -9.749042504231390538e-07 -1.354787054792569395e-07 1.303474524419447550e-06 -4.292832024977598229e-08 4.282295955519148666e-08 -1.806324385827451149e-07 8.741452482583313340e-07 -1.946972581773304197e-07 9.218652473733576487e-05 1.342403758665164945e-06
2.250023627841464766e-07 1.428212516914654893e-07 -2.122935217376761558e-05 -2.639800265069603896e-07 1.765573362452218416e-06 2.740130622919261292e-06 8.842226113661046517e-06 -1.181885507130004004e-05 -6.650084071615525713e-06 8.073488725092562431e-07 1.750427409150333058e-07 2.379622768539743801e-04 6.984221657949483629e-10 -8.707231243088056041e-05 -1.806712591779028861e-05 3.070467689382697664e-08 -4.750275083684307297e-04 2.151633325596226963e-07 7.523056972752897836e-08 -3.158694161029617595e-07 -1.514552112105520108e-05 -3.715016960350102468e-05 -3.705973583076332239e-06 -3.441540710056448303e-05 -5.308244469079485264e-06 -1.960897689413409247e-04 -5.717398959780872712e-06 2.249634567954244104e-05 -6.046575369642896909e-06 1.728458892977918489e-04 -7.557221823416261960e-06 8.967704450802277134e-05 -7.854577787999299124e-06
4.067472609153251847e-11 2.121899096331972063e-11 -3.896648771029421601e-09 -5.634765143511422991e-11 1.770409308821540511e-10 7.139873179585417052e-10 6.532639942667409359e-09 -1.632778292067250862e-10 -7.247921071595779404e-09 1.839598516731851234e-11 3.212910482058934297e-11 6.984221657949483629e-10 8.832228892114975724e-13 -5.463511012737953556e-08 1.520644383047612451e-09 2.988229149532968570e-11 -2.208919380961786890e-07 -1.701015024057412255e-13 -2.669731746425873556e-11 -9.134365181581472343e-11 -3.970471600371086389e-09 -9.090868459507166024e-09 -8.618856843687258640e-10 -8.911402741427779770e-09 -1.231725460951952211e-09 -4.510411910871981509e-08 -1.222602428717144785e-09 2.968492398984876087e-10 -1.572867563048003864e-09 5.436238967144849216e-09 -1.708055707502852688e-09 9.134631047700003571e-11 -1.776871536827507705e-09
-3.416038099531676885e-06 -1.771664398727800714e-06 3.238211664138509766e-04 1.699246224253521935e-05 -1.047999988410116618e-04 -1.821001473873383176e-04 -3.870082029311752193e-05 -1.187290303985740603e-04 9.569974776546902274e-04 3.251975962963328916e-05 -2.670008207100369671e-06 -8.707231243088056041e-05 -5.463511012737953556e-08 9.173009987567645046e-03 -2.890619529949390015e-04 2.591090081307838427e-06 3.153042726794681727e-02 2.925733539790573709e-08 1.213415304669057065e-06 2.195545823563195721e-05 9.986449700826838076e-04 1.041132940086396050e-03 9.051169766687568814e-05 1.012907444276047331e-03 1.303245737977853762e-04 5.224296493188625157e-03 1.258097646500954401e-04 -3.007679883409203645e-05 1.300629955135269627e-04 -5.780838295439821861e-04 1.406118165106078912e-04 -2.853287786119852596e-05 1.472336304530443213e-04
-4.034474623364730729e-07 1.752387091854792000e-07 -3.200735384937833334e-05 -1.861775667638150008e-05 2.463753230719282171e-04 1.145881967895443984e-04 -5.918890986336452822e-06 2.949764268375585871e-04 -2.672713714662414909e-05 -4.837159126242814062e-06 2.639107826453383783e-07 -1.806712591779028861e-05 1.520644383047612451e-09 -2.890619529949390015e-04 2.382787723214424037e-03 -8.093062335876782673e-08 5.995556435937845693e-03 8.678358257170277806e-05 4.667915972484958955e-05 -5.627037480202287652e-06 -6.507359847635475585e-04 3.803604248014304657e-05 1.718152485253082506e-05 3.582573633413331851e-05 3.303833677970270850e-06 -2.735335166757766646e-04 6.136538547180841316e-06 4.764598426667456129e-07 -1.317656439797735288e-05 -1.926344071406001744e-03 -3.367614916508373483e-05 -1.360543437409524522e-05 -1.488929427626567770e-05
5.585704690604682946e-10 2.617078169448870175e-10 -4.797315107352053480e-08 3.711530039484748696e-08 -2.380603800190033472e-07 -3.918268794681271477e-07 4.967250720178369711e-07 -5.456117312229441862e-08 6.490985512623175212e-08 -2.971707557777804923e-08 3.955538438246048970e-10 3.070467689382697664e-08 2.988229149532968570e-11 2.591090081307838427e-06 -8.093062335876782673e-08 5.990216334149376189e-09 7.081715313426804932e-06 4.837304217290380082e-09 3.112820135266740406e-09 4.718704893753577700e-08 2.142299719420941228e-06 5.108220250014779710e-07 3.494814206368209618e-08 4.805670189979139768e-07 4.867604112685405143e-08 2.914639641098335152e-06 5.144080452377153901e-08 4.579656320575120925e-09 -1.924825725236704828e-08 2.275812850559169128e-07 -1.941283358741696467e-08 6.326853272168979456e-09 -2.176923367671461227e-08
-1.199371229905736179e-05 -8.300266145120328100e-06 1.516946068132218103e-03 -1.810127215534216205e-05 1.630444565263069849e-03 -7.873006558168791020e-04 -4.665010441133729188e-04 3.101849322564868838e-02 3.306693466163649654e-03 1.107611668241630776e-04 -1.250770138498400289e-05 -4.750275083684307297e-04 -2.208919380961786890e-07 3.153042726794681727e-02 5.995556435937845693e-03 7.081715313426804932e-06 4.438240209121818713e-01 -1.327976113438778538e-05 1.958287489763279210e-04 1.410834654296681313e-04 4.816934046396422441e-03 6.674411618040942962e-03 8.052624167078333353e-04 6.456338781811458288e-03 8.986950891498302323e-04 3.311037066208995239e-02 9.526894489980103744e-04 -1.424782675086542257e-04 6.090844260043713982e-04 7.875024495751340586e-03 7.638583976499818077e-04 -1.424558564654311728e-04 6.895385414496489618e-04
4.169430759000071007e-11 -3.166160324060975215e-12 5.728879852320850552e-10 8.015480824444836872e-09 -1.575678061006561110e-07 -7.739909883291277094e-09 6.676956023265781562e-09 -1.882501164097903896e-07 -3.991392388270461606e-09 1.230669214292506600e-09 -4.723643112209351062e-12 2.151633325596226963e-07 -1.701015024057412255e-13 2.925733539790573709e-08 8.678358257170277806e-05 4.837304217290380082e-09 -1.327976113438778538e-05 6.942830418155000948e-06 2.427565463472701167e-06 3.279651324059104319e-07 -5.162087591881948995e-06 1.370576773395113147e-05 7.021066891682541334e-07 1.352007992448828820e-05 6.495661454614383549e-07 3.142804351235399616e-05 2.944484935119074642e-07 1.911221793764544395e-08 2.687713476165279819e-09 3.300448816193992816e-07 3.833309288236631065e-09 1.245066949244263405e-07 2.810866499281673827e-09
8.128296229417550389e-09 6.649665971107960341e-11 -1.195702550915469800e-08 -1.867536009280126429e-07 4.688481513752930388e-06 -2.809676855820945150e-07 -2.458564159491640752e-07 6.782981475728039996e-06 1.801009024140911354e-07 -3.221781042652619678e-08 9.858946712936489711e-11 7.523056972752897836e-08 -2.669731746425873556e-11 1.213415304669057065e-06 4.667915972484958955e-05 3.112820135266740406e-09 1.958287489763279210e-04 2.427565463472701167e-06 1.310289772755280786e-06 2.584629676876350206e-07 8.732888163731383948e-07 8.630344305028253075e-06 1.037285027608877570e-06 8.239784912332307734e-06 9.141525987299729585e-07 3.119576225897759255e-05 9.770482565525116016e-07 8.157872615643555452e-09 -3.905052284400084384e-09 2.124520139824199699e-05 2.058708207794552160e-07 4.499408093458258845e-08 -4.536859284122327048e-09
-8.319580771893610237e-09 -6.331906167434229261e-09 1.156481104489167798e-06 2.928211931136930874e-06 -1.854273232381887840e-05 -3.106764361145826302e-05 4.642238313356533067e-07 1.565592997372145829e-06 2.297592931557939451e-06 3.130377312262614830e-07 -9.535553449264895428e-09 -3.158694161029617595e-07 -9.134365181581472343e-11 2.195545823563195721e-05 -5.627037480202287652e-06 4.718704893753577700e-08 1.410834654296681313e-04 3.279651324059104319e-07 2.584629676876350206e-07 3.746258083485206007e-06 1.699808461579746565e-04 4.460402486274494849e-05 3.360398681872981617e-06 4.229622300529545307e-05 4.658300491299032406e-06 2.537782298645762345e-04 5.079277007575089565e-06 -1.098272814224584715e-07 4.642185916475843040e-07 8.181271209096984407e-06 6.039802657443817070e-07 -1.096189647347165229e-07 5.256658808956568786e-07
-4.513433014151758199e-07 -2.915523456906974756e-07 5.324852016469457724e-05 1.361594435289062378e-04 -8.920821249640502716e-04 -1.425344364932843106e-03 2.342698656549644070e-05 1.418899057966649956e-05 1.040539050820489953e-04 1.466035948389324532e-05 -4.390509349039354070e-07 -1.514552112105520108e-05 -3.970471600371086389e-09 9.986449700826838076e-04 -6.507359847635475585e-04 2.142299719420941228e-06 4.816934046396422441e-03 -5.162087591881948995e-06 8.732888163731383948e-07 1.699808461579746565e-04 7.803868392171508205e-03 1.977179127339859493e-03 1.456409034641285914e-04 1.874436273362903435e-03 2.063321576254800401e-04 1.139884755583117984e-02 2.251207873703943473e-04 -5.115657893062018518e-06 2.136678990963259539e-05 1.956181108824894929e-04 2.600858380114415516e-05 -5.414369494412517619e-06 2.419601741869381015e-05
-1.130382076429364390e-06 -6.607563501859367980e-07 1.207264402075921216e-04 3.309018359306214308e-05 -1.930312882487522890e-04 -3.617321398811159392e-04 -2.627079780965707067e-05 1.772470427045502424e-04 9.608380906190954439e-05 4.984626120614566854e-06 3.315182592731988082e-06 -3.715016960350102468e-05 -9.090868459507166024e-09 1.041132940086396050e-03 3.803604248014304657e-05 5.108220250014779710e-07 6.674411618040942962e-03 1.370576773395113147e-05 8.630344305028253075e-06 4.460402486274494849e-05 1.977179127339859493e-03 1.123370015713929778e-03 8.242932999625848854e-05 7.443275325980971665e-04 8.880532181490815116e-05 4.666320432746853819e-03 1.004493219137373252e-04 -1.082939538352347219e-05 4.854047325009930514e-05 1.673862837754795413e-04 5.623896949227930958e-05 7.404269553591209981e-03 1.793793657799822223e-04
-9.798200701881373574e-08 -6.010035061837681465e-08 1.098133656109826616e-05 2.171874372949212764e-06 -8.603161112114842026e-06 -2.637002540622871243e-05 -3.088473913521015763e-06 2.551406573000604294e-05 8.363650689081017243e-06 3.128259649148960093e-07 1.353104204562998252e-07 -3.705973583076332239e-06 -8.618856843687258640e-10 9.051169766687568814e-05 1.718152485253082506e-05 3.494814206368209618e-08 8.052624167078333353e-04 7.021066891682541334e-07 1.037285027608877570e-06 3.360398681872981617e-06 1.456409034641285914e-04 8.242932999625848854e-05 6.871026866851580447e-06 6.151023376565143417e-05 7.777866370139536269e-06 3.700386331938316196e-04 8.684383468500006070e-06 -1.009081112690681562e-06 4.412170258049654108e-06 2.777040690852397223e-05 5.239644418418175684e-06 3.874537443886015998e-04 1.151445051171956400e-05
-1.113169532284500795e-06 -6.464327626556851464e-07 1.182373262652576084e-04 3.144292711959958573e-05 -1.844423137265069519e-04 -3.430649800400509784e-04 -2.617124840679604906e-05 1.756576372625208448e-04 9.339518492897614049e-05 4.773673988995924197e-06 -9.749042504231390538e-07 -3.441540710056448303e-05 -8.911402741427779770e-09 1.012907444276047331e-03 3.582573633413331851e-05 4.805670189979139768e-07 6.456338781811458288e-03 1.352007992448828820e-05 8.239784912332307734e-06 4.229622300529545307e-05 1.874436273362903435e-03 7.443275325980971665e-04 6.151023376565143417e-05 7.137024865571941438e-04 8.515865447818697772e-05 3.981195175233198484e-03 8.915407995363836251e-05 -1.042529049944323402e-05 4.755888454569547313e-05 1.477978521107636714e-04 5.491896863096041215e-05 -7.583253930124752972e-06 5.381769299156620028e-05
-1.548067939086577255e-07 -8.986354314422223506e-08 1.643098785833896363e-05 3.295058163752721308e-06 -1.691655859071114333e-05 -3.751091327652692538e-05 -4.240594610256726618e-06 2.196313817098749898e-05 1.180282819106478805e-05 4.530924069932937612e-07 -1.354787054792569395e-07 -5.308244469079485264e-06 -1.231725460951952211e-09 1.303245737977853762e-04 3.303833677970270850e-06 4.867604112685405143e-08 8.986950891498302323e-04 6.495661454614383549e-07 9.141525987299729585e-07 4.658300491299032406e-06 2.063321576254800401e-04 8.880532181490815116e-05 7.777866370139536269e-06 8.515865447818697772e-05 1.062181743780032600e-05 4.769095262300700687e-04 1.120676811915997327e-05 -1.487692396931540272e-06 6.604261741941879933e-06 1.993275719605191733e-05 7.625153630385460127e-06 -1.253349396625976369e-06 7.474752854556557679e-06
-5.762499079665207199e-06 -3.303794891150132593e-06 6.038251614639417175e-04 1.910783002220785504e-04 -1.128667382249776618e-03 -2.079819502105519167e-03 -1.262539825473347793e-04 8.026019802708891015e-04 4.822302307073146306e-04 2.616955914048261537e-05 1.303474524419447550e-06 -1.960897689413409247e-04 -4.510411910871981509e-08 5.224296493188625157e-03 -2.735335166757766646e-04 2.914639641098335152e-06 3.311037066208995239e-02 3.142804351235399616e-05 3.119576225897759255e-05 2.537782298645762345e-04 1.139884755583117984e-02 4.666320432746853819e-03 3.700386331938316196e-04 3.981195175233198484e-03 4.769095262300700687e-04 2.343174805576041242e-02 5.153083283970510010e-04 -5.511789684539203978e-05 2.426517539471108027e-04 5.375632056152761240e-04 2.782782176035092890e-04 1.075515563931324532e-02 4.560203020248370666e-04
-1.523638378079562648e-07 -8.884342511505886776e-08 1.623583549833698133e-05 3.525319621776181467e-06 -1.704615294012537985e-05 -4.081283018010672844e-05 -4.459533804340562777e-06 2.349891304610407633e-05 1.137983337091724140e-05 3.981987509951477464e-07 -4.292832024977598229e-08 -5.717398959780872712e-06 -1.222602428717144785e-09 1.258097646500954401e-04 6.136538547180841316e-06 5.144080452377153901e-08 9.526894489980103744e-04 2.944484935119074642e-07 9.770482565525116016e-07 5.079277007575089565e-06 2.251207873703943473e-04 1.004493219137373252e-04 8.684383468500006070e-06 8.915407995363836251e-05 1.120676811915997327e-05 5.153083283970510010e-04 1.209326449677858238e-05 -1.509925786359165986e-06 6.520973963385594393e-06 2.102352908294540207e-05 7.547139914994413154e-06 1.549404469583581594e-04 1.000733871848326527e-05
5.506784816029248684e-08 3.080687064870388587e-08 -5.193609770778502260e-06 -9.068872819797581131e-08 6.184717008426273481e-07 9.336511728959271455e-07 1.733708793218783575e-06 -2.628335531294621065e-06 -2.552431367220824324e-06 4.486917570805665419e-09 4.282295955519148666e-08 2.249634567954244104e-05 2.968492398984876087e-10 -3.007679883409203645e-05 4.764598426667456129e-07 4.579656320575120925e-09 -1.424782675086542257e-04 1.911221793764544395e-08 8.157872615643555452e-09 -1.098272814224584715e-07 -5.115657893062018518e-06 -1.082939538352347219e-05 -1.009081112690681562e-06 -1.042529049944323402e-05 -1.487692396931540272e-06 -5.511789684539203978e-05 -1.509925786359165986e-06 2.322000574442707413e-06 -1.863723504513383249e-06 2.185393443761056377e-05 -2.101484651433189198e-06 8.325467055103787564e-06 -2.200309270629961153e-06
-2.322578202363899514e-07 -1.196413166927406952e-07 2.190727608944910900e-05 3.792906766309248992e-07 -2.577906472704202116e-06 -3.910495296458952057e-06 -7.534939550847248260e-06 1.104394560927984614e-05 1.086690741514507090e-05 -4.520180613542531612e-08 -1.806324385827451149e-07 -6.046575369642896909e-06 -1.572867563048003864e-09 1.300629955135269627e-04 -1.317656439797735288e-05 -1.924825725236704828e-08 6.090844260043713982e-04 2.687713476165279819e-09 -3.905052284400084384e-09 4.642185916475843040e-07 2.136678990963259539e-05 4.854047325009930514e-05 4.412170258049654108e-06 4.755888454569547313e-05 6.604261741941879933e-06 2.426517539471108027e-04 6.520973963385594393e-06 -1.863723504513383249e-06 8.819777338892286939e-06 -4.104370371085984078e-05 9.496195998594844889e-06 -1.187869222043071670e-06 9.975909205633307794e-06
5.824936216783124309e-06 5.802749609586351366e-07 -1.060171774578733453e-04 -7.387976481878395141e-06 2.086235987431200910e-04 -2.605388820828165297e-05 1.922122098751302233e-05 3.772387892076611458e-04 -4.217235276935070014e-05 -4.497004666119109012e-07 8.741452482583313340e-07 1.728458892977918489e-04 5.436238967144849216e-09 -5.780838295439821861e-04 -1.926344071406001744e-03 2.275812850559169128e-07 7.875024495751340586e-03 3.300448816193992816e-07 2.124520139824199699e-05 8.181271209096984407e-06 1.956181108824894929e-04 1.673862837754795413e-04 2.777040690852397223e-05 1.477978521107636714e-04 1.993275719605191733e-05 5.375632056152761240e-04 2.102352908294540207e-05 2.185393443761056377e-05 -4.104370371085984078e-05 1.274743914492015157e-02 7.906779637431715223e-05 8.692421166503507793e-05 -4.661488333926817114e-05
-2.036165223349016892e-07 -1.292303465616977337e-07 2.361307095345260539e-05 3.537236747123970671e-07 -8.298162732476484339e-07 -4.662827980969210590e-06 -8.286874819611061050e-06 1.618597777332921657e-05 1.181380192731267139e-05 -5.463637385822616022e-08 -1.946972581773304197e-07 -7.557221823416261960e-06 -1.708055707502852688e-09 1.406118165106078912e-04 -3.367614916508373483e-05 -1.941283358741696467e-08 7.638583976499818077e-04 3.833309288236631065e-09 2.058708207794552160e-07 6.039802657443817070e-07 2.600858380114415516e-05 5.623896949227930958e-05 5.239644418418175684e-06 5.491896863096041215e-05 7.625153630385460127e-06 2.782782176035092890e-04 7.547139914994413154e-06 -2.101484651433189198e-06 9.496195998594844889e-06 7.906779637431715223e-05 1.146077765424855427e-05 -1.415861615126184678e-06 1.074990201433797979e-05
5.781650777949783165e-08 2.984576537222525633e-08 -5.453417372777614443e-06 -9.443742008676186477e-08 6.419123634736754396e-07 9.736169130081854396e-07 1.874324056127461743e-06 -2.749451080546107228e-06 -2.704502339928662166e-06 1.109093441362683655e-08 9.218652473733576487e-05 8.967704450802277134e-05 9.134631047700003571e-11 -2.853287786119852596e-05 -1.360543437409524522e-05 6.326853272168979456e-09 -1.424558564654311728e-04 1.245066949244263405e-07 4.499408093458258845e-08 -1.096189647347165229e-07 -5.414369494412517619e-06 7.404269553591209981e-03 3.874537443886015998e-04 -7.583253930124752972e-06 -1.253349396625976369e-06 1.075515563931324532e-02 1.549404469583581594e-04 8.325467055103787564e-06 -1.187869222043071670e-06 8.692421166503507793e-05 -1.415861615126184678e-06 1.586098329821830910e-01 2.658093662226014304e-03
-2.629653021871602242e-07 -1.357467099197126964e-07 2.480363485208118620e-05 4.295272347752910373e-07 -2.919593125242200085e-06 -4.428276206514909529e-06 -8.524938823631338775e-06 1.250525605943017786e-05 1.230081688429886443e-05 -5.044460538395706629e-08 1.342403758665164945e-06 -7.854577787999299124e-06 -1.776871536827507705e-09 1.472336304530443213e-04 -1.488929427626567770e-05 -2.176923367671461227e-08 6.895385414496489618e-04 2.810866499281673827e-09 -4.536859284122327048e-09 5.256658808956568786e-07 2.419601741869381015e-05 1.793793657799822223e-04 1.151445051171956400e-05 5.381769299156620028e-05 7.474752854556557679e-06 4.560203020248370666e-04 1.000733871848326527e-05 -2.200309270629961153e-06 9.975909205633307794e-06 -4.661488333926817114e-05 1.074990201433797979e-05 2.658093662226014304e-03 5.594540216750065709e-05
