par.Ct_1S0np = -0.150622532143627
par.Ct_1S0pp = -0.148913834270203
par.C_1S0 = 1.69350481093600
par.Ct_3S1 = -0.184312039709438
par.C_3S1 = -0.217899794020048
par.C_3S1-3D1 = 0.263422413165984
par.C_3P0 = 1.29979117865505
par.C_1P1 = 1.02509005037230
par.C_3P1 = -0.336126655491496
par.C_3P2 = -0.202925280977147
par.Ct_1S0nn = -0.149910259097322
par.Ct_1S0np = -0.149726654011935
par.Ct_1S0pp = -0.147684201226871
par.C_1S0 = 1.76152180905522
par.Ct_3S1 = -0.169828820519201
par.C_3S1 = -0.289122121119965
par.C_3S1-3D1 = 0.124857744400824
par.C_3P0 = 1.29761946221512
par.C_1P1 = 1.16320656745190
par.C_3P1 = -0.360911443781090
par.C_3P2 = -0.230673997493853
par.Ct_1S0nn = -0.148884680431519
par.Ct_1S0np = -0.149928862945457
par.Ct_1S0pp = -0.147949191254576
par.C_1S0 = 1.74948553679711
par.Ct_3S1 = -0.170687303257414
par.C_3S1 = -0.287008201001468
par.C_3S1-3D1 = 0.132648097978361
par.C_3P0 = 1.29995191059989
par.C_1P1 = 1.15411683721452
par.C_3P1 = -0.346294331080850
par.C_3P2 = -0.227523507076321
par.Ct_1S0nn = -0.149113059047015
