theo_error.scale_from_amplitudes = yes
scaling_form = 1
eft_nu = 3.0
eft_C = 2.1603
residual_list.load = no
residual_list.load.prefix = NLOsim-525-125.theo
eft_C = 4.10761557519435883
eft_C = 3.41198064386844635
