par.Ct_1S0np = -0.150622532143627
par.Ct_1S0pp = -0.148913834270203
par.C_1S0 = 1.69350481093600
par.Ct_3S1 = -0.184312039709438
par.C_3S1 = -0.217899794020048
par.C_3S1-3D1 = 0.263422413165984
par.C_3P0 = 1.29979117865505
par.C_1P1 = 1.02509005037230
par.C_3P1 = -0.336126655491496
par.C_3P2 = -0.202925280977147
par.Ct_1S0nn = -0.149910259097322
par.Ct_1S0np = -0.150389795444515
par.Ct_1S0pp = -0.148587044377748
par.C_1S0 = 1.71552348745646
par.Ct_3S1 = -0.177373686835589
par.C_3S1 = -0.254424601163758
par.C_3S1-3D1 = 0.192401931868687
par.C_3P0 = 1.32762798038753
par.C_1P1 = 1.13868893619389
par.C_3P1 = -0.383008284424505
par.C_3P2 = -0.214780084158422
par.Ct_1S0nn = -0.149648741962984
par.Ct_1S0np = -0.150407023470986
par.Ct_1S0pp = -0.148611297610714
par.C_1S0 = 1.71403453278417
par.Ct_3S1 = -0.177515533557720
par.C_3S1 = -0.254104659083302
par.C_3S1-3D1 = 0.193886137382371
par.C_3P0 = 1.32572325466311
par.C_1P1 = 1.13952768636841
par.C_3P1 = -0.375195611459053
par.C_3P2 = -0.213961066788909
par.Ct_1S0nn = -0.149668553704542
