4.619027276104265098e-05 4.795252166005620719e-05 2.171195837896550650e-04 1.360033917379437942e-06 -1.586297660359713656e-05 -1.745102209830741259e-05 -4.121105085029611026e-05 1.274263009496855376e-04 5.078125387802838247e-05 1.881827699323407530e-07 4.704512390757570881e-05 -2.153550442815522754e-05 -4.877745357673036344e-09 2.717856773451891340e-04 -3.379191333240306365e-05 -5.358512758269256987e-08 1.987357555270029101e-03 -6.863081867870215166e-10 6.615749411473973821e-08 1.368929072537654519e-06 8.963530478874145080e-05 2.190250284188774649e-04 2.205503590406242588e-05 2.099815537554331987e-04 3.095499351932760776e-05 1.039642371262676978e-03 3.114332212129188981e-05 -5.377655363202117474e-06 2.277978547990693717e-05 -9.312722512552461794e-05 2.482350798804604998e-05 -5.494598303155315527e-06 2.576747459536212400e-05
4.795252166005620719e-05 4.979198658979492502e-05 2.254481073773715618e-04 1.367564070257324525e-06 -1.684385905484103057e-05 -1.803436625594540625e-05 -4.276086203525051807e-05 1.306392307249850369e-04 5.271121627585101242e-05 1.959460930419300033e-07 4.884973506845044342e-05 -2.230095751360150854e-05 -5.063133175467108321e-09 2.821567808094387390e-04 -3.334184431240101807e-05 -5.580069317154006288e-08 2.052664748244208831e-03 -8.036827387491830395e-10 4.881582912378708262e-08 1.407747061551976242e-06 9.240909923248839905e-05 2.269845420512566706e-04 2.284339284293675383e-05 2.176231263703730552e-04 3.207865287434096121e-05 1.077643995327120727e-03 3.227284837621862654e-05 -5.578534550062710302e-06 2.365415824136607331e-05 -1.078654066693051353e-04 2.566845934397291176e-05 -5.705366446563138082e-06 2.675589312591378875e-05
2.171195837896550650e-04 2.254481073773715618e-04 1.020784677567537291e-03 6.192087667803364821e-06 -7.626661988056795526e-05 -8.165674685280454117e-05 -1.936081293583288788e-04 5.915082316819726812e-04 2.386642902422724129e-04 8.874088600447894320e-07 2.211819901315029461e-04 -1.012482034470560941e-04 -2.292371942773513157e-08 1.277543476041300037e-03 -1.509660857513641979e-04 -2.526418798847573640e-07 9.294021353726096557e-03 -3.638599367776224716e-09 2.210174216706930407e-07 6.374050555171956991e-06 4.184135797811335510e-04 1.027741645267965130e-03 1.034303904225604691e-04 9.853489556458864661e-04 1.452452029844321423e-04 4.879352995704868377e-03 1.461249750156912847e-04 -2.528303585046525427e-05 1.070988352046397390e-04 -4.883939689958905232e-04 1.162217280940893571e-04 -2.583277684745008260e-05 1.211454203598638131e-04
1.360033917379437942e-06 1.367564070257324525e-06 6.192087667803364821e-06 6.938553807269263074e-06 -4.893028473666310849e-05 -7.159450142836488659e-05 7.197268636950782038e-07 2.994459952015509802e-05 3.718724921874458339e-06 1.719634034520020018e-07 1.341691645193040374e-06 -4.981330199494061637e-07 -1.410230920769329113e-10 1.794329596309879673e-05 1.470616946520247518e-05 7.275994273801301653e-08 1.266407239867284014e-03 -2.629582112960946627e-08 9.628742842626626087e-07 5.863778071045745972e-06 3.757183430160892569e-04 3.613434244856532379e-05 3.757900651536110002e-06 3.333512633299913442e-05 4.905655356939648103e-06 1.632921784024684382e-04 4.740976836256442027e-06 -1.540459440133538554e-07 6.495920631368618907e-07 4.718575460081593861e-05 1.186717026546963201e-06 -1.567018221318604896e-07 7.348690472197463921e-07
-1.586297660359713656e-05 -1.684385905484103057e-05 -7.626661988056795526e-05 -4.893028473666310849e-05 1.255887054880671207e-03 1.001209790785999917e-03 -3.935425770266484755e-05 1.040248115966465291e-03 -3.013205323831011134e-05 -3.654940721907991108e-06 -1.652532912815951556e-05 5.752960957878790280e-06 -1.388074210578812275e-10 -1.558316060883964502e-04 6.328543909555627055e-04 -9.460059270137125443e-07 -7.185464344133459490e-03 -3.745856955300922985e-07 1.104062872581844529e-05 -7.323314953229126151e-05 -4.971743715129866605e-03 -1.507344388688618760e-04 7.298605523188800797e-06 -1.365188364043359241e-04 -9.084251386575418325e-06 -5.030908109566051278e-04 5.188040809151168531e-06 1.912973932086662938e-06 -7.999268895733440896e-06 4.551252027919987599e-04 -4.662028488729821803e-06 1.930062839327095260e-06 -9.051224933019660874e-06
-1.745102209830741259e-05 -1.803436625594540625e-05 -8.165674685280454117e-05 -7.159450142836488659e-05 1.001209790785999917e-03 1.009197443220630425e-03 -2.610589849976509687e-05 3.729524443224167124e-04 -4.050047608993945312e-05 -3.105213989585989425e-06 -1.769325321340529264e-05 6.360616867084773618e-06 8.375564707304268912e-10 -2.011096100085011653e-04 2.496727577530634119e-04 -9.866596718263894240e-07 -1.211623493530303644e-02 -2.778359076018026094e-08 -2.169248080537089135e-07 -7.787752279697963032e-05 -5.142211267130283869e-03 -3.161182614875330133e-04 -2.035693195220147244e-05 -2.902454197405634432e-04 -3.671667783630926357e-05 -1.331535710211751398e-03 -2.787340859565902188e-05 2.039959200909703824e-06 -8.565465986647319995e-06 -5.745709303055205491e-05 -1.022425893313401214e-05 2.066469615573069492e-06 -9.690918310278239705e-06
-4.121105085029611026e-05 -4.276086203525051807e-05 -1.936081293583288788e-04 7.197268636950782038e-07 -3.935425770266484755e-05 -2.610589849976509687e-05 3.387963214181063639e-04 -1.391117763151199661e-04 -1.224280068460081904e-04 4.328947200244811450e-06 -4.195069959235425195e-05 2.267569578138162249e-05 1.923486270322574706e-08 -2.817240614030495438e-04 -1.007788455796944900e-05 1.266589382550303008e-06 -2.526077586035800886e-03 1.531562279860316839e-08 -5.722056594312147219e-07 1.808013414706024671e-06 1.263705546151743409e-04 -1.697614884744739669e-04 -1.864756102318612167e-05 -1.634750043259255796e-04 -2.482662367896146133e-05 -8.119848348213925399e-04 -2.594991873425265798e-05 4.676875319392183879e-06 -2.032527126457244263e-05 5.663871147956265196e-05 -2.238905001344484086e-05 4.899599014828586776e-06 -2.297716524518083055e-05
1.274263009496855376e-04 1.306392307249850369e-04 5.915082316819726812e-04 2.994459952015509802e-05 1.040248115966465291e-03 3.729524443224167124e-04 -1.391117763151199661e-04 6.432359528814420024e-02 -1.275937048699333728e-04 -1.725640468892080076e-05 1.281670569099287768e-04 -6.906117562968921292e-05 -5.421669946877563110e-09 -2.123190198902363335e-04 1.452597265806853007e-03 -6.017837274928606783e-07 1.396725799225359554e-01 -7.789769193909082447e-07 2.868890080484486437e-05 -1.849407444918247170e-05 -1.569143768691049455e-03 2.615761897097811269e-03 3.125303731308649012e-04 2.566075473930564191e-03 3.378354339653033426e-04 1.242406654927441859e-02 3.602031460239581910e-04 -1.463774656590583724e-05 6.206127914125272958e-05 1.599109373981215387e-03 8.542557101787113291e-05 -1.496917076686600883e-05 7.019944063438872774e-05
5.078125387802838247e-05 5.271121627585101242e-05 2.386642902422724129e-04 3.718724921874458339e-06 -3.013205323831011134e-05 -4.050047608993945312e-05 -1.224280068460081904e-04 -1.275937048699333728e-04 3.317149774866045599e-04 8.585548034021224710e-06 5.171339641862642467e-05 -1.647425114642971802e-05 -1.825397416454252014e-08 1.350575680823513361e-03 -4.862722783266924180e-05 7.437091543430405437e-08 7.618586369519234763e-03 -1.080595391475234384e-08 4.398534942476526675e-07 3.279512318649206821e-06 2.113288802827532052e-04 2.904390793769605458e-04 2.913379549801170179e-05 2.781788828023720218e-04 4.012914598129818427e-05 1.368888471419607089e-03 3.981238439705996339e-05 -5.867215731957556258e-06 2.504477866431013689e-05 -9.357724462625617058e-05 2.737118096209406381e-05 -6.039825524178903538e-06 2.832437281014366914e-05
1.881827699323407530e-07 1.959460930419300033e-07 8.874088600447894320e-07 1.719634034520020018e-07 -3.654940721907991108e-06 -3.105213989585989425e-06 4.328947200244811450e-06 -1.725640468892080076e-05 8.585548034021224710e-06 2.096170330810674152e-06 1.922823314636454640e-07 6.058334737771839283e-07 -2.267281733448707135e-11 3.809531864306867416e-06 -4.044761924144441306e-06 -2.084098423691838371e-08 -2.808415943357296283e-06 8.510149173777716329e-10 -2.394652670005916224e-08 2.308136343102073283e-07 1.553834223690302125e-05 3.660593565142457812e-06 2.730004378673690103e-07 3.477675292217739048e-06 4.254518827017343307e-07 1.636258343433311316e-05 3.408283495438600644e-07 -2.717304151125293480e-08 9.256753982128237216e-08 -1.087179643320206089e-06 9.467138984703563006e-08 -2.245746389528096885e-08 1.053165488705982947e-07
4.704512390757570881e-05 4.884973506845044342e-05 2.211819901315029461e-04 1.341691645193040374e-06 -1.652532912815951556e-05 -1.769325321340529264e-05 -4.195069959235425195e-05 1.281670569099287768e-04 5.171339641862642467e-05 1.922823314636454640e-07 4.820222259662210770e-05 -2.193829867139389026e-05 -4.967074835336457392e-09 2.768160756327982968e-04 -3.271108983377160547e-05 -5.474203817071094770e-08 2.013813671498636357e-03 -7.884058872966420946e-10 4.788970118101270239e-08 1.381119072389680198e-06 9.066118478047971343e-05 2.309199861129018685e-04 2.290472762686631089e-05 2.135038346217100742e-04 3.147149811231889950e-05 1.068062572053911233e-03 3.184990448180351349e-05 -5.478287741639863114e-06 2.320600419647346835e-05 -1.058244235093230243e-04 2.518273802623013290e-05 2.035924640825905786e-04 2.965575706074176663e-05
-2.153550442815522754e-05 -2.230095751360150854e-05 -1.012482034470560941e-04 -4.981330199494061637e-07 5.752960957878790280e-06 6.360616867084773618e-06 2.267569578138162249e-05 -6.906117562968921292e-05 -1.647425114642971802e-05 6.058334737771839283e-07 -2.193829867139389026e-05 7.029737957707546392e-02 -2.290832730018452596e-07 5.994232639325373620e-04 -1.439065899276288467e-02 7.060746098870472194e-07 3.724015730067968977e-03 2.751114414567776300e-05 9.553812651156211674e-06 7.216048219162922054e-07 -5.057605026126818168e-05 2.505104119229545259e-03 1.504268957808796209e-04 2.407214743324064595e-03 2.592269528540947681e-04 6.753800669482916061e-03 1.193060250644999945e-04 6.291145362989782920e-03 6.728252215297014262e-04 6.243561810829542646e-02 6.233199938723470515e-04 4.083401063573235262e-02 6.886516484673750431e-04
-4.877745357673036344e-09 -5.063133175467108321e-09 -2.292371942773513157e-08 -1.410230920769329113e-10 -1.388074210578812275e-10 8.375564707304268912e-10 1.923486270322574706e-08 -5.421669946877563110e-09 -1.825397416454252014e-08 -2.267281733448707135e-11 -4.967074835336457392e-09 -2.290832730018452596e-07 2.340324803970339927e-12 -7.239928304610882697e-08 4.952698516876288005e-08 4.403051158717612857e-11 -4.609364345943587095e-07 -8.984600581341725079e-11 -7.346768005130577190e-11 -8.355265193165411562e-11 -4.687641542994917827e-09 -3.240047478003647710e-08 -2.989380024562260443e-09 -3.110110300717938983e-08 -4.270677818871399931e-09 -1.368354507770364592e-07 -3.853280035112360084e-09 -2.013024956278632455e-08 -4.654539419257867036e-09 -1.965227932019642421e-07 -4.720133206261618789e-09 -1.337684779488716857e-07 -5.025979754281199789e-09
2.717856773451891340e-04 2.821567808094387390e-04 1.277543476041300037e-03 1.794329596309879673e-05 -1.558316060883964502e-04 -2.011096100085011653e-04 -2.817240614030495438e-04 -2.123190198902363335e-04 1.350575680823513361e-03 3.809531864306867416e-06 2.768160756327982968e-04 5.994232639325373620e-04 -7.239928304610882697e-08 6.645666533230596557e-03 -3.656845389899880758e-04 2.525097635890058167e-06 3.733747338322896542e-02 5.670169351493245535e-07 2.131505388867880022e-06 1.621716545767029431e-05 1.045919228023836113e-03 1.534009766913654567e-03 1.526631676115807140e-04 1.469095001058227847e-03 2.120791544103290327e-04 7.194205334546482054e-03 2.096709895189714714e-04 3.121925321926200599e-05 1.408687452231459629e-04 7.430672640953788453e-05 1.523952953073350568e-04 3.751277844367590947e-04 1.586092107275351246e-04
-3.379191333240306365e-05 -3.334184431240101807e-05 -1.509660857513641979e-04 1.470616946520247518e-05 6.328543909555627055e-04 2.496727577530634119e-04 -1.007788455796944900e-05 1.452597265806853007e-03 -4.862722783266924180e-05 -4.044761924144441306e-06 -3.271108983377160547e-05 -1.439065899276288467e-02 4.952698516876288005e-08 -3.656845389899880758e-04 4.828521552427646885e-02 2.024529817994166708e-06 1.881486505350921795e-02 3.541255855417966593e-03 1.249464332105915511e-03 1.421883691365915343e-04 -3.355451877510259948e-03 6.056839937881043287e-03 3.904073726617331283e-04 5.973042439717182392e-03 3.267847536671473476e-04 1.333365171428240077e-02 2.092155710092976067e-04 -1.284975583637149943e-03 -1.559038380684369285e-04 -1.469077073703837534e-02 -1.663131073565149724e-04 -8.373111260206156023e-03 -1.616646108193581493e-04
-5.358512758269256987e-08 -5.580069317154006288e-08 -2.526418798847573640e-07 7.275994273801301653e-08 -9.460059270137125443e-07 -9.866596718263894240e-07 1.266589382550303008e-06 -6.017837274928606783e-07 7.437091543430405437e-08 -2.084098423691838371e-08 -5.474203817071094770e-08 7.060746098870472194e-07 4.403051158717612857e-11 2.525097635890058167e-06 2.024529817994166708e-06 8.416749651293980767e-09 2.129582346628165591e-05 1.911205879600840445e-07 6.816264367043285273e-08 8.504251215678237652e-08 4.920931844066086859e-06 5.363267114595551507e-07 2.658658959323204791e-08 5.083938862953870995e-07 3.519022985486998360e-08 1.441542604762961168e-06 1.521657374677234008e-08 6.536181456565107727e-08 -2.008126968071478817e-08 8.881089908825944794e-07 -2.105905650562658508e-08 3.926808849300117593e-07 -2.335452465060920979e-08
1.987357555270029101e-03 2.052664748244208831e-03 9.294021353726096557e-03 1.266407239867284014e-03 -7.185464344133459490e-03 -1.211623493530303644e-02 -2.526077586035800886e-03 1.396725799225359554e-01 7.618586369519234763e-03 -2.808415943357296283e-06 2.013813671498636357e-03 3.724015730067968977e-03 -4.609364345943587095e-07 3.733747338322896542e-02 1.881486505350921795e-02 2.129582346628165591e-05 7.206313900818701601e-01 1.300169960628292298e-03 6.646274734547069629e-04 1.066573909697110089e-03 6.329226701585786985e-02 2.208893637265748819e-02 2.224745270283881408e-03 2.115279057511202862e-02 2.780052902085897171e-03 9.675567369417292785e-02 2.719359848589549943e-03 1.760142600361124876e-04 1.019255362890100075e-03 1.186887722095555583e-02 1.217181989412736975e-03 2.398445835816110684e-03 1.148195964248716321e-03
-6.863081867870215166e-10 -8.036827387491830395e-10 -3.638599367776224716e-09 -2.629582112960946627e-08 -3.745856955300922985e-07 -2.778359076018026094e-08 1.531562279860316839e-08 -7.789769193909082447e-07 -1.080595391475234384e-08 8.510149173777716329e-10 -7.884058872966420946e-10 2.751114414567776300e-05 -8.984600581341725079e-11 5.670169351493245535e-07 3.541255855417966593e-03 1.911205879600840445e-07 1.300169960628292298e-03 2.857549296995921481e-04 9.946552583375788104e-05 1.254618114260602988e-05 -1.834859516505935289e-04 5.319329075555301193e-04 3.248642438173872176e-05 5.236990771472555721e-04 3.018605620885482998e-05 1.181788359896379864e-03 1.736615832614593158e-05 2.461394204368810424e-06 2.671266212362952546e-07 2.464507828314971630e-05 2.489737846790397387e-07 1.599916323922902946e-05 2.741122374455438558e-07
6.615749411473973821e-08 4.881582912378708262e-08 2.210174216706930407e-07 9.628742842626626087e-07 1.104062872581844529e-05 -2.169248080537089135e-07 -5.722056594312147219e-07 2.868890080484486437e-05 4.398534942476526675e-07 -2.394652670005916224e-08 4.788970118101270239e-08 9.553812651156211674e-06 -7.346768005130577190e-11 2.131505388867880022e-06 1.249464332105915511e-03 6.816264367043285273e-08 6.646274734547069629e-04 9.946552583375788104e-05 3.511493042446935884e-05 4.558379601302590941e-06 -5.719317554245287408e-05 1.923067432014616339e-04 1.250515532986136410e-05 1.889386799161664042e-04 1.170110403460557826e-05 4.471380794467861458e-04 7.474555333394211722e-06 8.518261683607831964e-07 1.163635023597270203e-07 3.077867257520249076e-05 3.262405927754631285e-07 5.565214977891149074e-06 1.218251342731242687e-07
1.368929072537654519e-06 1.407747061551976242e-06 6.374050555171956991e-06 5.863778071045745972e-06 -7.323314953229126151e-05 -7.787752279697963032e-05 1.808013414706024671e-06 -1.849407444918247170e-05 3.279512318649206821e-06 2.308136343102073283e-07 1.381119072389680198e-06 7.216048219162922054e-07 -8.355265193165411562e-11 1.621716545767029431e-05 1.421883691365915343e-04 8.504251215678237652e-08 1.066573909697110089e-03 1.254618114260602988e-05 4.558379601302590941e-06 6.623107688588297519e-06 3.907485451176274222e-04 5.026982689056872856e-05 3.421631345221426777e-06 4.773497538027516500e-05 4.580895497229125504e-06 1.672816602665329897e-04 3.420254962850587936e-06 -4.988047758982659235e-08 6.804973084195214040e-07 1.341452573246354875e-05 8.844307606911190003e-07 5.487715073566570103e-07 7.686491124050795299e-07
8.963530478874145080e-05 9.240909923248839905e-05 4.184135797811335510e-04 3.757183430160892569e-04 -4.971743715129866605e-03 -5.142211267130283869e-03 1.263705546151743409e-04 -1.569143768691049455e-03 2.113288802827532052e-04 1.553834223690302125e-05 9.066118478047971343e-05 -5.057605026126818168e-05 -4.687641542994917827e-09 1.045919228023836113e-03 -3.355451877510259948e-03 4.920931844066086859e-06 6.329226701585786985e-02 -1.834859516505935289e-04 -5.719317554245287408e-05 3.907485451176274222e-04 2.638420299906461125e-02 1.349657181181703738e-03 9.644626531811123569e-05 1.217456143104815114e-03 1.812039730317439976e-04 6.429836901538418109e-03 1.470919347848521365e-04 -1.204974878189772177e-05 4.371633198736216787e-05 5.297295598703803590e-04 5.464123401824167537e-05 -2.099346437394631969e-05 4.947824294059969462e-05
2.190250284188774649e-04 2.269845420512566706e-04 1.027741645267965130e-03 3.613434244856532379e-05 -1.507344388688618760e-04 -3.161182614875330133e-04 -1.697614884744739669e-04 2.615761897097811269e-03 2.904390793769605458e-04 3.660593565142457812e-06 2.309199861129018685e-04 2.505104119229545259e-03 -3.240047478003647710e-08 1.534009766913654567e-03 6.056839937881043287e-03 5.363267114595551507e-07 2.208893637265748819e-02 5.319329075555301193e-04 1.923067432014616339e-04 5.026982689056872856e-05 1.349657181181703738e-03 2.577183634778959682e-03 2.108879969908264190e-04 2.257549491104407328e-03 2.416191649858680582e-04 8.686989837858143104e-03 2.202982418224548123e-04 2.076002864517107718e-04 1.331585634548118624e-04 2.320343986269331280e-03 1.453433384375529738e-04 7.715889977678981257e-03 2.493511735279342416e-04
2.205503590406242588e-05 2.284339284293675383e-05 1.034303904225604691e-04 3.757900651536110002e-06 7.298605523188800797e-06 -2.035693195220147244e-05 -1.864756102318612167e-05 3.125303731308649012e-04 2.913379549801170179e-05 2.730004378673690103e-07 2.290472762686631089e-05 1.504268957808796209e-04 -2.989380024562260443e-09 1.526631676115807140e-04 3.904073726617331283e-04 2.658658959323204791e-08 2.224745270283881408e-03 3.248642438173872176e-05 1.250515532986136410e-05 3.421631345221426777e-06 9.644626531811123569e-05 2.108879969908264190e-04 1.904877321390737873e-05 1.892292684604967939e-04 2.257969780194922743e-05 7.882570920759285858e-04 2.168682917038292684e-05 1.179962148563166336e-05 1.241260254003871773e-05 1.579740931484999969e-04 1.385009049420829747e-05 4.640838138494847204e-04 1.995601029300882607e-05
2.099815537554331987e-04 2.176231263703730552e-04 9.853489556458864661e-04 3.333512633299913442e-05 -1.365188364043359241e-04 -2.902454197405634432e-04 -1.634750043259255796e-04 2.566075473930564191e-03 2.781788828023720218e-04 3.477675292217739048e-06 2.135038346217100742e-04 2.407214743324064595e-03 -3.110110300717938983e-08 1.469095001058227847e-03 5.973042439717182392e-03 5.083938862953870995e-07 2.115279057511202862e-02 5.236990771472555721e-04 1.889386799161664042e-04 4.773497538027516500e-05 1.217456143104815114e-03 2.257549491104407328e-03 1.892292684604967939e-04 2.186151694482986636e-03 2.325234490001700481e-04 8.059192549134112926e-03 2.061198740422652098e-04 1.995265144741404273e-04 1.277183861590698620e-04 2.217415407984241801e-03 1.392806627602480849e-04 1.429694797342203781e-03 1.419014189540129161e-04
3.095499351932760776e-05 3.207865287434096121e-05 1.452452029844321423e-04 4.905655356939648103e-06 -9.084251386575418325e-06 -3.671667783630926357e-05 -2.482662367896146133e-05 3.378354339653033426e-04 4.012914598129818427e-05 4.254518827017343307e-07 3.147149811231889950e-05 2.592269528540947681e-04 -4.270677818871399931e-09 2.120791544103290327e-04 3.267847536671473476e-04 3.519022985486998360e-08 2.780052902085897171e-03 3.018605620885482998e-05 1.170110403460557826e-05 4.580895497229125504e-06 1.812039730317439976e-04 2.416191649858680582e-04 2.257969780194922743e-05 2.325234490001700481e-04 2.909101904639133904e-05 9.849053500805820399e-04 2.764812264093798692e-05 2.086178204271686915e-05 1.789714177744298421e-05 2.451106258539014621e-04 1.969722199334464723e-05 1.552084827842564968e-04 1.996396737304031359e-05
1.039642371262676978e-03 1.077643995327120727e-03 4.879352995704868377e-03 1.632921784024684382e-04 -5.030908109566051278e-04 -1.331535710211751398e-03 -8.119848348213925399e-04 1.242406654927441859e-02 1.368888471419607089e-03 1.636258343433311316e-05 1.068062572053911233e-03 6.753800669482916061e-03 -1.368354507770364592e-07 7.194205334546482054e-03 1.333365171428240077e-02 1.441542604762961168e-06 9.675567369417292785e-02 1.181788359896379864e-03 4.471380794467861458e-04 1.672816602665329897e-04 6.429836901538418109e-03 8.686989837858143104e-03 7.882570920759285858e-04 8.059192549134112926e-03 9.849053500805820399e-04 3.400561679793530356e-02 9.372869575777448108e-04 5.258245194557701046e-04 5.822162378152082648e-04 6.201012490203395774e-03 6.411863640088347627e-04 1.225922178839257762e-02 7.843809622391866541e-04
3.114332212129188981e-05 3.227284837621862654e-05 1.461249750156912847e-04 4.740976836256442027e-06 5.188040809151168531e-06 -2.787340859565902188e-05 -2.594991873425265798e-05 3.602031460239581910e-04 3.981238439705996339e-05 3.408283495438600644e-07 3.184990448180351349e-05 1.193060250644999945e-04 -3.853280035112360084e-09 2.096709895189714714e-04 2.092155710092976067e-04 1.521657374677234008e-08 2.719359848589549943e-03 1.736615832614593158e-05 7.474555333394211722e-06 3.420254962850587936e-06 1.470919347848521365e-04 2.202982418224548123e-04 2.168682917038292684e-05 2.061198740422652098e-04 2.764812264093798692e-05 9.372869575777448108e-04 2.738407825674468596e-05 8.333313522591938001e-06 1.663021552882059200e-05 1.219991012684424659e-04 1.854815388733423395e-05 2.160158823565902562e-04 2.098757334349105887e-05
-5.377655363202117474e-06 -5.578534550062710302e-06 -2.528303585046525427e-05 -1.540459440133538554e-07 1.912973932086662938e-06 2.039959200909703824e-06 4.676875319392183879e-06 -1.463774656590583724e-05 -5.867215731957556258e-06 -2.717304151125293480e-08 -5.478287741639863114e-06 6.291145362989782920e-03 -2.013024956278632455e-08 3.121925321926200599e-05 -1.284975583637149943e-03 6.536181456565107727e-08 1.760142600361124876e-04 2.461394204368810424e-06 8.518261683607831964e-07 -4.988047758982659235e-08 -1.204974878189772177e-05 2.076002864517107718e-04 1.179962148563166336e-05 1.995265144741404273e-04 2.086178204271686915e-05 5.258245194557701046e-04 8.333313522591938001e-06 5.632765578222875260e-04 5.849608424613887735e-05 5.593960220689775734e-03 5.392203717393837594e-05 3.653863616244541757e-03 5.968876192346381004e-05
2.277978547990693717e-05 2.365415824136607331e-05 1.070988352046397390e-04 6.495920631368618907e-07 -7.999268895733440896e-06 -8.565465986647319995e-06 -2.032527126457244263e-05 6.206127914125272958e-05 2.504477866431013689e-05 9.256753982128237216e-08 2.320600419647346835e-05 6.728252215297014262e-04 -4.654539419257867036e-09 1.408687452231459629e-04 -1.559038380684369285e-04 -2.008126968071478817e-08 1.019255362890100075e-03 2.671266212362952546e-07 1.163635023597270203e-07 6.804973084195214040e-07 4.371633198736216787e-05 1.331585634548118624e-04 1.241260254003871773e-05 1.277183861590698620e-04 1.789714177744298421e-05 5.822162378152082648e-04 1.663021552882059200e-05 5.849608424613887735e-05 1.788226058372624407e-05 5.554263781722294574e-04 1.836717602189962039e-05 3.943422690626242314e-04 1.952377539202734545e-05
-9.312722512552461794e-05 -1.078654066693051353e-04 -4.883939689958905232e-04 4.718575460081593861e-05 4.551252027919987599e-04 -5.745709303055205491e-05 5.663871147956265196e-05 1.599109373981215387e-03 -9.357724462625617058e-05 -1.087179643320206089e-06 -1.058244235093230243e-04 6.243561810829542646e-02 -1.965227932019642421e-07 7.430672640953788453e-05 -1.469077073703837534e-02 8.881089908825944794e-07 1.186887722095555583e-02 2.464507828314971630e-05 3.077867257520249076e-05 1.341452573246354875e-05 5.297295598703803590e-04 2.320343986269331280e-03 1.579740931484999969e-04 2.217415407984241801e-03 2.451106258539014621e-04 6.201012490203395774e-03 1.219991012684424659e-04 5.593960220689775734e-03 5.554263781722294574e-04 6.822975114993096168e-02 6.291555674808950145e-04 3.629506341807886560e-02 5.646492259374762688e-04
2.482350798804604998e-05 2.566845934397291176e-05 1.162217280940893571e-04 1.186717026546963201e-06 -4.662028488729821803e-06 -1.022425893313401214e-05 -2.238905001344484086e-05 8.542557101787113291e-05 2.737118096209406381e-05 9.467138984703563006e-08 2.518273802623013290e-05 6.233199938723470515e-04 -4.720133206261618789e-09 1.523952953073350568e-04 -1.663131073565149724e-04 -2.105905650562658508e-08 1.217181989412736975e-03 2.489737846790397387e-07 3.262405927754631285e-07 8.844307606911190003e-07 5.464123401824167537e-05 1.453433384375529738e-04 1.385009049420829747e-05 1.392806627602480849e-04 1.969722199334464723e-05 6.411863640088347627e-04 1.854815388733423395e-05 5.392203717393837594e-05 1.836717602189962039e-05 6.291555674808950145e-04 2.013181222654354463e-05 3.662690593594729706e-04 2.012869412356363440e-05
-5.494598303155315527e-06 -5.705366446563138082e-06 -2.583277684745008260e-05 -1.567018221318604896e-07 1.930062839327095260e-06 2.066469615573069492e-06 4.899599014828586776e-06 -1.496917076686600883e-05 -6.039825524178903538e-06 -2.245746389528096885e-08 2.035924640825905786e-04 4.083401063573235262e-02 -1.337684779488716857e-07 3.751277844367590947e-04 -8.373111260206156023e-03 3.926808849300117593e-07 2.398445835816110684e-03 1.599916323922902946e-05 5.565214977891149074e-06 5.487715073566570103e-07 -2.099346437394631969e-05 7.715889977678981257e-03 4.640838138494847204e-04 1.429694797342203781e-03 1.552084827842564968e-04 1.225922178839257762e-02 2.160158823565902562e-04 3.653863616244541757e-03 3.943422690626242314e-04 3.629506341807886560e-02 3.662690593594729706e-04 1.821141314172732284e-01 2.980681096187220731e-03
2.576747459536212400e-05 2.675589312591378875e-05 1.211454203598638131e-04 7.348690472197463921e-07 -9.051224933019660874e-06 -9.690918310278239705e-06 -2.297716524518083055e-05 7.019944063438872774e-05 2.832437281014366914e-05 1.053165488705982947e-07 2.965575706074176663e-05 6.886516484673750431e-04 -5.025979754281199789e-09 1.586092107275351246e-04 -1.616646108193581493e-04 -2.335452465060920979e-08 1.148195964248716321e-03 2.741122374455438558e-07 1.218251342731242687e-07 7.686491124050795299e-07 4.947824294059969462e-05 2.493511735279342416e-04 1.995601029300882607e-05 1.419014189540129161e-04 1.996396737304031359e-05 7.843809622391866541e-04 2.098757334349105887e-05 5.968876192346381004e-05 1.952377539202734545e-05 5.646492259374762688e-04 2.012869412356363440e-05 2.980681096187220731e-03 6.332041045562875146e-05
