1.251032029140530099e-08 1.562722844320538536e-08 9.659553154140213939e-07 1.470452183567947098e-08 2.879989931737006078e-09 -1.665470734991158475e-07 -3.912042696991679773e-07 8.948911855121766815e-07 5.452635007917725616e-07 1.368551702623406537e-09 1.275271914858209737e-08 -3.076011197554341799e-07 -6.807783346436163955e-11 5.493877070476540813e-06 -1.271825014803388244e-06 -8.071725098516530454e-10 3.154237369250728764e-05 3.591370076681470208e-11 9.711854476565449959e-09 2.058303950866373168e-08 1.011629790183412113e-06 2.059724764412339867e-06 1.987830712642589073e-07 2.003536036292764047e-06 2.830149378583497904e-07 1.011673993122174831e-05 2.865174297113457254e-07 -7.612843849036670188e-08 3.218582346407065187e-07 3.726061651599297947e-06 3.995618485174958835e-07 -7.958373768515023914e-08 3.644417905570412994e-07
1.562722844320538536e-08 2.369267400802063549e-08 1.463810928082649142e-06 2.351176575751853209e-08 -1.383307570943436033e-07 -2.169544414439568444e-07 -5.783723927258129554e-07 9.266443682186871325e-07 8.170036199719090782e-07 2.514841456454561064e-09 1.932550021163469895e-08 -4.364590283769218793e-07 -1.019514068033687628e-10 8.277134850270112792e-06 -6.862494979277125931e-07 -1.309678032643833105e-09 4.008943854118735456e-05 -1.528996007417249309e-11 8.133535144893399788e-10 2.398379289239752201e-08 1.285373727226877029e-06 2.854928154655009555e-06 2.677459813750365740e-07 2.787060512159126020e-06 3.935617354501071991e-07 1.418215119780074538e-05 3.973118343871067999e-07 -1.127296978948492842e-07 4.880237681823755723e-07 -2.283013168281191973e-06 5.271838010385654204e-07 -1.206013808943679387e-07 5.522759357028342079e-07
9.659553154140213939e-07 1.463810928082649142e-06 9.048173257764949263e-05 1.453668573804198046e-06 -8.553491415510613717e-06 -1.341340038944781511e-05 -3.573163516254678569e-05 5.727962420943145618e-05 5.049223338486440301e-05 1.570786029409385523e-07 1.194556420185237061e-06 -2.880647498754776968e-05 -6.294247318323859014e-09 5.115735418699629382e-04 -4.242416512370920641e-05 -8.087918402462545626e-08 2.477844284319597259e-03 -9.428383866989468446e-10 5.019817989509965633e-08 1.482798052643297533e-06 7.946912356454528153e-05 1.764744332393758570e-04 1.655022625512919074e-05 1.722328438628581990e-04 2.432304197436076224e-05 8.765883839728354915e-04 2.455814220766966581e-05 -7.131681650040785460e-06 3.014862192091375157e-05 -1.411231116127763371e-04 3.258647544058293602e-05 -7.454666231295768627e-06 3.413752593635067901e-05
1.470452183567947098e-08 2.351176575751853209e-08 1.453668573804198046e-06 4.783156624960357902e-06 -3.076245609917581007e-05 -4.323020163214392857e-05 1.286629252520209216e-06 -1.010976125070121453e-05 1.685500704538748541e-06 2.719609254786817460e-07 1.919159899120084170e-08 -3.509116702416008287e-07 -1.811286519521495625e-11 1.739277518565902957e-05 -2.298099587868713975e-05 6.153003308112399455e-08 3.922978640093251331e-04 6.317948406420293837e-09 -1.007127146091774977e-07 4.715778172961584662e-06 2.553900160015641478e-04 5.372142919279826792e-05 3.859456303627906848e-06 5.072246223333418905e-05 5.641509393348342921e-06 3.068937466354469137e-04 6.347563577876719250e-06 -1.159124151726391410e-07 4.842226902602279979e-07 -4.205991932817470655e-06 5.043831695825082918e-07 -1.197657661930257989e-07 5.484493635056324364e-07
2.879989931737006078e-09 -1.383307570943436033e-07 -8.553491415510613717e-06 -3.076245609917581007e-05 2.427672686948596716e-04 2.625009679023900563e-04 -1.138101471313435496e-05 1.661484265917809926e-04 -7.340715068642692919e-06 -1.962029322692841481e-06 -1.129247616542815940e-07 2.000310842086919431e-06 -2.583839899285990942e-10 -8.468782664243431095e-05 3.024922835936125860e-04 -3.655312931580575094e-07 -2.587322453602434232e-04 -1.783213673714593444e-07 5.218025734748934908e-06 -2.752775827359126525e-05 -1.537954746740712248e-03 -2.877020181498689548e-04 -1.525574417451279951e-05 -2.727257436680992982e-04 -2.713937242376643285e-05 -1.664173218845536222e-03 -2.942126614952883970e-05 6.853929364135658824e-07 -2.848846136672352951e-06 2.375761080692910684e-04 -8.659013638370790519e-07 7.047104625252927202e-07 -3.227115868860740006e-06
-1.665470734991158475e-07 -2.169544414439568444e-07 -1.341340038944781511e-05 -4.323020163214392857e-05 2.625009679023900563e-04 3.960849864322641572e-04 -1.055492930129360093e-05 5.641407641554985788e-05 -1.644335279232512326e-05 -2.384365237385892530e-06 -1.770861708243638669e-07 3.260252315764701630e-06 2.932921000955497780e-10 -1.665905005684714820e-04 1.542786198551015348e-04 -5.665452557567297527e-07 -4.328377699397699049e-03 -2.702071821360732578e-09 -6.675151835401115986e-07 -4.358954792248147383e-05 -2.344374133779395311e-03 -5.055045005229843232e-04 -3.818832352407316685e-05 -4.769094760599114054e-04 -5.414846724511074332e-05 -2.880710022602683048e-03 -6.131120512578877395e-05 1.068395682910825558e-06 -4.468178990884920805e-06 -3.466464586333119257e-05 -5.379730001804645104e-06 1.105111717928939189e-06 -5.060693364779136224e-06
-3.912042696991679773e-07 -5.783723927258129554e-07 -3.573163516254678569e-05 1.286629252520209216e-06 -1.138101471313435496e-05 -1.055492930129360093e-05 1.259128502839901591e-04 -2.174901507763315713e-05 -4.965676941270799833e-05 3.272389181760967448e-06 -4.717355975749777472e-07 1.343363827612518549e-05 1.063805929818797790e-08 -1.960973737885457458e-04 -7.660173047250863317e-06 7.267425494903190405e-07 -1.073750006062429690e-03 9.471064504294834190e-09 -3.437064444176426872e-07 1.074752226854809967e-06 6.146935729487878650e-05 -4.120702548787090165e-05 -4.983366590296558669e-06 -4.110959430791809988e-05 -6.770627306104388103e-06 -1.924021575714965869e-04 -7.095945986262218379e-06 2.743673643561556887e-06 -1.191351695843728441e-05 3.253337202411098867e-05 -1.309763835911343687e-05 2.943880565136758557e-06 -1.348105951732149642e-05
8.948911855121766815e-07 9.266443682186871325e-07 5.727962420943145618e-05 -1.010976125070121453e-05 1.661484265917809926e-04 5.641407641554985788e-05 -2.174901507763315713e-05 7.809091627657498667e-03 -2.998112390819275070e-05 -4.342287652420072875e-06 7.562160990502064107e-07 -2.084732136604062293e-05 -1.263479680665425739e-09 -1.639218972822947210e-04 4.989495409246175401e-04 -1.654352143092306400e-07 4.852306088930460892e-02 -2.911645023854678003e-07 1.051260247040942418e-05 -3.659956332871513993e-06 -3.044325210077452356e-04 2.930914804787210898e-04 4.407810196827860206e-05 2.947147164780220506e-04 3.682927612736745413e-05 1.269138772147795739e-03 3.884718947035534876e-05 -4.520352784518376318e-06 1.908504356330897726e-05 5.852914781174235184e-04 2.729169385044496448e-05 -4.719189920119287996e-06 2.161082244303640890e-05
5.452635007917725616e-07 8.170036199719090782e-07 5.049223338486440301e-05 1.685500704538748541e-06 -7.340715068642692919e-06 -1.644335279232512326e-05 -4.965676941270799833e-05 -2.998112390819275070e-05 1.759938086446183824e-04 8.011589869048857783e-06 6.666077211510000900e-07 -1.088769161968168041e-05 -1.177680951978376705e-08 1.409937584957692523e-03 -3.225352024091675664e-05 4.246518858043790046e-08 5.120460715325332243e-03 -8.129152002217308930e-09 3.206701476022927060e-07 1.879998178106878784e-06 9.814028214867456053e-05 1.388937552431759545e-04 1.279667676120686630e-05 1.350023071277596455e-04 1.784999740750037011e-05 6.829662159045955458e-04 1.754232674436786236e-05 -3.946215231985150451e-06 1.682762332491356225e-05 -6.393579704445265883e-05 1.833081530592011647e-05 -4.159986070490664647e-06 1.905003228448189350e-05
1.368551702623406537e-09 2.514841456454561064e-09 1.570786029409385523e-07 2.719609254786817460e-07 -1.962029322692841481e-06 -2.384365237385892530e-06 3.272389181760967448e-06 -4.342287652420072875e-06 8.011589869048857783e-06 3.045228467645386705e-06 2.073780510953378849e-09 7.755521630456780956e-07 -2.100460673127099943e-11 3.564094345436005068e-05 -4.811581468063248719e-06 -2.763582259052417936e-08 1.113990025358262126e-04 1.028968462544212535e-09 -2.738476162488267162e-08 2.548513262876230884e-07 1.402530254695245882e-05 5.618860892619110479e-06 3.887357708367658826e-07 5.382537383054148597e-06 5.598552880951404797e-07 2.860200335601205393e-05 5.049357859073298646e-07 -1.862223564394393224e-08 5.167792514277493441e-08 -9.790894188435535684e-07 4.932088770027571021e-08 -1.294149132255920979e-08 5.926361851371718207e-08
1.275271914858209737e-08 1.932550021163469895e-08 1.194556420185237061e-06 1.919159899120084170e-08 -1.129247616542815940e-07 -1.770861708243638669e-07 -4.717355975749777472e-07 7.562160990502064107e-07 6.666077211510000900e-07 2.073780510953378849e-09 8.180082866075001099e-08 -3.803083634561251110e-07 -8.309780692898398209e-11 6.753887679076320766e-06 -5.600916049660592641e-07 -1.067781813893172088e-09 3.271295446860640659e-05 -1.244752521799729093e-11 6.627255730745903839e-10 1.957617171071672987e-08 1.049165937213396024e-06 6.948805938434738402e-06 4.671119889119965795e-07 2.273849577610326093e-06 3.211172589337086763e-07 1.817663214036297382e-05 4.244643948368120470e-07 -9.415376849092137305e-08 3.980276333066264178e-07 -1.863133189551696920e-06 4.302126223693950596e-07 1.021729407514071779e-04 2.155559329898144518e-06
-3.076011197554341799e-07 -4.364590283769218793e-07 -2.880647498754776968e-05 -3.509116702416008287e-07 2.000310842086919431e-06 3.260252315764701630e-06 1.343363827612518549e-05 -2.084732136604062293e-05 -1.088769161968168041e-05 7.755521630456780956e-07 -3.803083634561251110e-07 6.527217794216481949e-04 -2.292205365466135733e-10 -9.679361630305936067e-05 -9.970401946577329207e-05 4.911763273020296867e-08 -6.087089483636489102e-04 5.610724623967724321e-07 1.780085829712337408e-07 -3.355710979030726360e-07 -1.974673348622464912e-05 -2.776805793038695749e-05 -3.639744922221165564e-06 -2.530756790078538481e-05 -4.899669887676883086e-06 -1.836286468920274642e-04 -6.262971336363952482e-06 5.969193586446863860e-05 -2.687835518115697296e-06 5.394921509384333329e-04 -4.579265205952125410e-06 3.300253239770468625e-04 -4.485219372398508914e-06
-6.807783346436163955e-11 -1.019514068033687628e-10 -6.294247318323859014e-09 -1.811286519521495625e-11 -2.583839899285990942e-10 2.932921000955497780e-10 1.063805929818797790e-08 -1.263479680665425739e-09 -1.177680951978376705e-08 -2.100460673127099943e-11 -8.309780692898398209e-11 -2.292205365466135733e-10 1.312562942402536612e-12 -8.631904228614296332e-08 2.034999468397830170e-09 4.082467220597881948e-11 -3.480101891364447802e-07 -8.978939720111829838e-13 -3.846698494384649696e-11 -4.132900617380314723e-11 -1.838198192001195081e-09 -1.229812913229212705e-08 -1.212602598918279299e-09 -1.204062226597092991e-08 -1.706776428559796242e-09 -5.984635099150927033e-08 -1.714954593380422603e-09 2.975016236354757865e-10 -2.121070567344507304e-09 6.054108519712060411e-09 -2.307061086408623926e-09 -5.824354814962847697e-10 -2.396182879729059368e-09
5.493877070476540813e-06 8.277134850270112792e-06 5.115735418699629382e-04 1.739277518565902957e-05 -8.468782664243431095e-05 -1.665905005684714820e-04 -1.960973737885457458e-04 -1.639218972822947210e-04 1.409937584957692523e-03 3.564094345436005068e-05 6.753887679076320766e-06 -9.679361630305936067e-05 -8.631904228614296332e-08 1.252236246043441151e-02 -3.203836593319809786e-04 2.768209714260879271e-06 4.575441591491672538e-02 1.450839559519108988e-08 2.424617772005871771e-06 1.884592387553868728e-05 9.918615936096114669e-04 1.364886243129423762e-03 1.247443179435681580e-04 1.326054210713291555e-03 1.765029766233421863e-04 6.739686926022447032e-03 1.739903013810018939e-04 -3.782229466370393709e-05 1.707591782817005285e-04 -6.981550879722321461e-04 1.852665783844860414e-04 -2.730991081867957125e-05 1.932987946292483931e-04
-1.271825014803388244e-06 -6.862494979277125931e-07 -4.242416512370920641e-05 -2.298099587868713975e-05 3.024922835936125860e-04 1.542786198551015348e-04 -7.660173047250863317e-06 4.989495409246175401e-04 -3.225352024091675664e-05 -4.811581468063248719e-06 -5.600916049660592641e-07 -9.970401946577329207e-05 2.034999468397830170e-09 -3.203836593319809786e-04 4.889036726360159769e-03 -1.195684637185667831e-09 5.702891034241559104e-03 2.835017525626221590e-04 1.158593162372758574e-04 2.730354693288220977e-07 -1.077119258841877699e-03 3.901080423293054925e-04 3.621569220066950929e-05 3.847754636588087904e-04 1.913207991453671136e-05 4.447966496115316284e-04 1.235381350100052765e-05 -6.598305862703066443e-06 -1.535259770195920319e-05 -1.980890464044148935e-03 -3.567974897419236025e-05 -6.124489141193719690e-05 -1.726727941069601576e-05
-8.071725098516530454e-10 -1.309678032643833105e-09 -8.087918402462545626e-08 6.153003308112399455e-08 -3.655312931580575094e-07 -5.665452557567297527e-07 7.267425494903190405e-07 -1.654352143092306400e-07 4.246518858043790046e-08 -2.763582259052417936e-08 -1.067781813893172088e-09 4.911763273020296867e-08 4.082467220597881948e-11 2.768209714260879271e-06 -1.195684637185667831e-09 7.326608197909643495e-09 1.326770528915315378e-05 1.567553223999086461e-08 7.279974986545841141e-09 6.328097319826844700e-08 3.344013914277414674e-06 7.033005591548313964e-07 4.922727975290065475e-08 6.592972123147564164e-07 6.836186122874635507e-08 3.920758233742065461e-06 7.504914063074691321e-08 7.017904763824973769e-09 -2.686561237292285081e-08 2.692825062089336711e-07 -2.769788792557104118e-08 1.271359518854499333e-08 -3.039675214990225741e-08
3.154237369250728764e-05 4.008943854118735456e-05 2.477844284319597259e-03 3.922978640093251331e-04 -2.587322453602434232e-04 -4.328377699397699049e-03 -1.073750006062429690e-03 4.852306088930460892e-02 5.120460715325332243e-03 1.113990025358262126e-04 3.271295446860640659e-05 -6.087089483636489102e-04 -3.480101891364447802e-07 4.575441591491672538e-02 5.702891034241559104e-03 1.326770528915315378e-05 5.674845759817528368e-01 3.693708934435265142e-05 2.373267797963339750e-04 5.299574834670256994e-04 2.618446166386909080e-02 1.335121637959027843e-02 1.385432870884341881e-03 1.282164917279501881e-02 1.669308955934213287e-03 6.887128482097321092e-02 1.807648469213247273e-03 -1.900839048727444313e-04 8.262475871263961179e-04 8.296689752906719062e-03 1.012567398267933631e-03 -1.747692541405069990e-04 9.354292163236615576e-04
3.591370076681470208e-11 -1.528996007417249309e-11 -9.428383866989468446e-10 6.317948406420293837e-09 -1.783213673714593444e-07 -2.702071821360732578e-09 9.471064504294834190e-09 -2.911645023854678003e-07 -8.129152002217308930e-09 1.028968462544212535e-09 -1.244752521799729093e-11 5.610724623967724321e-07 -8.978939720111829838e-13 1.450839559519108988e-08 2.835017525626221590e-04 1.567553223999086461e-08 3.693708934435265142e-05 2.264626897101824817e-05 7.930370358725441965e-06 1.056469278563086656e-06 -1.675034813834716437e-05 4.479215664496602857e-05 2.422428694950764831e-06 4.413299734510426633e-05 2.257650799422632525e-06 1.047446153293394552e-04 1.184667707757280833e-06 5.009027562972680893e-08 5.805760868634000105e-09 6.337358945490675521e-07 6.545533419315176522e-09 3.251649830118205614e-07 5.977387944215823701e-09
9.711854476565449959e-09 8.133535144893399788e-10 5.019817989509965633e-08 -1.007127146091774977e-07 5.218025734748934908e-06 -6.675151835401115986e-07 -3.437064444176426872e-07 1.051260247040942418e-05 3.206701476022927060e-07 -2.738476162488267162e-08 6.627255730745903839e-10 1.780085829712337408e-07 -3.846698494384649696e-11 2.424617772005871771e-06 1.158593162372758574e-04 7.279974986545841141e-09 2.373267797963339750e-04 7.930370358725441965e-06 3.254186383668937024e-06 5.571958292250731154e-07 -6.197588528105730529e-07 2.050106317914300759e-05 1.750357761058094803e-06 1.989106048553242854e-05 1.610756808384199236e-06 6.197450606602761150e-05 1.451427100672473681e-06 1.388864969555196066e-08 1.890470144110886836e-08 2.194927632715066456e-05 2.358493075343559345e-07 1.099115045541083068e-07 2.116087351566937274e-08
2.058303950866373168e-08 2.398379289239752201e-08 1.482798052643297533e-06 4.715778172961584662e-06 -2.752775827359126525e-05 -4.358954792248147383e-05 1.074752226854809967e-06 -3.659956332871513993e-06 1.879998178106878784e-06 2.548513262876230884e-07 1.957617171071672987e-08 -3.355710979030726360e-07 -4.132900617380314723e-11 1.884592387553868728e-05 2.730354693288220977e-07 6.328097319826844700e-08 5.299574834670256994e-04 1.056469278563086656e-06 5.571958292250731154e-07 4.873647803988037774e-06 2.575316584499136503e-04 5.867011623905892491e-05 4.516162656992627020e-06 5.541321022972356235e-05 6.238907607770918416e-06 3.268097892346441720e-04 7.026030350900863084e-06 -1.156708250090646466e-07 4.942361454291560215e-07 9.027275014587088858e-06 6.460465191643341494e-07 -1.068615594878575026e-07 5.597376632345309832e-07
1.011629790183412113e-06 1.285373727226877029e-06 7.946912356454528153e-05 2.553900160015641478e-04 -1.537954746740712248e-03 -2.344374133779395311e-03 6.146935729487878650e-05 -3.044325210077452356e-04 9.814028214867456053e-05 1.402530254695245882e-05 1.049165937213396024e-06 -1.974673348622464912e-05 -1.838198192001195081e-09 9.918615936096114669e-04 -1.077119258841877699e-03 3.344013914277414674e-06 2.618446166386909080e-02 -1.675034813834716437e-05 -6.197588528105730529e-07 2.575316584499136503e-04 1.389212658715944550e-02 2.969731521894337836e-03 2.265304817495124756e-04 2.800062673149592354e-03 3.208221249346579550e-04 1.702912326017656450e-02 3.645704280333561423e-04 -6.365738375907338165e-06 2.646779401061927697e-05 2.642953055252994531e-04 3.245406593960816887e-05 -6.786834731487003990e-06 2.997795305962717033e-05
2.059724764412339867e-06 2.854928154655009555e-06 1.764744332393758570e-04 5.372142919279826792e-05 -2.877020181498689548e-04 -5.055045005229843232e-04 -4.120702548787090165e-05 2.930914804787210898e-04 1.388937552431759545e-04 5.618860892619110479e-06 6.948805938434738402e-06 -2.776805793038695749e-05 -1.229812913229212705e-08 1.364886243129423762e-03 3.901080423293054925e-04 7.033005591548313964e-07 1.335121637959027843e-02 4.479215664496602857e-05 2.050106317914300759e-05 5.867011623905892491e-05 2.969731521894337836e-03 1.387536924864701295e-03 1.061471961325815015e-04 1.017820216711202812e-03 1.208470426914373842e-04 5.957374786646466372e-03 1.361133226475500510e-04 -1.163411559540646745e-05 5.908017793625868744e-05 1.657226737117519508e-04 6.795222404387206677e-05 7.155735164029534620e-03 1.861442653236499442e-04
1.987830712642589073e-07 2.677459813750365740e-07 1.655022625512919074e-05 3.859456303627906848e-06 -1.525574417451279951e-05 -3.818832352407316685e-05 -4.983366590296558669e-06 4.407810196827860206e-05 1.279667676120686630e-05 3.887357708367658826e-07 4.671119889119965795e-07 -3.639744922221165564e-06 -1.212602598918279299e-09 1.247443179435681580e-04 3.621569220066950929e-05 4.922727975290065475e-08 1.385432870884341881e-03 2.422428694950764831e-06 1.750357761058094803e-06 4.516162656992627020e-06 2.265304817495124756e-04 1.061471961325815015e-04 9.044228637891190643e-06 8.478597789101331847e-05 1.066227668566857707e-05 4.868525767550498269e-04 1.194044676109939229e-05 -1.177836179240015283e-06 5.530062065416265589e-06 2.804950710177482248e-05 6.494696723240081239e-06 3.845590575131439619e-04 1.267993249495435611e-05
2.003536036292764047e-06 2.787060512159126020e-06 1.722328438628581990e-04 5.072246223333418905e-05 -2.727257436680992982e-04 -4.769094760599114054e-04 -4.110959430791809988e-05 2.947147164780220506e-04 1.350023071277596455e-04 5.382537383054148597e-06 2.273849577610326093e-06 -2.530756790078538481e-05 -1.204062226597092991e-08 1.326054210713291555e-03 3.847754636588087904e-04 6.592972123147564164e-07 1.282164917279501881e-02 4.413299734510426633e-05 1.989106048553242854e-05 5.541321022972356235e-05 2.800062673149592354e-03 1.017820216711202812e-03 8.478597789101331847e-05 9.737720148084256719e-04 1.155310187983820834e-04 5.241096636521428223e-03 1.231655568217655664e-04 -1.118874601812980778e-05 5.767752805026606696e-05 1.457121827523521140e-04 6.616047246975521748e-05 2.681718779549193001e-07 6.526277117317584066e-05
2.830149378583497904e-07 3.935617354501071991e-07 2.432304197436076224e-05 5.641509393348342921e-06 -2.713937242376643285e-05 -5.414846724511074332e-05 -6.770627306104388103e-06 3.682927612736745413e-05 1.784999740750037011e-05 5.598552880951404797e-07 3.211172589337086763e-07 -4.899669887676883086e-06 -1.706776428559796242e-09 1.765029766233421863e-04 1.913207991453671136e-05 6.836186122874635507e-08 1.669308955934213287e-03 2.257650799422632525e-06 1.610756808384199236e-06 6.238907607770918416e-06 3.208221249346579550e-04 1.208470426914373842e-04 1.066227668566857707e-05 1.155310187983820834e-04 1.448572515908610552e-05 6.357718806346924828e-04 1.562428870813878102e-05 -1.689633400562356736e-06 8.132050302469669565e-06 1.973997819370785684e-05 9.333233388305684289e-06 -6.245145965333839734e-07 9.203625594970510604e-06
1.011673993122174831e-05 1.418215119780074538e-05 8.765883839728354915e-04 3.068937466354469137e-04 -1.664173218845536222e-03 -2.880710022602683048e-03 -1.924021575714965869e-04 1.269138772147795739e-03 6.829662159045955458e-04 2.860200335601205393e-05 1.817663214036297382e-05 -1.836286468920274642e-04 -5.984635099150927033e-08 6.739686926022447032e-03 4.447966496115316284e-04 3.920758233742065461e-06 6.887128482097321092e-02 1.047446153293394552e-04 6.197450606602761150e-05 3.268097892346441720e-04 1.702912326017656450e-02 5.957374786646466372e-03 4.868525767550498269e-04 5.241096636521428223e-03 6.357718806346924828e-04 2.997257433342898070e-02 6.998611315628283126e-04 -6.189174054349042876e-05 2.929584308047155868e-04 5.079640807117353270e-04 3.343435457465837959e-04 1.020322599894728753e-02 5.021406873216671240e-04
2.865174297113457254e-07 3.973118343871067999e-07 2.455814220766966581e-05 6.347563577876719250e-06 -2.942126614952883970e-05 -6.131120512578877395e-05 -7.095945986262218379e-06 3.884718947035534876e-05 1.754232674436786236e-05 5.049357859073298646e-07 4.244643948368120470e-07 -6.262971336363952482e-06 -1.714954593380422603e-09 1.739903013810018939e-04 1.235381350100052765e-05 7.504914063074691321e-08 1.807648469213247273e-03 1.184667707757280833e-06 1.451427100672473681e-06 7.026030350900863084e-06 3.645704280333561423e-04 1.361133226475500510e-04 1.194044676109939229e-05 1.231655568217655664e-04 1.562428870813878102e-05 6.998611315628283126e-04 1.719778864623399244e-05 -1.820585070461371470e-06 8.196838634414575390e-06 2.075558768499333477e-05 9.429763113531471072e-06 1.539825402705610811e-04 1.186813980755837175e-05
-7.612843849036670188e-08 -1.127296978948492842e-07 -7.131681650040785460e-06 -1.159124151726391410e-07 6.853929364135658824e-07 1.068395682910825558e-06 2.743673643561556887e-06 -4.520352784518376318e-06 -3.946215231985150451e-06 -1.862223564394393224e-08 -9.415376849092137305e-08 5.969193586446863860e-05 2.975016236354757865e-10 -3.782229466370393709e-05 -6.598305862703066443e-06 7.017904763824973769e-09 -1.900839048727444313e-04 5.009027562972680893e-08 1.388864969555196066e-08 -1.156708250090646466e-07 -6.365738375907338165e-06 -1.163411559540646745e-05 -1.177836179240015283e-06 -1.118874601812980778e-05 -1.689633400562356736e-06 -6.189174054349042876e-05 -1.820585070461371470e-06 5.688657702609516797e-06 -1.759343547583454008e-06 5.529518379773835945e-05 -2.050892623054643527e-06 2.983036200059092162e-05 -2.121000159196108821e-06
3.218582346407065187e-07 4.880237681823755723e-07 3.014862192091375157e-05 4.842226902602279979e-07 -2.848846136672352951e-06 -4.468178990884920805e-06 -1.191351695843728441e-05 1.908504356330897726e-05 1.682762332491356225e-05 5.167792514277493441e-08 3.980276333066264178e-07 -2.687835518115697296e-06 -2.121070567344507304e-09 1.707591782817005285e-04 -1.535259770195920319e-05 -2.686561237292285081e-08 8.262475871263961179e-04 5.805760868634000105e-09 1.890470144110886836e-08 4.942361454291560215e-07 2.646779401061927697e-05 5.908017793625868744e-05 5.530062065416265589e-06 5.767752805026606696e-05 8.132050302469669565e-06 2.929584308047155868e-04 8.196838634414575390e-06 -1.759343547583454008e-06 1.011995051698415165e-05 -4.161798876510295443e-05 1.092117396205072873e-05 1.094111094364695587e-06 1.144436883751074943e-05
3.726061651599297947e-06 -2.283013168281191973e-06 -1.411231116127763371e-04 -4.205991932817470655e-06 2.375761080692910684e-04 -3.466464586333119257e-05 3.253337202411098867e-05 5.852914781174235184e-04 -6.393579704445265883e-05 -9.790894188435535684e-07 -1.863133189551696920e-06 5.394921509384333329e-04 6.054108519712060411e-09 -6.981550879722321461e-04 -1.980890464044148935e-03 2.692825062089336711e-07 8.296689752906719062e-03 6.337358945490675521e-07 2.194927632715066456e-05 9.027275014587088858e-06 2.642953055252994531e-04 1.657226737117519508e-04 2.804950710177482248e-05 1.457121827523521140e-04 1.973997819370785684e-05 5.079640807117353270e-04 2.075558768499333477e-05 5.529518379773835945e-05 -4.161798876510295443e-05 1.311148413288831110e-02 7.728580220392271792e-05 2.985533336540267292e-04 -4.765414316445888633e-05
3.995618485174958835e-07 5.271838010385654204e-07 3.258647544058293602e-05 5.043831695825082918e-07 -8.659013638370790519e-07 -5.379730001804645104e-06 -1.309763835911343687e-05 2.729169385044496448e-05 1.833081530592011647e-05 4.932088770027571021e-08 4.302126223693950596e-07 -4.579265205952125410e-06 -2.307061086408623926e-09 1.852665783844860414e-04 -3.567974897419236025e-05 -2.769788792557104118e-08 1.012567398267933631e-03 6.545533419315176522e-09 2.358493075343559345e-07 6.460465191643341494e-07 3.245406593960816887e-05 6.795222404387206677e-05 6.494696723240081239e-06 6.616047246975521748e-05 9.333233388305684289e-06 3.343435457465837959e-04 9.429763113531471072e-06 -2.050892623054643527e-06 1.092117396205072873e-05 7.728580220392271792e-05 1.301043323093573215e-05 6.772251307826357316e-07 1.235992915932726434e-05
-7.958373768515023914e-08 -1.206013808943679387e-07 -7.454666231295768627e-06 -1.197657661930257989e-07 7.047104625252927202e-07 1.105111717928939189e-06 2.943880565136758557e-06 -4.719189920119287996e-06 -4.159986070490664647e-06 -1.294149132255920979e-08 1.021729407514071779e-04 3.300253239770468625e-04 -5.824354814962847697e-10 -2.730991081867957125e-05 -6.124489141193719690e-05 1.271359518854499333e-08 -1.747692541405069990e-04 3.251649830118205614e-07 1.099115045541083068e-07 -1.068615594878575026e-07 -6.786834731487003990e-06 7.155735164029534620e-03 3.845590575131439619e-04 2.681718779549193001e-07 -6.245145965333839734e-07 1.020322599894728753e-02 1.539825402705610811e-04 2.983036200059092162e-05 1.094111094364695587e-06 2.985533336540267292e-04 6.772251307826357316e-07 1.587452812625849419e-01 2.641587250589239825e-03
3.644417905570412994e-07 5.522759357028342079e-07 3.413752593635067901e-05 5.484493635056324364e-07 -3.227115868860740006e-06 -5.060693364779136224e-06 -1.348105951732149642e-05 2.161082244303640890e-05 1.905003228448189350e-05 5.926361851371718207e-08 2.155559329898144518e-06 -4.485219372398508914e-06 -2.396182879729059368e-09 1.932987946292483931e-04 -1.726727941069601576e-05 -3.039675214990225741e-08 9.354292163236615576e-04 5.977387944215823701e-09 2.116087351566937274e-08 5.597376632345309832e-07 2.997795305962717033e-05 1.861442653236499442e-04 1.267993249495435611e-05 6.526277117317584066e-05 9.203625594970510604e-06 5.021406873216671240e-04 1.186813980755837175e-05 -2.121000159196108821e-06 1.144436883751074943e-05 -4.765414316445888633e-05 1.235992915932726434e-05 2.641587250589239825e-03 5.697509565983369453e-05
