9.369706346330658623e-09 7.140356865784560064e-09 5.390263165936330953e-07 -2.268316897855612377e-07 6.041739908241637568e-07 2.775441338748723722e-07 -1.428978213355173995e-07 -1.134806760761839149e-07 2.085936088811023882e-07 4.790994642996548423e-09 0.000000000000000000e+00 -1.797547217687612045e-07 -2.902228882129280192e-11 2.201800722558645447e-06 2.280848521583106349e-06 1.320754425035715982e-10 2.682908294772519445e-07 6.242581508801223079e-07 1.750321807879522599e-07 4.768350248438350560e-08 2.034157889596073143e-06 9.498297790341187202e-07 1.107579918693666769e-07 1.035510034863034091e-06 1.331726029652848443e-07 2.516228969793598395e-06 6.778186588062216224e-08 -4.408293392436072929e-08 1.857079094703505384e-07 1.158448284909379846e-05 3.244557320575777637e-07 -8.838442384852575464e-06 6.382897905623696443e-08
7.140356865784560064e-09 1.205379786449785648e-08 9.091237260985763118e-07 -3.044776562194204485e-08 9.941317684926238568e-08 1.088247574218408459e-07 -2.662265595946252624e-07 2.827082838823313912e-07 3.451215584339937382e-07 -4.296232005138934392e-09 0.000000000000000000e+00 -2.770250452698693145e-07 -5.094705043376790299e-11 3.770844518024540543e-06 -4.219171881949701753e-07 -6.870960198560216542e-10 1.907296788873709374e-05 2.074300604921093121e-08 3.000763262450907546e-09 1.257059139079498127e-08 8.715708610583664083e-07 -1.158407093490837591e-07 9.779475207108661499e-09 6.208101355739236625e-08 4.360217440987987000e-08 3.136355245341079115e-07 4.985154522732597367e-08 -7.172686892746199653e-08 3.134933560979959228e-07 -1.402603270635627635e-06 3.391306745342976395e-07 -1.490694874529187533e-05 1.076541858649570132e-07
5.390263165936330953e-07 9.091237260985763118e-07 6.862891202873715364e-05 -2.301715834778721403e-06 7.513094085081404677e-06 8.218999403080019258e-06 -2.008105495044062755e-05 2.133652865875504450e-05 2.604581947001659279e-05 -3.226540078699854465e-07 0.000000000000000000e+00 -2.309263301664756188e-05 -3.837387208954656189e-09 2.846145562735715134e-04 -3.185065846035389748e-05 -5.180062686913098632e-08 1.439439036690003722e-03 1.568995637917395004e-06 2.269935776855312945e-07 9.493754561703585246e-07 6.582508091728638130e-05 -8.735822962931613780e-06 7.392419635349622077e-07 4.680670760677066206e-06 3.289044899397599495e-06 2.368306236866257898e-05 3.763279427963234908e-06 -5.609643591359452712e-06 2.364467688859870574e-05 -1.058634383712032825e-04 2.560083878139476619e-05 -1.125311819160025551e-03 8.126715252452175307e-06
-2.268316897855612377e-07 -3.044776562194204485e-08 -2.301715834778721403e-06 7.118186541499935528e-05 -1.762438070967388339e-04 -4.898281615522518279e-05 -8.539642670515702814e-06 1.499730222542449104e-04 2.687893419678021159e-07 -2.063269366575686209e-06 0.000000000000000000e+00 2.766480803888316945e-07 -5.954582863126673283e-10 3.186581597654605021e-06 -7.853724031911044740e-05 -6.732602197983396256e-08 5.355440272073165586e-03 -7.726614407680985138e-05 -1.249156188065263102e-05 -5.310521750331329363e-06 -3.802976011300265424e-04 -1.803202672698638823e-04 -1.720516355369363132e-05 -1.764418146727432198e-04 -2.342391004358717891e-05 -4.647664533267736094e-04 -4.263382735632941419e-06 1.985278935651616095e-07 -7.919090340889968435e-07 -5.010904208229639747e-04 -5.873388668038753807e-06 3.774135355868236160e-05 -2.725584397064949898e-07
6.041739908241637568e-07 9.941317684926238568e-08 7.513094085081404677e-06 -1.762438070967388339e-04 4.531011482083420537e-04 1.817633663560620381e-04 2.230379985882264171e-05 -3.610405293223117569e-04 3.149060707608966641e-06 5.741557523646804924e-06 0.000000000000000000e+00 -1.062810536035107303e-06 1.371279036441956740e-09 2.032244797116611594e-05 2.137571282045693498e-04 2.604978517295039725e-07 -1.200384606858989622e-02 1.908984332946323794e-04 3.214183660295226143e-05 2.057483406278805662e-05 1.426332691000129285e-03 4.507550657233673984e-04 4.450421626393238688e-05 4.406864954931120101e-04 6.028564762471323230e-05 1.171450012373592697e-03 1.293936760821173999e-05 -6.412993028218713184e-07 2.585603584510802103e-06 1.306291880536667675e-03 1.589882407169046643e-05 -1.231925921958835265e-04 8.896655139858956088e-07
2.775441338748723722e-07 1.088247574218408459e-07 8.218999403080019258e-06 -4.898281615522518279e-05 1.817633663560620381e-04 2.528289793140797259e-04 1.020827256304719652e-05 -6.742581400335536084e-05 1.360963167945582097e-05 3.708302967054687831e-06 0.000000000000000000e+00 -1.579364347858277331e-06 4.386308543288748141e-11 1.003974806017659930e-04 8.024881406532813582e-05 3.832843784922058437e-07 8.294799979115690704e-04 4.669917003106817204e-05 1.124352235322349652e-05 3.034957011908373477e-05 2.019777672737141545e-03 1.337160302943981801e-04 1.810921946466252679e-05 1.294237356078959235e-04 2.403605805734597393e-05 3.836913492433293208e-04 1.130714982655637426e-05 -6.843677827147966856e-07 2.830357567391903890e-06 5.022048134078729766e-04 8.182508656497634465e-06 -1.347673581956583208e-04 9.732555250320318090e-07
-1.428978213355173995e-07 -2.662265595946252624e-07 -2.008105495044062755e-05 -8.539642670515702814e-06 2.230379985882264171e-05 1.020827256304719652e-05 7.586312277405157442e-05 -2.287911980188439152e-05 -1.981925268017484666e-05 2.796147891198059577e-06 0.000000000000000000e+00 8.323904501045203779e-06 6.082846356870023275e-09 -1.024149369666566044e-05 8.298200727353373049e-07 4.916373880602368291e-07 -9.115599944864135121e-04 7.629084604822914523e-06 1.020793409790784615e-06 1.101563905465517452e-06 8.098277634492769385e-05 2.716549752984246069e-05 2.610117821385965345e-06 2.234419870829119326e-05 3.056963526988690900e-06 6.487610365498823202e-05 2.915594136969560067e-07 1.589675826433136204e-06 -6.923989078699858949e-06 6.680944484865639576e-05 -7.134805220668203699e-06 3.292700963621642842e-04 -2.377904744908995083e-06
-1.134806760761839149e-07 2.827082838823313912e-07 2.133652865875504450e-05 1.499730222542449104e-04 -3.610405293223117569e-04 -6.742581400335536084e-05 -2.287911980188439152e-05 2.384308559757525401e-03 -1.241892683983664521e-05 -5.513348933150796171e-06 0.000000000000000000e+00 -9.018485876085336175e-06 -1.584890501736104297e-09 -4.586822236290683040e-05 2.416283683025403461e-05 -1.219294528687785375e-07 3.383338729525676991e-02 -1.464104063101462024e-04 -1.977420417986712662e-05 -6.100733130351154020e-06 -5.211603505928257170e-04 1.638723444433874059e-04 8.394865015609910010e-05 1.339386454264434689e-04 1.143206847710021392e-04 1.460259363933984721e-03 1.166615624895902517e-04 -1.728452078399761927e-06 7.352709302622548884e-06 -7.123530899020169170e-04 1.207416120599593979e-06 -3.498561636747176654e-04 2.526572078148071331e-06
2.085936088811023882e-07 3.451215584339937382e-07 2.604581947001659279e-05 2.687893419678021159e-07 3.149060707608966641e-06 1.360963167945582097e-05 -1.981925268017484666e-05 -1.241892683983664521e-05 9.930095736862980845e-05 5.220312062727451105e-06 0.000000000000000000e+00 -5.505296725305242215e-06 -5.894959526637447795e-09 7.132052024188843473e-04 -1.593859925368511487e-05 5.813916256214619443e-08 2.965847629929028832e-03 -4.075586297754551504e-07 2.216954108411903316e-07 1.672710887039185745e-06 1.091257930977331946e-04 -2.888685713761630984e-06 8.839664702441865227e-07 2.058987411011264977e-06 1.875926500675554621e-06 1.641314480386840658e-05 2.242433112426922138e-06 -2.106239070912286149e-06 8.975954700570433186e-06 -3.044905733908410606e-05 9.812615345191495460e-06 -4.270746486123089877e-04 3.084224302739460935e-06
4.790994642996548423e-09 -4.296232005138934392e-09 -3.226540078699854465e-07 -2.063269366575686209e-06 5.741557523646804924e-06 3.708302967054687831e-06 2.796147891198059577e-06 -5.513348933150796171e-06 5.220312062727451105e-06 2.456586912146260856e-06 0.000000000000000000e+00 7.217296348703806037e-07 7.642229621456249554e-11 1.281682402637942625e-05 1.211541000380661089e-06 -2.159047274337876769e-08 -6.909628305465472431e-05 2.226571843917424800e-06 4.088401096057709368e-07 4.350133925777385664e-07 2.936277061412934344e-05 6.398859033029516337e-06 7.711233781712250737e-07 6.115271690333261019e-06 1.016924873319232819e-06 1.839187495958836385e-05 3.879132205602988659e-07 2.103958216883268582e-08 -1.117284125322548232e-07 1.820562772718564687e-05 5.560851707301813119e-08 5.290574450654418577e-06 -3.820718075676134767e-08
0.000000000000000000e+00 0.000000000000000000e+00 0.000000000000000000e+00 0.000000000000000000e+00 0.000000000000000000e+00 0.000000000000000000e+00 0.000000000000000000e+00 0.000000000000000000e+00 0.000000000000000000e+00 0.000000000000000000e+00 7.552452478461272375e-08 0.000000000000000000e+00 0.000000000000000000e+00 0.000000000000000000e+00 0.000000000000000000e+00 0.000000000000000000e+00 0.000000000000000000e+00 0.000000000000000000e+00 0.000000000000000000e+00 0.000000000000000000e+00 0.000000000000000000e+00 1.453676046986862081e-06 1.257189091441681606e-07 0.000000000000000000e+00 0.000000000000000000e+00 1.714818198978164686e-06 4.002636764239959928e-08 0.000000000000000000e+00 0.000000000000000000e+00 0.000000000000000000e+00 0.000000000000000000e+00 1.195816473476287817e-04 1.992032784893953985e-06
-1.797547217687612045e-07 -2.770250452698693145e-07 -2.309263301664756188e-05 2.766480803888316945e-07 -1.062810536035107303e-06 -1.579364347858277331e-06 8.323904501045203779e-06 -9.018485876085336175e-06 -5.505296725305242215e-06 7.217296348703806037e-07 0.000000000000000000e+00 4.257899952146621848e-04 -1.235951498926711152e-10 -6.350600868012195406e-05 -5.738782453913648311e-05 3.068639689345064538e-08 -3.980485452308660113e-04 2.518319299573195572e-07 1.156269802209252382e-07 -1.677737909446184054e-07 -1.297385776408520991e-05 8.056888328057072981e-06 2.934982494602665088e-07 4.101887191384067899e-06 2.681200837399451440e-07 6.726768920635757131e-06 -8.239657327310322766e-07 3.917834863330284001e-05 -3.497761652359528229e-06 3.350800232195343380e-04 -5.078333725186746610e-06 5.692912949312248228e-04 5.836845772355380277e-07
-2.902228882129280192e-11 -5.094705043376790299e-11 -3.837387208954656189e-09 -5.954582863126673283e-10 1.371279036441956740e-09 4.386308543288748141e-11 6.082846356870023275e-09 -1.584890501736104297e-09 -5.894959526637447795e-09 7.642229621456249554e-11 0.000000000000000000e+00 -1.235951498926711152e-10 7.227780510342061495e-13 -3.767316534911342271e-08 1.721524908840428873e-09 2.734626558822215719e-11 -2.215537527535466358e-07 5.693407495372537122e-10 6.929011841759336048e-11 -3.828536619454631895e-12 2.810651508999504280e-10 2.299915444034877436e-09 1.446402579522428157e-10 1.487641071987555421e-09 8.502045636385574794e-11 3.684838380389580237e-09 -1.410382277281601163e-10 1.844044246060135055e-10 -1.337492239723725347e-09 7.627279833019236138e-09 -1.416381854155905525e-09 6.228121226472068085e-08 -4.655559186132902419e-10
2.201800722558645447e-06 3.770844518024540543e-06 2.846145562735715134e-04 3.186581597654605021e-06 2.032244797116611594e-05 1.003974806017659930e-04 -1.024149369666566044e-05 -4.586822236290683040e-05 7.132052024188843473e-04 1.281682402637942625e-05 0.000000000000000000e+00 -6.350600868012195406e-05 -3.767316534911342271e-08 6.088042036517915534e-03 -2.064189188702929929e-04 2.195885287093529068e-06 2.500248688924029683e-02 -1.087642700077246383e-05 -8.570747497796087072e-07 1.207740703319011165e-05 8.078158777219779201e-04 -5.434154645879971969e-05 4.794653854869392626e-06 7.637955501544051607e-07 1.529231852690604549e-05 9.599688486190878240e-05 2.028155012711164144e-05 -2.222498565214390398e-05 9.818326119847305253e-05 -5.115276742461111019e-04 1.054668132806318005e-04 -4.661170355414395033e-03 3.380140306203870511e-05
2.280848521583106349e-06 -4.219171881949701753e-07 -3.185065846035389748e-05 -7.853724031911044740e-05 2.137571282045693498e-04 8.024881406532813582e-05 8.298200727353373049e-07 2.416283683025403461e-05 -1.593859925368511487e-05 1.211541000380661089e-06 0.000000000000000000e+00 -5.738782453913648311e-05 1.721524908840428873e-09 -2.064189188702929929e-04 8.372316880871174052e-03 5.735036856237747761e-07 -1.155875380013174792e-03 8.351923074348177383e-04 2.790484947853665975e-04 4.117034292993892216e-05 2.393334665452051318e-04 1.046446787009489617e-03 1.091504372054124817e-04 1.030532290846395815e-03 7.039794268096395279e-05 2.047024034389666181e-03 3.986117016772695875e-05 -3.460484992151825922e-06 -1.171764097547276332e-05 6.117567438720746334e-03 4.822595038981551815e-05 4.840991438738491285e-04 -4.435764619184703617e-06
1.320754425035715982e-10 -6.870960198560216542e-10 -5.180062686913098632e-08 -6.732602197983396256e-08 2.604978517295039725e-07 3.832843784922058437e-07 4.916373880602368291e-07 -1.219294528687785375e-07 5.813916256214619443e-08 -2.159047274337876769e-08 0.000000000000000000e+00 3.068639689345064538e-08 2.734626558822215719e-11 2.195885287093529068e-06 5.735036856237747761e-07 5.432753036775788709e-09 7.622012174190259212e-06 1.098152662006966149e-07 3.235045535267169468e-08 4.806889574191050864e-08 3.039779890810501049e-06 2.594212319154012595e-07 3.319565129582554828e-08 2.393632261272872905e-07 3.767422449324703395e-08 6.674954512018320470e-07 1.828448523640885358e-08 4.402229004245838363e-09 -1.782255728605449887e-08 1.386967601368790222e-06 -6.331871215081413710e-09 8.517980340613111095e-07 -6.091858472655937258e-09
2.682908294772519445e-07 1.907296788873709374e-05 1.439439036690003722e-03 5.355440272073165586e-03 -1.200384606858989622e-02 8.294799979115690704e-04 -9.115599944864135121e-04 3.383338729525676991e-02 2.965847629929028832e-03 -6.909628305465472431e-05 0.000000000000000000e+00 -3.980485452308660113e-04 -2.215537527535466358e-07 2.500248688924029683e-02 -1.155875380013174792e-03 7.622012174190259212e-06 8.215817507675827747e-01 -5.447690710722855392e-03 -7.097399249550262294e-04 1.715624275278912307e-04 7.385481350031825737e-03 -7.424726825764759938e-03 1.570493252102381676e-04 -7.333727524516687850e-03 2.085123064753238503e-04 -6.679093753999955016e-03 1.264841409026598888e-03 -1.133774709358127079e-04 4.964347891562237913e-04 -2.886785720786020151e-02 2.721754996434423311e-04 -2.358291958401530219e-02 1.707934372744882956e-04
6.242581508801223079e-07 2.074300604921093121e-08 1.568995637917395004e-06 -7.726614407680985138e-05 1.908984332946323794e-04 4.669917003106817204e-05 7.629084604822914523e-06 -1.464104063101462024e-04 -4.075586297754551504e-07 2.226571843917424800e-06 0.000000000000000000e+00 2.518319299573195572e-07 5.693407495372537122e-10 -1.087642700077246383e-05 8.351923074348177383e-04 1.098152662006966149e-07 -5.447690710722855392e-03 1.606675746991314082e-04 4.046990320922750408e-05 8.235374823168865974e-06 3.233093422025094159e-04 2.825857074918655134e-04 2.767267595791496256e-05 2.777420923242069663e-04 3.003740164000065030e-05 6.612351748094207711e-04 7.984872240162470744e-06 -1.136666277819202854e-07 5.425232501745096988e-07 1.477870941431056861e-03 1.528918267441912177e-05 -2.557215786075657635e-05 1.884865604763977242e-07
1.750321807879522599e-07 3.000763262450907546e-09 2.269935776855312945e-07 -1.249156188065263102e-05 3.214183660295226143e-05 1.124352235322349652e-05 1.020793409790784615e-06 -1.977420417986712662e-05 2.216954108411903316e-07 4.088401096057709368e-07 0.000000000000000000e+00 1.156269802209252382e-07 6.929011841759336048e-11 -8.570747497796087072e-07 2.790484947853665975e-04 3.235045535267169468e-08 -7.097399249550262294e-04 4.046990320922750408e-05 1.173373752978647948e-05 2.403140221610885686e-06 7.471150066110253851e-05 6.243881886526838601e-05 6.327201278984786698e-06 6.150010621232985598e-05 5.908126913455815458e-06 1.381487622360396599e-04 2.117121792075672531e-06 -1.127376016708738859e-08 7.912469833749750361e-08 4.188011032015966865e-04 4.247884435899792081e-06 -3.666769955704799757e-06 2.784127386101130894e-08
4.768350248438350560e-08 1.257059139079498127e-08 9.493754561703585246e-07 -5.310521750331329363e-06 2.057483406278805662e-05 3.034957011908373477e-05 1.101563905465517452e-06 -6.100733130351154020e-06 1.672710887039185745e-06 4.350133925777385664e-07 0.000000000000000000e+00 -1.677737909446184054e-07 -3.828536619454631895e-12 1.207740703319011165e-05 4.117034292993892216e-05 4.806889574191050864e-08 1.715624275278912307e-04 8.235374823168865974e-06 2.403140221610885686e-06 3.787455709010060958e-06 2.409536054025600282e-04 1.832553035024281926e-05 2.437025982803805615e-06 1.781004115729441749e-05 2.916276209450770101e-06 4.917767617517242689e-05 1.490766923472627824e-06 -7.789703394742346413e-08 3.270747825080330097e-07 9.582099895970476585e-05 1.320660368415839953e-06 -1.556009099834829832e-05 1.125401397545080727e-07
2.034157889596073143e-06 8.715708610583664083e-07 6.582508091728638130e-05 -3.802976011300265424e-04 1.426332691000129285e-03 2.019777672737141545e-03 8.098277634492769385e-05 -5.211603505928257170e-04 1.091257930977331946e-04 2.936277061412934344e-05 0.000000000000000000e+00 -1.297385776408520991e-05 2.810651508999504280e-10 8.078158777219779201e-04 2.393334665452051318e-04 3.039779890810501049e-06 7.385481350031825737e-03 3.233093422025094159e-04 7.471150066110253851e-05 2.409536054025600282e-04 1.615937556441136153e-02 9.989711966194264429e-04 1.378844369822365657e-04 9.654690525059942850e-04 1.865697607837447675e-04 2.921538420027953390e-03 8.833673780124059647e-05 -5.502771894275180645e-06 2.266533974856360328e-05 3.565270748532716003e-03 6.099715254765010892e-05 -1.079481825366494742e-03 7.792182340978947750e-06
9.498297790341187202e-07 -1.158407093490837591e-07 -8.735822962931613780e-06 -1.803202672698638823e-04 4.507550657233673984e-04 1.337160302943981801e-04 2.716549752984246069e-05 1.638723444433874059e-04 -2.888685713761630984e-06 6.398859033029516337e-06 1.453676046986862081e-06 8.056888328057072981e-06 2.299915444034877436e-09 -5.434154645879971969e-05 1.046446787009489617e-03 2.594212319154012595e-07 -7.424726825764759938e-03 2.825857074918655134e-04 6.243881886526838601e-05 1.832553035024281926e-05 9.989711966194264429e-04 7.247412805993716381e-04 8.717663329087856636e-05 6.721832763199389604e-04 1.065086958530638001e-04 2.014442644661203728e-03 4.712978235942799713e-05 1.002480488442380623e-06 -2.973874098130916012e-06 2.479301093692653189e-03 2.124417305995272956e-05 2.447007024306919500e-03 3.734496225475256376e-05
1.107579918693666769e-07 9.779475207108661499e-09 7.392419635349622077e-07 -1.720516355369363132e-05 4.450421626393238688e-05 1.810921946466252679e-05 2.610117821385965345e-06 8.394865015609910010e-05 8.839664702441865227e-07 7.711233781712250737e-07 1.257189091441681606e-07 2.934982494602665088e-07 1.446402579522428157e-10 4.794653854869392626e-06 1.091504372054124817e-04 3.319565129582554828e-08 1.570493252102381676e-04 2.767267595791496256e-05 6.327201278984786698e-06 2.437025982803805615e-06 1.378844369822365657e-04 8.717663329087856636e-05 1.240411520906526640e-05 8.124366441486457850e-05 1.573227008959189767e-05 2.740394596507123048e-04 8.824315537017361083e-06 -3.339624170042707271e-08 2.580612712551213747e-07 2.529355890752443435e-04 2.800528933141230401e-06 1.871230797109562369e-04 3.407098527203254250e-06
1.035510034863034091e-06 6.208101355739236625e-08 4.680670760677066206e-06 -1.764418146727432198e-04 4.406864954931120101e-04 1.294237356078959235e-04 2.234419870829119326e-05 1.339386454264434689e-04 2.058987411011264977e-06 6.115271690333261019e-06 0.000000000000000000e+00 4.101887191384067899e-06 1.487641071987555421e-09 7.637955501544051607e-07 1.030532290846395815e-03 2.393632261272872905e-07 -7.333727524516687850e-03 2.777420923242069663e-04 6.150010621232985598e-05 1.781004115729441749e-05 9.654690525059942850e-04 6.721832763199389604e-04 8.124366441486457850e-05 6.514408263140615378e-04 1.022187457982918330e-04 1.905546309562082931e-03 4.413951954613095572e-05 -3.790108191844448754e-08 1.654615439658340266e-06 2.411089555890753942e-03 2.577694106810988469e-05 -7.469704944536352748e-05 5.899820846709437796e-07
1.331726029652848443e-07 4.360217440987987000e-08 3.289044899397599495e-06 -2.342391004358717891e-05 6.028564762471323230e-05 2.403605805734597393e-05 3.056963526988690900e-06 1.143206847710021392e-04 1.875926500675554621e-06 1.016924873319232819e-06 0.000000000000000000e+00 2.681200837399451440e-07 8.502045636385574794e-11 1.529231852690604549e-05 7.039794268096395279e-05 3.767422449324703395e-08 2.085123064753238503e-04 3.003740164000065030e-05 5.908126913455815458e-06 2.916276209450770101e-06 1.865697607837447675e-04 1.065086958530638001e-04 1.573227008959189767e-05 1.022187457982918330e-04 2.108006893460859926e-05 3.547510362356289101e-04 1.171360256815063037e-05 -1.748208417937004506e-07 1.144578404123185937e-06 2.552691902024809608e-04 3.815461355940573164e-06 -5.338841028622769234e-05 3.989111556090053840e-07
2.516228969793598395e-06 3.136355245341079115e-07 2.368306236866257898e-05 -4.647664533267736094e-04 1.171450012373592697e-03 3.836913492433293208e-04 6.487610365498823202e-05 1.460259363933984721e-03 1.641314480386840658e-05 1.839187495958836385e-05 1.714818198978164686e-06 6.726768920635757131e-06 3.684838380389580237e-09 9.599688486190878240e-05 2.047024034389666181e-03 6.674954512018320470e-07 -6.679093753999955016e-03 6.612351748094207711e-04 1.381487622360396599e-04 4.917767617517242689e-05 2.921538420027953390e-03 2.014442644661203728e-03 2.740394596507123048e-04 1.905546309562082931e-03 3.547510362356289101e-04 6.240557285628089632e-03 1.830794170516413769e-04 -1.128848970284604416e-06 8.258916234370262716e-06 5.605768876342729842e-03 6.490900284081647443e-05 2.331995795008005509e-03 4.812900537988268248e-05
6.778186588062216224e-08 4.985154522732597367e-08 3.763279427963234908e-06 -4.263382735632941419e-06 1.293936760821173999e-05 1.130714982655637426e-05 2.915594136969560067e-07 1.166615624895902517e-04 2.242433112426922138e-06 3.879132205602988659e-07 4.002636764239959928e-08 -8.239657327310322766e-07 -1.410382277281601163e-10 2.028155012711164144e-05 3.986117016772695875e-05 1.828448523640885358e-08 1.264841409026598888e-03 7.984872240162470744e-06 2.117121792075672531e-06 1.490766923472627824e-06 8.833673780124059647e-05 4.712978235942799713e-05 8.824315537017361083e-06 4.413951954613095572e-05 1.171360256815063037e-05 1.830794170516413769e-04 8.297265034133064808e-06 -2.802691476785163086e-07 1.299916678122373367e-06 8.688651994624824160e-05 2.325246755632645600e-06 1.839228697953973739e-06 1.504494719832994818e-06
-4.408293392436072929e-08 -7.172686892746199653e-08 -5.609643591359452712e-06 1.985278935651616095e-07 -6.412993028218713184e-07 -6.843677827147966856e-07 1.589675826433136204e-06 -1.728452078399761927e-06 -2.106239070912286149e-06 2.103958216883268582e-08 0.000000000000000000e+00 3.917834863330284001e-05 1.844044246060135055e-10 -2.222498565214390398e-05 -3.460484992151825922e-06 4.402229004245838363e-09 -1.133774709358127079e-04 -1.136666277819202854e-07 -1.127376016708738859e-08 -7.789703394742346413e-08 -5.502771894275180645e-06 1.002480488442380623e-06 -3.339624170042707271e-08 -3.790108191844448754e-08 -1.748208417937004506e-07 -1.128848970284604416e-06 -2.802691476785163086e-07 3.787278506110507197e-06 -1.534738443493075991e-06 3.496435691182303254e-05 -1.781141006050571754e-06 1.089904589089205333e-04 -3.682187415419634269e-07
1.857079094703505384e-07 3.134933560979959228e-07 2.364467688859870574e-05 -7.919090340889968435e-07 2.585603584510802103e-06 2.830357567391903890e-06 -6.923989078699858949e-06 7.352709302622548884e-06 8.975954700570433186e-06 -1.117284125322548232e-07 0.000000000000000000e+00 -3.497761652359528229e-06 -1.337492239723725347e-09 9.818326119847305253e-05 -1.171764097547276332e-05 -1.782255728605449887e-08 4.964347891562237913e-04 5.425232501745096988e-07 7.912469833749750361e-08 3.270747825080330097e-07 2.266533974856360328e-05 -2.973874098130916012e-06 2.580612712551213747e-07 1.654615439658340266e-06 1.144578404123185937e-06 8.258916234370262716e-06 1.299916678122373367e-06 -1.534738443493075991e-06 8.194004525204297599e-06 -3.324335919128457845e-05 8.858468793511743169e-06 -3.856157717730771548e-04 2.836221482228620808e-06
1.158448284909379846e-05 -1.402603270635627635e-06 -1.058634383712032825e-04 -5.010904208229639747e-04 1.306291880536667675e-03 5.022048134078729766e-04 6.680944484865639576e-05 -7.123530899020169170e-04 -3.044905733908410606e-05 1.820562772718564687e-05 0.000000000000000000e+00 3.350800232195343380e-04 7.627279833019236138e-09 -5.115276742461111019e-04 6.117567438720746334e-03 1.386967601368790222e-06 -2.886785720786020151e-02 1.477870941431056861e-03 4.188011032015966865e-04 9.582099895970476585e-05 3.565270748532716003e-03 2.479301093692653189e-03 2.529355890752443435e-04 2.411089555890753942e-03 2.552691902024809608e-04 5.605768876342729842e-03 8.688651994624824160e-05 3.496435691182303254e-05 -3.324335919128457845e-05 3.043979024806600653e-02 2.618321346680111544e-04 1.901728163607033402e-03 -9.648615540812700457e-06
3.244557320575777637e-07 3.391306745342976395e-07 2.560083878139476619e-05 -5.873388668038753807e-06 1.589882407169046643e-05 8.182508656497634465e-06 -7.134805220668203699e-06 1.207416120599593979e-06 9.812615345191495460e-06 5.560851707301813119e-08 0.000000000000000000e+00 -5.078333725186746610e-06 -1.416381854155905525e-09 1.054668132806318005e-04 4.822595038981551815e-05 -6.331871215081413710e-09 2.721754996434423311e-04 1.528918267441912177e-05 4.247884435899792081e-06 1.320660368415839953e-06 6.099715254765010892e-05 2.124417305995272956e-05 2.800528933141230401e-06 2.577694106810988469e-05 3.815461355940573164e-06 6.490900284081647443e-05 2.325246755632645600e-06 -1.781141006050571754e-06 8.858468793511743169e-06 2.618321346680111544e-04 1.255009497348387413e-05 -4.178154724175666920e-04 3.065695556503399418e-06
-8.838442384852575464e-06 -1.490694874529187533e-05 -1.125311819160025551e-03 3.774135355868236160e-05 -1.231925921958835265e-04 -1.347673581956583208e-04 3.292700963621642842e-04 -3.498561636747176654e-04 -4.270746486123089877e-04 5.290574450654418577e-06 1.195816473476287817e-04 5.692912949312248228e-04 6.228121226472068085e-08 -4.661170355414395033e-03 4.840991438738491285e-04 8.517980340613111095e-07 -2.358291958401530219e-02 -2.557215786075657635e-05 -3.666769955704799757e-06 -1.556009099834829832e-05 -1.079481825366494742e-03 2.447007024306919500e-03 1.871230797109562369e-04 -7.469704944536352748e-05 -5.338841028622769234e-05 2.331995795008005509e-03 1.839228697953973739e-06 1.089904589089205333e-04 -3.856157717730771548e-04 1.901728163607033402e-03 -4.178154724175666920e-04 2.080959231394267361e-01 3.022302075614623652e-03
6.382897905623696443e-08 1.076541858649570132e-07 8.126715252452175307e-06 -2.725584397064949898e-07 8.896655139858956088e-07 9.732555250320318090e-07 -2.377904744908995083e-06 2.526572078148071331e-06 3.084224302739460935e-06 -3.820718075676134767e-08 1.992032784893953985e-06 5.836845772355380277e-07 -4.655559186132902419e-10 3.380140306203870511e-05 -4.435764619184703617e-06 -6.091858472655937258e-09 1.707934372744882956e-04 1.884865604763977242e-07 2.784127386101130894e-08 1.125401397545080727e-07 7.792182340978947750e-06 3.734496225475256376e-05 3.407098527203254250e-06 5.899820846709437796e-07 3.989111556090053840e-07 4.812900537988268248e-05 1.504494719832994818e-06 -3.682187415419634269e-07 2.836221482228620808e-06 -9.648615540812700457e-06 3.065695556503399418e-06 3.022302075614623652e-03 5.354160039476367846e-05
