2.618730663119275759e-06 2.794939946864138329e-06 2.672014616162760254e-05 2.318816756065002571e-07 -3.157141797099509980e-06 -3.378448571086413697e-06 -6.272994705552531952e-06 1.481062087406654570e-05 8.535157735424533476e-06 3.231499878327352273e-08 2.700213580427659867e-06 -4.835017866371781066e-06 -9.278075522549230623e-10 5.420916853250148747e-05 -8.477792689043894532e-06 -1.127817378799697664e-08 3.804266151895870497e-04 2.475290315132025364e-10 8.944677065224645117e-09 3.082406662028949832e-07 1.577903923956354941e-05 3.964456713357798306e-05 3.778105818385982767e-06 3.828871067530387364e-05 5.422409749701784224e-06 1.967840191221514586e-04 5.620049875373940646e-06 -1.193676807392704317e-06 5.045667837074543067e-06 -1.650915810898549268e-05 5.534745569291071172e-06 -1.227516566197000653e-06 5.711373374197524952e-06
2.794939946864138329e-06 2.987975786703333873e-06 2.856539345095997874e-05 2.374834642311851745e-07 -3.565182615238202515e-06 -3.568665143472326856e-06 -6.690902949251561344e-06 1.526597400005961561e-05 9.115018306663276871e-06 3.475950447764151065e-08 2.886685681282332042e-06 -5.127293462134945286e-06 -9.909135168110783338e-10 5.792813381354393657e-05 -7.819346187975715650e-06 -1.216248643353129428e-08 3.999197116004043519e-04 1.870228738931166672e-10 -3.925889715129256946e-09 3.204924789562891552e-07 1.653019370976873119e-05 4.207192274274012471e-05 4.001074397314875064e-06 4.064237508580550209e-05 5.755113970740315084e-06 2.090015419110273368e-04 5.964185849397604276e-06 -1.272399560339683906e-06 5.394500154815968127e-06 -2.551033722644714327e-05 5.840859914397318080e-06 -1.312286746819667121e-06 6.105790986038204752e-06
2.672014616162760254e-05 2.856539345095997874e-05 2.730904836603147362e-04 2.270418098333750999e-06 -3.408467826020581320e-05 -3.411771072543686925e-05 -6.396189590538716926e-05 1.459461668451282775e-04 8.713945023745119707e-05 3.325738075902447039e-07 2.759725295680128814e-05 -4.941509445442856581e-05 -9.471723910244163749e-09 5.537962227246332868e-04 -7.475535900062108561e-05 -1.162609132031444279e-07 3.823264796907212357e-03 1.788423098838479672e-09 -3.754793248201508818e-08 3.064016551598109677e-06 1.580343875168691643e-04 4.022157770094992061e-04 3.825101598465101825e-05 3.885394667046231099e-04 5.501903172211456214e-05 1.998081580766429815e-03 5.701851495135000947e-05 -1.219993624833322282e-05 5.156871603030604962e-05 -2.438843912114167344e-04 5.583970116028407453e-05 -1.254570580325615292e-05 5.837249945002691200e-05
2.318816756065002571e-07 2.374834642311851745e-07 2.270418098333750999e-06 2.682754502479690730e-06 -3.376726642973422205e-05 -3.818499003442439523e-05 4.646188526663667012e-07 7.782083806616688600e-06 2.710477012408397117e-06 2.328400312463602134e-07 2.294378835087941281e-07 -3.016615167766319721e-07 -9.414666237161306616e-11 1.270058211504254353e-05 -2.552753907677395247e-06 4.202524122093420578e-08 5.170116246912746750e-04 -4.393168962873245729e-09 2.096931613853348476e-07 3.526019513851823499e-06 1.794864452622854255e-04 2.606511293200345210e-05 2.108451479382028881e-06 2.445285877433890875e-05 3.052853663098109043e-06 1.347808015988473656e-04 3.146205131512146322e-06 -1.019885830312035526e-07 4.286731751660775541e-07 1.448204515529753388e-05 6.240749366911552881e-07 -1.043024170270007175e-07 4.852969514717820939e-07
-3.157141797099509980e-06 -3.565182615238202515e-06 -3.408467826020581320e-05 -3.376726642973422205e-05 7.199084921400709979e-04 5.770879505651365857e-04 -1.670962380077588134e-05 2.443575501906719441e-04 -3.429508339113113434e-05 -4.170700895302084250e-06 -3.444438910101691720e-06 4.394876294252405476e-06 6.660242735576133811e-10 -1.628962582477156318e-04 4.534838116588394991e-04 -5.939314106055744048e-07 -2.944400244387226397e-03 -2.951537307828880657e-07 8.854415918037173545e-06 -4.866313773084528834e-05 -2.587583170481809296e-03 -2.287746636292742027e-04 -4.516564259869930931e-06 -2.162191645674211302e-04 -1.957690046162306177e-05 -1.169639736501080270e-03 -1.435222023846705178e-05 1.537933318036057848e-06 -6.434748514807484980e-06 3.319861431028919385e-04 -4.050036082085846362e-06 1.565841255715478087e-06 -7.285526160892774405e-06
-3.378448571086413697e-06 -3.568665143472326856e-06 -3.411771072543686925e-05 -3.818499003442439523e-05 5.770879505651365857e-04 5.750612182250919432e-04 -1.016641045622934900e-05 1.213596997461914727e-06 -3.863810233352137519e-05 -3.719746703736396307e-06 -3.447777017261439901e-06 4.489314790484295344e-06 1.170259792918020795e-09 -1.817678751415394730e-04 1.742297266904664025e-04 -6.194157345037606235e-07 -6.193316452712978142e-03 -4.428835255216171905e-08 7.777367046935644833e-07 -5.158805665705179326e-05 -2.662160663450756359e-03 -3.384995418236568226e-04 -2.280616839936728418e-05 -3.180827969567210159e-04 -3.728637185537721449e-05 -1.746041375262925811e-03 -3.652214452358939893e-05 1.534822441584823617e-06 -6.441464758449264930e-06 -3.778542548374291582e-05 -7.636951612560652082e-06 1.567358758588064821e-06 -7.292586778797301487e-06
-6.272994705552531952e-06 -6.690902949251561344e-06 -6.396189590538716926e-05 4.646188526663667012e-07 -1.670962380077588134e-05 -1.016641045622934900e-05 1.659106082607953174e-04 -3.131628274433797589e-05 -5.475369493228856254e-05 3.031561182132389472e-06 -6.463691437498670117e-06 1.389814080475442871e-05 1.084890950690936621e-08 -7.459262983740563922e-05 -7.344635287527885066e-06 8.048630494878804074e-07 -1.102637338767625342e-03 1.030723479799646564e-08 -3.876538541615142124e-07 7.683273680896656173e-07 4.318347462630327596e-05 -7.793528259291664236e-05 -8.434290583686427148e-06 -7.566501800713097117e-05 -1.130092563574382496e-05 -3.889051568491418468e-04 -1.234864058131149166e-05 2.780432443225213082e-06 -1.208620067063361421e-05 3.213469304846948513e-05 -1.332040142755743214e-05 2.938392864913827480e-06 -1.367171672742615087e-05
1.481062087406654570e-05 1.526597400005961561e-05 1.459461668451282775e-04 7.782083806616688600e-06 2.443575501906719441e-04 1.213596997461914727e-06 -3.131628274433797589e-05 1.571594711593820443e-02 -5.019486848307572603e-05 -3.740344041093147778e-06 1.474864019615710538e-05 -2.949086370864910004e-05 -1.436654571400893942e-09 -1.372602472628211092e-04 6.150810902790739996e-04 -1.320002710829249965e-07 6.222511681652229815e-02 -3.818513053021707094e-07 1.396311840920628508e-05 5.258742942296680347e-06 1.393727234784201507e-04 7.638590535430236179e-04 9.348728984275959670e-05 7.510684615624812956e-04 9.429308810633204457e-05 3.643462424883171704e-03 1.018162632882782531e-04 -6.530673302454713471e-06 2.755845062818521108e-05 7.696458536016031462e-04 3.855511443166272610e-05 -6.704728952248020076e-06 3.119567708736794578e-05
8.535157735424533476e-06 9.115018306663276871e-06 8.713945023745119707e-05 2.710477012408397117e-06 -3.429508339113113434e-05 -3.863810233352137519e-05 -5.475369493228856254e-05 -5.019486848307572603e-05 2.073218870126733026e-04 7.416458943502846922e-06 8.805907179507385164e-06 -1.054238624141832630e-05 -1.111321747380616107e-08 9.224508588981002177e-04 -3.808894450390297085e-05 7.791856485215595250e-08 5.076331558057136858e-03 -4.288692415400970537e-09 2.048667460974580318e-07 3.565051740466284255e-06 1.815404729224157467e-04 1.719405721057854451e-04 1.593788100432564820e-05 1.656307118009691846e-04 2.237597428989052719e-05 8.435254776011623119e-04 2.248066273215077577e-05 -3.860815282733055039e-06 1.645821525449423937e-05 -6.234918541313074001e-05 1.796746700680543207e-05 -4.003163683750591186e-06 1.862586877024865483e-05
3.231499878327352273e-08 3.475950447764151065e-08 3.325738075902447039e-07 2.328400312463602134e-07 -4.170700895302084250e-06 -3.719746703736396307e-06 3.031561182132389472e-06 -3.740344041093147778e-06 7.416458943502846922e-06 2.111129751805327191e-06 3.360836075961520428e-08 5.660079826893360681e-07 -1.618869743625514731e-11 5.110185294463826795e-06 -4.074418247541520153e-06 -2.075493443526316132e-08 3.946326745027009921e-05 1.095095601597365913e-09 -3.013055998527753404e-08 3.240334214916994420e-07 1.695889692434196988e-05 3.904574134016227712e-06 2.571906669899387570e-07 3.728816213758649329e-06 4.059323288567063913e-07 1.867282127537510638e-05 3.333324959109474385e-07 -1.953717014042666024e-08 6.231284096493041645e-08 -6.789030877959099023e-07 6.430518529838347760e-08 -1.527835423969690380e-08 7.108693111688977353e-08
2.700213580427659867e-06 2.886685681282332042e-06 2.759725295680128814e-05 2.294378835087941281e-07 -3.444438910101691720e-06 -3.447777017261439901e-06 -6.463691437498670117e-06 1.474864019615710538e-05 8.805907179507385164e-06 3.360836075961520428e-08 2.919645722525207876e-06 -4.993659402791078001e-06 -9.571683245217922032e-10 5.596406817332688242e-05 -7.554428570944864535e-06 -1.174878665727054751e-08 3.863613418778894383e-04 1.807297126977794705e-10 -3.794419259222931049e-09 3.096352487458209598e-07 1.597021950278208820e-05 4.681747615455241450e-05 4.214399899524760200e-06 3.926398973200963933e-05 5.559967214976656935e-06 2.104727997125470384e-04 5.900776721751845131e-06 -1.232868762724403604e-06 5.211294373464909493e-06 -2.464582121744226617e-05 5.642900247924272559e-06 1.424084744651631855e-04 8.256798149345559202e-06
-4.835017866371781066e-06 -5.127293462134945286e-06 -4.941509445442856581e-05 -3.016615167766319721e-07 4.394876294252405476e-06 4.489314790484295344e-06 1.389814080475442871e-05 -2.949086370864910004e-05 -1.054238624141832630e-05 5.660079826893360681e-07 -4.993659402791078001e-06 6.860212054094170196e-03 -2.108012259976516032e-08 2.328018090251360506e-05 -1.338762774180567595e-03 1.041044187171584422e-07 -4.291227068346092780e-05 5.688762613691944043e-06 1.985622358980860016e-06 -1.505639607269712262e-07 -2.410166738382380131e-05 2.125344778077945321e-04 9.690414058388965542e-06 2.066860364295495687e-04 1.793279820791921923e-05 4.846446032822752134e-04 4.217694224479511797e-06 6.145860565835044569e-04 5.978489463763608352e-05 6.042348983144769058e-03 5.370174166251973525e-05 3.938362293870975236e-03 5.982130629241910313e-05
-9.278075522549230623e-10 -9.909135168110783338e-10 -9.471723910244163749e-09 -9.414666237161306616e-11 6.660242735576133811e-10 1.170259792918020795e-09 1.084890950690936621e-08 -1.436654571400893942e-09 -1.111321747380616107e-08 -1.618869743625514731e-11 -9.571683245217922032e-10 -2.108012259976516032e-08 1.122784365399982825e-12 -4.547486755611008063e-08 6.196824502505764475e-09 3.473963594586181500e-11 -2.908637272335724243e-07 -1.909793084201077953e-11 -3.452200917843732456e-11 -1.170924913599633630e-10 -5.709345589877818328e-09 -1.559636166862823955e-08 -1.487685410711675473e-09 -1.507334172883068553e-08 -2.090466538880773773e-09 -7.529564132275378769e-08 -2.126948318960634681e-09 -1.614715756641547571e-09 -2.018542796961920297e-09 -1.325292973753796446e-08 -2.165951907866943544e-09 -1.263219979309666433e-08 -2.258225376544568448e-09
5.420916853250148747e-05 5.792813381354393657e-05 5.537962227246332868e-04 1.270058211504254353e-05 -1.628962582477156318e-04 -1.817678751415394730e-04 -7.459262983740563922e-05 -1.372602472628211092e-04 9.224508588981002177e-04 5.110185294463826795e-06 5.596406817332688242e-05 2.328018090251360506e-05 -4.547486755611008063e-08 5.126771903270136224e-03 -2.158386447609715716e-04 2.308795905266541465e-06 2.720369486521974703e-02 4.229192541360922790e-07 1.028110082392621469e-06 1.675684296402063522e-05 8.528474306936893734e-04 1.018879325209162863e-03 9.468672042901114653e-05 9.818639486980679405e-04 1.342608252119878594e-04 5.004874887103472579e-03 1.355608068282831763e-04 -1.541230598329303191e-05 1.056280040201239138e-04 -3.630975930651064612e-04 1.145964755432260794e-04 3.434381203806608168e-05 1.194417966523379532e-04
-8.477792689043894532e-06 -7.819346187975715650e-06 -7.475535900062108561e-05 -2.552753907677395247e-06 4.534838116588394991e-04 1.742297266904664025e-04 -7.344635287527885066e-06 6.150810902790739996e-04 -3.808894450390297085e-05 -4.074418247541520153e-06 -7.554428570944864535e-06 -1.338762774180567595e-03 6.196824502505764475e-09 -2.158386447609715716e-04 1.572751988682241642e-02 6.081680580355959462e-07 7.372913086754954819e-03 1.138597576132841611e-03 4.138889118707336583e-04 4.122459735857091030e-05 -1.277140931276294321e-03 2.131818264095471788e-03 1.417002125837392153e-04 2.095264008988768391e-03 1.203331017291376205e-04 4.931220831764796843e-03 8.252095936544067540e-05 -1.173822422961069202e-04 -2.775361096792288411e-05 -3.102859352969793497e-03 -4.712398264361228160e-05 -7.815634465563202262e-04 -3.001582069104682867e-05
-1.127817378799697664e-08 -1.216248643353129428e-08 -1.162609132031444279e-07 4.202524122093420578e-08 -5.939314106055744048e-07 -6.194157345037606235e-07 8.048630494878804074e-07 -1.320002710829249965e-07 7.791856485215595250e-08 -2.075493443526316132e-08 -1.174878665727054751e-08 1.041044187171584422e-07 3.473963594586181500e-11 2.308795905266541465e-06 6.081680580355959462e-07 6.643450194007635542e-09 1.418908315947658290e-05 6.132846850843903931e-08 2.216036705596696987e-08 5.890974169314938428e-08 2.849685619595373145e-06 3.897376285434569935e-07 2.156676997928304976e-08 3.664054507453667810e-07 3.190880562910803804e-08 1.661509403364475748e-06 2.553143701174681417e-08 1.124579001450849762e-08 -2.126811085385700293e-08 3.312901247687478036e-07 -2.151074488267532371e-08 4.636957606406142090e-08 -2.411686123616366695e-08
3.804266151895870497e-04 3.999197116004043519e-04 3.823264796907212357e-03 5.170116246912746750e-04 -2.944400244387226397e-03 -6.193316452712978142e-03 -1.102637338767625342e-03 6.222511681652229815e-02 5.076331558057136858e-03 3.946326745027009921e-05 3.863613418778894383e-04 -4.291227068346092780e-05 -2.908637272335724243e-07 2.720369486521974703e-02 7.372913086754954819e-03 1.418908315947658290e-05 4.881070565054130839e-01 2.726844114046642759e-04 2.762682683993214635e-04 6.400576495161184893e-04 3.047062710475515260e-02 1.363971112766308377e-02 1.385199064044343766e-03 1.307676009749102371e-02 1.717665871266491409e-03 6.655269274182960826e-02 1.806609805371524281e-03 -1.208903644330367431e-04 7.275931143667614068e-04 7.833104540520311257e-03 8.911071936114892860e-04 1.440332746255699331e-04 8.229308402197472224e-04
2.475290315132025364e-10 1.870228738931166672e-10 1.788423098838479672e-09 -4.393168962873245729e-09 -2.951537307828880657e-07 -4.428835255216171905e-08 1.030723479799646564e-08 -3.818513053021707094e-07 -4.288692415400970537e-09 1.095095601597365913e-09 1.807297126977794705e-10 5.688762613691944043e-06 -1.909793084201077953e-11 4.229192541360922790e-07 1.138597576132841611e-03 6.132846850843903931e-08 2.726844114046642759e-04 9.156767864148503469e-05 3.195240539101148558e-05 4.074246919558477136e-06 -5.113151229330163390e-05 1.766997164676640023e-04 1.012441871108797264e-05 1.739811239908033559e-04 9.470110327057235767e-06 4.035466240915177921e-04 5.355549934315879644e-06 5.083349491082968737e-07 5.777005428953774972e-08 5.198594722966754062e-06 5.490201787774675202e-08 3.305565662967844740e-06 5.949258552464559553e-08
8.944677065224645117e-09 -3.925889715129256946e-09 -3.754793248201508818e-08 2.096931613853348476e-07 8.854415918037173545e-06 7.777367046935644833e-07 -3.876538541615142124e-07 1.396311840920628508e-05 2.048667460974580318e-07 -3.013055998527753404e-08 -3.794419259222931049e-09 1.985622358980860016e-06 -3.452200917843732456e-11 1.028110082392621469e-06 4.138889118707336583e-04 2.216036705596696987e-08 2.762682683993214635e-04 3.195240539101148558e-05 1.162399678227541317e-05 1.531338120393616696e-06 -1.665289360979404706e-05 6.765108011221190138e-05 4.568068743292578893e-06 6.627022176905701721e-05 4.288999308136509910e-06 1.722484776160214208e-04 3.112073830286037908e-06 1.794322724791743160e-07 1.298710134418893126e-08 2.320417742726291487e-05 2.181045725742192413e-07 1.155654029926627580e-06 1.260832373428133094e-08
3.082406662028949832e-07 3.204924789562891552e-07 3.064016551598109677e-06 3.526019513851823499e-06 -4.866313773084528834e-05 -5.158805665705179326e-05 7.683273680896656173e-07 5.258742942296680347e-06 3.565051740466284255e-06 3.240334214916994420e-07 3.096352487458209598e-07 -1.505639607269712262e-07 -1.170924913599633630e-10 1.675684296402063522e-05 4.122459735857091030e-05 5.890974169314938428e-08 6.400576495161184893e-04 4.074246919558477136e-06 1.531338120393616696e-06 4.878076638579225796e-06 2.383910383381815216e-04 4.069014725864259516e-05 2.903589910124565155e-06 3.856182453805418608e-05 4.161775732910836727e-06 1.875123246754378510e-04 4.008830986707596092e-06 -1.149828303519051684e-07 5.810709424919704773e-07 1.181474424817388330e-05 7.675684863555819935e-07 7.179933821063648903e-09 6.575723089638823988e-07
1.577903923956354941e-05 1.653019370976873119e-05 1.580343875168691643e-04 1.794864452622854255e-04 -2.587583170481809296e-03 -2.662160663450756359e-03 4.318347462630327596e-05 1.393727234784201507e-04 1.815404729224157467e-04 1.695889692434196988e-05 1.597021950278208820e-05 -2.410166738382380131e-05 -5.709345589877818328e-09 8.528474306936893734e-04 -1.277140931276294321e-03 2.849685619595373145e-06 3.047062710475515260e-02 -5.113151229330163390e-05 -1.665289360979404706e-05 2.383910383381815216e-04 1.240312980726153251e-02 1.534275611845283731e-03 1.108566982127493194e-04 1.436554443588091649e-03 1.779394811169032666e-04 8.204171412359569787e-03 1.793570604093744944e-04 -7.397361348939853014e-06 2.980452372179545183e-05 3.925009738054381961e-04 3.747738984094483824e-05 -9.150468445363205700e-06 3.374570450104075290e-05
3.964456713357798306e-05 4.207192274274012471e-05 4.022157770094992061e-04 2.606511293200345210e-05 -2.287746636292742027e-04 -3.384995418236568226e-04 -7.793528259291664236e-05 7.638590535430236179e-04 1.719405721057854451e-04 3.904574134016227712e-06 4.681747615455241450e-05 2.125344778077945321e-04 -1.559636166862823955e-08 1.018879325209162863e-03 2.131818264095471788e-03 3.897376285434569935e-07 1.363971112766308377e-02 1.766997164676640023e-04 6.765108011221190138e-05 4.069014725864259516e-05 1.534275611845283731e-03 1.487075007986710063e-03 1.183236520594137595e-04 1.154098688639898030e-03 1.316502824938443179e-04 5.450582422530167795e-03 1.353824306558135267e-04 7.349322470422032123e-06 7.881196611446978479e-05 3.843215357586571334e-04 8.967936192436708307e-05 6.928450547267065926e-03 2.002164602220091248e-04
3.778105818385982767e-06 4.001074397314875064e-06 3.825101598465101825e-05 2.108451479382028881e-06 -4.516564259869930931e-06 -2.280616839936728418e-05 -8.434290583686427148e-06 9.348728984275959670e-05 1.593788100432564820e-05 2.571906669899387570e-07 4.214399899524760200e-06 9.690414058388965542e-06 -1.487685410711675473e-09 9.468672042901114653e-05 1.417002125837392153e-04 2.156676997928304976e-08 1.385199064044343766e-03 1.012441871108797264e-05 4.568068743292578893e-06 2.903589910124565155e-06 1.108566982127493194e-04 1.183236520594137595e-04 1.058627449907683659e-05 9.798433454323202704e-05 1.227748867748400488e-05 4.799853928880836590e-04 1.296790596364784266e-05 -2.365572234090248849e-07 7.389395438538882045e-06 4.062567692831890520e-05 8.559210626220968389e-06 3.912277921553474077e-04 1.463965570120800241e-05
3.828871067530387364e-05 4.064237508580550209e-05 3.885394667046231099e-04 2.445285877433890875e-05 -2.162191645674211302e-04 -3.180827969567210159e-04 -7.566501800713097117e-05 7.510684615624812956e-04 1.656307118009691846e-04 3.728816213758649329e-06 3.926398973200963933e-05 2.066860364295495687e-04 -1.507334172883068553e-08 9.818639486980679405e-04 2.095264008988768391e-03 3.664054507453667810e-07 1.307676009749102371e-02 1.739811239908033559e-04 6.627022176905701721e-05 3.856182453805418608e-05 1.436554443588091649e-03 1.154098688639898030e-03 9.798433454323202704e-05 1.114355705706480482e-03 1.265598468809859579e-04 4.851117471517937818e-03 1.235725372214400378e-04 7.225324945513372535e-06 7.614494370485389409e-05 3.575343039292910863e-04 8.649680588163950355e-05 1.409268410646985850e-04 8.588864482718650787e-05
5.422409749701784224e-06 5.755113970740315084e-06 5.501903172211456214e-05 3.052853663098109043e-06 -1.957690046162306177e-05 -3.728637185537721449e-05 -1.130092563574382496e-05 9.429308810633204457e-05 2.237597428989052719e-05 4.059323288567063913e-07 5.559967214976656935e-06 1.793279820791921923e-05 -2.090466538880773773e-09 1.342608252119878594e-04 1.203331017291376205e-04 3.190880562910803804e-08 1.717665871266491409e-03 9.470110327057235767e-06 4.288999308136509910e-06 4.161775732910836727e-06 1.779394811169032666e-04 1.316502824938443179e-04 1.227748867748400488e-05 1.265598468809859579e-04 1.623511994871264751e-05 6.088004088787793032e-04 1.663908150106285766e-05 1.561636335622671276e-08 1.066872875070428282e-05 4.162253910691082151e-05 1.215178566521391674e-05 1.344810499985213978e-05 1.204586952953512497e-05
1.967840191221514586e-04 2.090015419110273368e-04 1.998081580766429815e-03 1.347808015988473656e-04 -1.169639736501080270e-03 -1.746041375262925811e-03 -3.889051568491418468e-04 3.643462424883171704e-03 8.435254776011623119e-04 1.867282127537510638e-05 2.104727997125470384e-04 4.846446032822752134e-04 -7.529564132275378769e-08 5.004874887103472579e-03 4.931220831764796843e-03 1.661509403364475748e-06 6.655269274182960826e-02 4.035466240915177921e-04 1.722484776160214208e-04 1.875123246754378510e-04 8.204171412359569787e-03 5.450582422530167795e-03 4.799853928880836590e-04 4.851117471517937818e-03 6.088004088787793032e-04 2.372121632608423236e-02 6.274153489216041570e-04 -1.450435269143982864e-05 3.857483325811050107e-04 1.133617079989345400e-03 4.375079421199586094e-04 9.795602485429153947e-03 5.900603777139546216e-04
5.620049875373940646e-06 5.964185849397604276e-06 5.701851495135000947e-05 3.146205131512146322e-06 -1.435222023846705178e-05 -3.652214452358939893e-05 -1.234864058131149166e-05 1.018162632882782531e-04 2.248066273215077577e-05 3.333324959109474385e-07 5.900776721751845131e-06 4.217694224479511797e-06 -2.126948318960634681e-09 1.355608068282831763e-04 8.252095936544067540e-05 2.553143701174681417e-08 1.806609805371524281e-03 5.355549934315879644e-06 3.112073830286037908e-06 4.008830986707596092e-06 1.793570604093744944e-04 1.353824306558135267e-04 1.296790596364784266e-05 1.235725372214400378e-04 1.663908150106285766e-05 6.274153489216041570e-04 1.756676295289149833e-05 -1.263665306478687970e-06 1.091198586563485856e-05 3.156696277280345264e-05 1.246943427763348253e-05 1.581661937596779289e-04 1.483854505934034501e-05
-1.193676807392704317e-06 -1.272399560339683906e-06 -1.219993624833322282e-05 -1.019885830312035526e-07 1.537933318036057848e-06 1.534822441584823617e-06 2.780432443225213082e-06 -6.530673302454713471e-06 -3.860815282733055039e-06 -1.953717014042666024e-08 -1.232868762724403604e-06 6.145860565835044569e-04 -1.614715756641547571e-09 -1.541230598329303191e-05 -1.173822422961069202e-04 1.124579001450849762e-08 -1.208903644330367431e-04 5.083349491082968737e-07 1.794322724791743160e-07 -1.149828303519051684e-07 -7.397361348939853014e-06 7.349322470422032123e-06 -2.365572234090248849e-07 7.225324945513372535e-06 1.561636335622671276e-08 -1.450435269143982864e-05 -1.263665306478687970e-06 5.528305892111762460e-05 3.874243852690439788e-06 5.470671043960476185e-04 3.208922500675506850e-06 3.523856975127809678e-04 3.683492636091572246e-06
5.045667837074543067e-06 5.394500154815968127e-06 5.156871603030604962e-05 4.286731751660775541e-07 -6.434748514807484980e-06 -6.441464758449264930e-06 -1.208620067063361421e-05 2.755845062818521108e-05 1.645821525449423937e-05 6.231284096493041645e-08 5.211294373464909493e-06 5.978489463763608352e-05 -2.018542796961920297e-09 1.056280040201239138e-04 -2.775361096792288411e-05 -2.126811085385700293e-08 7.275931143667614068e-04 5.777005428953774972e-08 1.298710134418893126e-08 5.810709424919704773e-07 2.980452372179545183e-05 7.881196611446978479e-05 7.389395438538882045e-06 7.614494370485389409e-05 1.066872875070428282e-05 3.857483325811050107e-04 1.091198586563485856e-05 3.874243852690439788e-06 1.043524275930780611e-05 1.451397153821476792e-05 1.118870614205532625e-05 3.737426318826830325e-05 1.173337596223785618e-05
-1.650915810898549268e-05 -2.551033722644714327e-05 -2.438843912114167344e-04 1.448204515529753388e-05 3.319861431028919385e-04 -3.778542548374291582e-05 3.213469304846948513e-05 7.696458536016031462e-04 -6.234918541313074001e-05 -6.789030877959099023e-07 -2.464582121744226617e-05 6.042348983144769058e-03 -1.325292973753796446e-08 -3.630975930651064612e-04 -3.102859352969793497e-03 3.312901247687478036e-07 7.833104540520311257e-03 5.198594722966754062e-06 2.320417742726291487e-05 1.181474424817388330e-05 3.925009738054381961e-04 3.843215357586571334e-04 4.062567692831890520e-05 3.575343039292910863e-04 4.162253910691082151e-05 1.133617079989345400e-03 3.156696277280345264e-05 5.470671043960476185e-04 1.451397153821476792e-05 1.800383323786485315e-02 1.274000831239706041e-04 3.497107101592370967e-03 1.020380885619598265e-05
5.534745569291071172e-06 5.840859914397318080e-06 5.583970116028407453e-05 6.240749366911552881e-07 -4.050036082085846362e-06 -7.636951612560652082e-06 -1.332040142755743214e-05 3.855511443166272610e-05 1.796746700680543207e-05 6.430518529838347760e-08 5.642900247924272559e-06 5.370174166251973525e-05 -2.165951907866943544e-09 1.145964755432260794e-04 -4.712398264361228160e-05 -2.151074488267532371e-08 8.911071936114892860e-04 5.490201787774675202e-08 2.181045725742192413e-07 7.675684863555819935e-07 3.747738984094483824e-05 8.967936192436708307e-05 8.559210626220968389e-06 8.649680588163950355e-05 1.215178566521391674e-05 4.375079421199586094e-04 1.246943427763348253e-05 3.208922500675506850e-06 1.118870614205532625e-05 1.274000831239706041e-04 1.318796633267363179e-05 3.451582636825391325e-05 1.259868483855617499e-05
-1.227516566197000653e-06 -1.312286746819667121e-06 -1.254570580325615292e-05 -1.043024170270007175e-07 1.565841255715478087e-06 1.567358758588064821e-06 2.938392864913827480e-06 -6.704728952248020076e-06 -4.003163683750591186e-06 -1.527835423969690380e-08 1.424084744651631855e-04 3.938362293870975236e-03 -1.263219979309666433e-08 3.434381203806608168e-05 -7.815634465563202262e-04 4.636957606406142090e-08 1.440332746255699331e-04 3.305565662967844740e-06 1.155654029926627580e-06 7.179933821063648903e-09 -9.150468445363205700e-06 6.928450547267065926e-03 3.912277921553474077e-04 1.409268410646985850e-04 1.344810499985213978e-05 9.795602485429153947e-03 1.581661937596779289e-04 3.523856975127809678e-04 3.737426318826830325e-05 3.497107101592370967e-03 3.451582636825391325e-05 1.603024482538667750e-01 2.629099754503722713e-03
5.711373374197524952e-06 6.105790986038204752e-06 5.837249945002691200e-05 4.852969514717820939e-07 -7.285526160892774405e-06 -7.292586778797301487e-06 -1.367171672742615087e-05 3.119567708736794578e-05 1.862586877024865483e-05 7.108693111688977353e-08 8.256798149345559202e-06 5.982130629241910313e-05 -2.258225376544568448e-09 1.194417966523379532e-04 -3.001582069104682867e-05 -2.411686123616366695e-08 8.229308402197472224e-04 5.949258552464559553e-08 1.260832373428133094e-08 6.575723089638823988e-07 3.374570450104075290e-05 2.002164602220091248e-04 1.463965570120800241e-05 8.588864482718650787e-05 1.204586952953512497e-05 5.900603777139546216e-04 1.483854505934034501e-05 3.683492636091572246e-06 1.173337596223785618e-05 1.020380885619598265e-05 1.259868483855617499e-05 2.629099754503722713e-03 5.573106016550729327e-05
